0,341.971624
1,341.999643
2,342.031928
3,342.060995
4,342.084506
5,342.101747
6,342.112511
7,342.116731
8,342.114374
9,342.10542
10,342.089866
11,342.067764
12,342.039256
13,342.004592
14,341.964142
15,341.918486
16,341.869051
17,341.81938
18,341.771933
19,341.727801
20,341.687354
21,341.650667
22,341.617678
23,341.588245
24,341.562171
25,341.539228
26,341.51918
27,341.5018
28,341.486874
29,341.474217
30,341.463669
31,341.455103
32,341.448421
33,341.443555
34,341.440465
35,341.439142
36,341.439602
37,341.441885
38,341.446053
39,341.452184
40,341.460367
41,341.470689
42,341.483225
43,341.498025
44,341.515096
45,341.534374
46,341.555633
47,341.57825
48,341.60084
49,341.621408
50,341.63914
51,341.653699
52,341.664867
53,341.672491
54,341.67648
55,341.676792
56,341.673416
57,341.66635
58,341.6556
59,341.64119
60,341.62324
61,341.602197
62,341.579581
63,341.560341
64,342.056497
65,342.08626
66,342.120418
67,342.151064
68,342.175768
69,342.19381
70,342.204987
71,342.209233
72,342.2065
73,342.196731
74,342.179873
75,342.155896
76,342.124808
77,342.086592
78,342.040952
79,341.986999
80,341.924793
81,341.863982
82,341.808764
83,341.75947
84,341.715466
85,341.676169
86,341.641162
87,341.610115
88,341.582724
89,341.558697
90,341.537752
91,341.519627
92,341.504086
93,341.490923
94,341.479968
95,341.471081
96,341.464159
97,341.459129
98,341.455952
99,341.454618
100,341.455148
101,341.45759
102,341.462016
103,341.468522
104,341.477219
105,341.48823
106,341.501687
107,341.517744
108,341.536605
109,341.558569
110,341.583972
111,341.612621
112,341.642171
113,341.667209
114,341.687672
115,341.704045
116,341.716481
117,341.724982
118,341.729529
119,341.730128
120,341.726796
121,341.71955
122,341.708405
123,341.693388
124,341.674616
125,341.652544
126,341.628755
127,341.608452
128,342.247294
129,342.279795
130,342.31692
131,342.350048
132,342.376591
133,342.395827
134,342.407568
135,342.411746
136,342.408281
137,342.397047
138,342.377875
139,342.350565
140,342.31485
141,342.270102
142,342.214101
143,342.13965
144,342.034105
145,341.939926
146,341.865089
147,341.804769
148,341.754142
149,341.710435
150,341.672227
151,341.638725
152,341.609394
153,341.583807
154,341.561596
155,341.542441
156,341.526062
157,341.512222
158,341.500728
159,341.491424
160,341.484196
161,341.478967
162,341.475695
163,341.474373
164,341.475031
165,341.477729
166,341.482561
167,341.489652
168,341.499158
169,341.511275
170,341.526263
171,341.544529
172,341.566834
173,341.594695
174,341.630785
175,341.677807
176,341.731375
177,341.767691
178,341.793744
179,341.813548
180,341.828345
181,341.838482
182,341.844098
183,341.845294
184,341.842151
185,341.834727
186,341.823057
187,341.807169
188,341.787177
189,341.763544
190,341.73795
191,341.716021
192,342.693663
193,342.730125
194,342.77152
195,342.808166
196,342.837267
197,342.85811
198,342.870546
199,342.874503
200,342.869845
201,342.856326
202,342.833584
203,342.801153
204,342.758413
205,342.704106
206,342.633108
207,342.519143
208,342.252882
209,342.060224
210,341.939708
211,341.858772
212,341.797813
213,341.748033
214,341.705731
215,341.669222
216,341.63758
217,341.610176
218,341.58652
219,341.566207
220,341.548901
221,341.534323
222,341.522251
223,341.512508
224,341.504966
225,341.499541
226,341.49619
227,341.494912
228,341.495745
229,341.49877
230,341.504107
231,341.511925
232,341.522447
233,341.535976
234,341.552989
235,341.574385
236,341.602187
237,341.641257
238,341.702487
239,341.80411
240,341.947406
241,342.005796
242,342.04007
243,342.064978
244,342.083437
245,342.096166
246,342.103509
247,342.105718
248,342.102982
249,342.095429
250,342.083126
251,342.066107
252,342.04447
253,342.018679
254,341.990542
255,341.9663
256,343.902592
257,343.946008
258,343.994614
259,344.037043
260,344.070263
261,344.093638
262,344.107096
263,344.11057
264,344.103822
265,344.086389
266,344.057566
267,344.016441
268,343.962087
269,343.894202
270,343.813811
271,343.69479
272,342.737286
273,342.255996
274,342.03591
275,341.919686
276,341.844115
277,341.786772
278,341.739713
279,341.699836
280,341.665663
281,341.636301
282,341.61111
283,341.589585
284,341.571321
285,341.555992
286,341.543338
287,341.53316
288,341.525316
289,341.519712
290,341.516304
291,341.515098
292,341.516144
293,341.519544
294,341.525456
295,341.534098
296,341.545773
297,341.560932
298,341.580352
299,341.605715
300,341.641388
301,341.699772
302,341.815936
303,342.077615
304,342.607779
305,342.669765
306,342.709221
307,342.741401
308,342.765973
309,342.783171
310,342.793525
311,342.797539
312,342.795599
313,342.787954
314,342.774732
315,342.755971
316,342.731732
317,342.702447
318,342.670071
319,342.64181
320,344.115533
321,344.160012
322,344.209575
323,344.252735
324,344.286465
325,344.31015
326,344.323731
327,344.327141
328,344.32013
329,344.302208
330,344.272623
331,344.2304
332,344.174539
333,344.104805
334,344.024427
335,343.948826
336,343.69945
337,342.529561
338,342.145764
339,341.983169
340,341.89072
341,341.825167
342,341.773079
343,341.729688
344,341.692901
345,341.661538
346,341.634792
347,341.612052
348,341.592838
349,341.576772
350,341.563555
351,341.552963
352,341.544836
353,341.539074
354,341.535631
355,341.534518
356,341.535802
357,341.539608
358,341.546131
359,341.555645
360,341.568544
361,341.585434
362,341.60743
363,341.637132
364,341.681931
365,341.765689
366,341.971832
367,342.612395
368,342.749819
369,342.787786
370,342.827216
371,342.860386
372,342.885754
373,342.903519
374,342.914253
375,342.918495
376,342.916657
377,342.909004
378,342.895672
379,342.876699
380,342.852139
381,342.822415
382,342.789479
383,342.760607
384,344.2315
385,344.27861
386,344.330661
387,344.375727
388,344.410781
389,344.435262
390,344.449146
391,344.452368
392,344.444645
393,344.425413
394,344.3938
395,344.348646
396,344.288699
397,344.213452
398,344.126203
399,344.044787
400,343.893144
401,342.663516
402,342.227603
403,342.039688
404,341.93463
405,341.861825
406,341.804963
407,341.758155
408,341.718813
409,341.685498
410,341.657244
411,341.633334
412,341.613213
413,341.596447
414,341.582703
415,341.571728
416,341.563347
417,341.557449
418,341.553989
419,341.552983
420,341.554515
421,341.558733
422,341.565871
423,341.576259
424,341.590374
425,341.608965
426,341.633419
427,341.666951
428,341.718528
429,341.816031
430,342.050483
431,342.722636
432,342.805982
433,342.847107
434,342.890259
435,342.92639
436,342.953922
437,342.973209
438,342.984961
439,342.989822
440,342.988272
441,342.980618
442,342.967014
443,342.9475
444,342.922111
445,342.891243
446,342.856852
447,342.826463
448,344.339959
449,344.389889
450,344.444752
451,344.49203
452,344.528639
453,344.55406
454,344.568302
455,344.571302
456,344.562737
457,344.541962
458,344.507973
459,344.459423
460,344.394827
461,344.313465
462,344.218767
463,344.130218
464,343.981552
465,342.744411
466,342.289953
467,342.08845
468,341.974533
469,341.895761
470,341.834659
471,341.784718
472,341.743007
473,341.707877
474,341.678224
475,341.653234
476,341.63228
477,341.614878
478,341.600658
479,341.589342
480,341.580738
481,341.574728
482,341.571266
483,341.570374
484,341.572149
485,341.576765
486,341.584489
487,341.595704
488,341.610961
489,341.631122
490,341.657762
491,341.694435
492,341.750743
493,341.855551
494,342.099911
495,342.775455
496,342.857081
497,342.902074
498,342.949247
499,342.98865
500,343.018638
501,343.039681
502,343.052623
503,343.05821
504,343.056997
505,343.049338
506,343.035409
507,343.01525
508,342.988881
509,342.956675
510,342.920625
511,342.888598
512,344.439003
513,344.491579
514,344.549187
515,344.598679
516,344.63687
517,344.663258
518,344.677876
519,344.680659
520,344.671247
521,344.648919
522,344.612553
523,344.560646
524,344.491543
525,344.404422
526,344.302982
527,344.208263
528,344.058319
529,342.8067
530,342.340671
531,342.130305
532,342.00987
533,341.926295
534,341.861602
535,341.808937
536,341.765144
537,341.728414
538,341.697528
539,341.671589
540,341.649908
541,341.631954
542,341.617325
543,341.605719
544,341.59693
545,341.590833
546,341.587379
547,341.586598
548,341.588598
549,341.593576
550,341.601829
551,341.613784
552,341.630053
553,341.651583
554,341.680076
555,341.719271
556,341.779042
557,341.888588
558,342.13912
559,342.822287
560,342.904593
561,342.952915
562,343.003707
563,343.046175
564,343.078528
565,343.101296
566,343.115416
567,343.121724
568,343.120839
569,343.113158
570,343.09888
571,343.078048
572,343.050669
573,343.017109
574,342.979421
575,342.945839
576,344.519285
577,344.574049
578,344.633983
579,344.685392
580,344.724975
581,344.752229
582,344.7672
583,344.769818
584,344.759693
585,344.736042
586,344.697659
587,344.642934
588,344.570109
589,344.478353
590,344.371661
591,344.272311
592,344.121258
593,342.856753
594,342.382263
595,342.165557
596,342.040252
597,341.952928
598,341.885343
599,341.83045
600,341.784937
601,341.746883
602,341.714979
603,341.688258
604,341.665982
605,341.647582
606,341.632624
607,341.620789
608,341.611858
609,341.605698
610,341.60226
611,341.60158
612,341.603776
613,341.609062
614,341.617761
615,341.630336
616,341.647445
617,341.6701
618,341.700083
619,341.741241
620,341.803589
621,341.91651
622,342.171555
623,342.86159
624,342.944488
625,342.99529
626,343.048878
627,343.093791
628,343.128077
629,343.152274
630,343.167376
631,343.174277
632,343.173646
633,343.165915
634,343.1513
635,343.129848
636,343.10156
637,343.066805
638,343.027706
639,342.992819
640,344.579778
641,344.636219
642,344.697971
643,344.750903
644,344.791613
645,344.819589
646,344.834879
647,344.837408
648,344.826762
649,344.802118
650,344.76221
651,344.705364
652,344.629774
653,344.534633
654,344.42419
655,344.321606
656,344.169771
657,342.895844
658,342.415356
659,342.194179
660,342.065375
661,341.975293
662,341.905547
663,341.848971
664,341.802157
665,341.763101
666,341.73043
667,341.703127
668,341.680412
669,341.661685
670,341.646491
671,341.634496
672,341.625468
673,341.619272
674,341.615856
675,341.61526
676,341.617612
677,341.623138
678,341.632181
679,341.645231
680,341.662982
681,341.686487
682,341.717582
683,341.760178
684,341.824368
685,341.939657
686,342.197885
687,342.892924
688,342.976238
689,343.028752
690,343.084314
691,343.130986
692,343.166683
693,343.191928
694,343.207743
695,343.21506
696,343.214581
697,343.206761
698,343.19183
699,343.169838
700,343.140787
701,343.105054
702,343.064823
703,343.028911
704,344.621413
705,344.67903
706,344.742076
707,344.796113
708,344.837663
709,344.866201
710,344.881776
711,344.884305
712,344.87336
713,344.848091
714,344.807197
715,344.748967
716,344.671573
717,344.574243
718,344.461401
719,344.356773
720,344.204442
721,342.924471
722,342.440142
723,342.216095
724,342.085023
725,341.993139
726,341.921973
727,341.864293
728,341.81663
729,341.776928
730,341.743771
731,341.716105
732,341.693124
733,341.674205
734,341.658879
735,341.646798
736,341.637724
737,341.631517
738,341.628127
739,341.627594
740,341.630053
741,341.63574
742,341.645012
743,341.658376
744,341.67655
745,341.700614
746,341.732437
747,341.775967
748,341.841341
749,341.958133
750,342.218378
751,342.916587
752,343.000161
753,343.053736
754,343.110531
755,343.158309
756,343.19489
757,343.220782
758,343.237019
759,343.244553
760,343.244107
761,343.236152
762,343.220927
763,343.198486
764,343.168832
765,343.132351
766,343.091276
767,343.054616
768,344.645234
769,344.703542
770,344.767364
771,344.822087
772,344.864184
773,344.893121
774,344.908946
775,344.911572
776,344.900564
777,344.875055
778,344.833725
779,344.774845
780,344.696581
781,344.598177
782,344.484153
783,344.378516
784,344.22594
785,342.942962
786,342.456722
787,342.231253
788,342.099066
789,342.006306
790,341.934466
791,341.876276
792,341.828238
793,341.788268
794,341.754924
795,341.727133
796,341.704072
797,341.685107
798,341.669757
799,341.65767
800,341.648603
801,341.642413
802,341.63905
803,341.638556
804,341.641068
805,341.646829
806,341.656204
807,341.66971
808,341.688077
809,341.712401
810,341.744568
811,341.788543
812,341.854485
813,341.972001
814,342.233216
815,342.932944
816,343.016641
817,343.070712
818,343.128075
819,343.17635
820,343.213307
821,343.239446
822,343.255805
823,343.26335
824,343.262811
825,343.25467
826,343.239171
827,343.216372
828,343.186278
829,343.149282
830,343.107649
831,343.070508
832,344.651879
833,344.710404
834,344.774493
835,344.829482
836,344.871831
837,344.901004
838,344.917048
839,344.919874
840,344.909043
841,344.883685
842,344.842473
843,344.783672
844,344.705443
845,344.60703
846,344.49296
847,344.387268
848,344.234676
849,342.951498
850,342.465147
851,342.239625
852,342.107432
853,342.014708
854,341.942938
855,341.884844
856,341.836918
857,341.797069
858,341.76385
859,341.736181
860,341.713234
861,341.694374
862,341.679115
863,341.667105
864,341.658099
865,341.651954
866,341.648619
867,341.648137
868,341.650646
869,341.656391
870,341.665737
871,341.679205
872,341.697529
873,341.721809
874,341.753934
875,341.797875
876,341.863793
877,341.981297
878,342.242507
879,342.942228
880,343.025924
881,343.079971
882,343.137281
883,343.185471
884,343.22231
885,343.248299
886,343.26448
887,343.271822
888,343.271061
889,343.26268
890,343.246928
891,343.223863
892,343.193491
893,343.15621
894,343.114301
895,343.076939
896,344.641447
897,344.699718
898,344.763564
899,344.8184
900,344.860707
901,344.889952
902,344.906183
903,344.909313
904,344.898904
905,344.874091
906,344.833554
907,344.775562
908,344.698271
909,344.600903
910,344.48791
911,344.383098
912,344.230715
913,342.950098
914,342.46541
915,342.241188
916,342.110094
917,342.018317
918,341.947365
919,341.889976
920,341.842656
921,341.803325
922,341.770547
923,341.743251
924,341.720617
925,341.702014
926,341.686964
927,341.675115
928,341.666225
929,341.660153
930,341.656847
931,341.65635
932,341.658798
933,341.664433
934,341.673617
935,341.686865
936,341.704907
937,341.728836
938,341.760532
939,341.803959
940,341.869265
941,341.986028
942,342.246272
943,342.944484
944,343.028055
945,343.081567
946,343.138213
947,343.185741
948,343.221969
949,343.24741
950,343.263109
951,343.270034
952,343.268918
953,343.260242
954,343.244255
955,343.221014
956,343.190528
957,343.153193
958,343.111288
959,343.073966
960,344.613483
961,344.671018
962,344.734102
963,344.78836
964,344.830327
965,344.859481
966,344.875868
967,344.879405
968,344.869664
969,344.845794
970,344.806495
971,344.750052
972,344.674625
973,344.579394
974,344.468647
975,344.3657
976,344.213764
977,342.938608
978,342.457437
979,342.235921
980,342.10706
981,342.017159
982,341.947783
983,341.891712
984,341.84549
985,341.807072
986,341.775049
987,341.748376
988,341.726251
989,341.708059
990,341.693333
991,341.681729
992,341.673011
993,341.66704
994,341.663765
995,341.663226
996,341.665555
997,341.670988
998,341.679878
999,341.692726
1000,341.710247
1001,341.733516
1002,341.764393
1003,341.806816
1004,341.870903
1005,341.986166
1006,342.244438
1007,342.939559
1008,343.022876
1009,343.075314
1010,343.130654
1011,343.176924
1012,343.212034
1013,343.236521
1014,343.251432
1015,343.257723
1016,343.256118
1017,343.247092
1018,343.230886
1019,343.207561
1020,343.177123
1021,343.139969
1022,343.098353
1023,343.061334
1024,344.567012
1025,344.623309
1026,344.685101
1027,344.73835
1028,344.77968
1029,344.808577
1030,344.825088
1031,344.829133
1032,344.8203
1033,344.797767
1034,344.760272
1035,344.706137
1036,344.633542
1037,344.541616
1038,344.434399
1039,344.334417
1040,344.183194
1041,342.916712
1042,342.441097
1043,342.22381
1044,342.098386
1045,342.011323
1046,341.944289
1047,341.890147
1048,341.84551
1049,341.80839
1050,341.777429
1051,341.751621
1052,341.730197
1053,341.712564
1054,341.698274
1055,341.686997
1056,341.678505
1057,341.672663
1058,341.669421
1059,341.668816
1060,341.670973
1061,341.676117
1062,341.684584
1063,341.696856
1064,341.713621
1065,341.735922
1066,341.765582
1067,341.806494
1068,341.868717
1069,341.981656
1070,342.236843
1071,342.927112
1072,343.010029
1073,343.060789
1074,343.114119
1075,343.158491
1076,343.191952
1077,343.21507
1078,343.228882
1079,343.234324
1080,343.232099
1081,343.222667
1082,343.206261
1083,343.182941
1084,343.152715
1085,343.115977
1086,343.074941
1087,343.038503
1088,344.500753
1089,344.55529
1090,344.615247
1091,344.66706
1092,344.707458
1093,344.735938
1094,344.752538
1095,344.757184
1096,344.749487
1097,344.728669
1098,344.69353
1099,344.642465
1100,344.573706
1101,344.486343
1102,344.384099
1103,344.288369
1104,344.138169
1105,342.883959
1106,342.416215
1107,342.204875
1108,342.084198
1109,342.000975
1110,341.937057
1111,341.885444
1112,341.842859
1113,341.807406
1114,341.777797
1115,341.753083
1116,341.732538
1117,341.715605
1118,341.701858
1119,341.690986
1120,341.682772
1121,341.677087
1122,341.673883
1123,341.673191
1124,341.675127
1125,341.6799
1126,341.687826
1127,341.699355
1128,341.715139
1129,341.736171
1130,341.764213
1131,341.803084
1132,341.862739
1133,341.972419
1134,342.223248
1135,342.906681
1136,342.989027
1137,343.037401
1138,343.087927
1139,343.129707
1140,343.160968
1141,343.1823
1142,343.194709
1143,343.199095
1144,343.196125
1145,343.186236
1146,343.16965
1147,343.146421
1148,343.116569
1149,343.080481
1150,343.040322
1151,343.00475
1152,344.413936
1153,344.466184
1154,344.523787
1155,344.573769
1156,344.612972
1157,344.64089
1158,344.657545
1159,344.662864
1160,344.656492
1161,344.637712
1162,344.605417
1163,344.558119
1164,344.49416
1165,344.412648
1166,344.316955
1167,344.226983
1168,344.078147
1169,342.83968
1170,342.382492
1171,342.179158
1172,342.064709
1173,341.986382
1174,341.926348
1175,341.877836
1176,341.837741
1177,341.804292
1178,341.7763
1179,341.752887
1180,341.733386
1181,341.717279
1182,341.704174
1183,341.69378
1184,341.685894
1185,341.680395
1186,341.677235
1187,341.67644
1188,341.678114
1189,341.682446
1190,341.689725
1191,341.700362
1192,341.714957
1193,341.734433
1194,341.76046
1195,341.796728
1196,341.853015
1197,341.958308
1198,342.203289
1199,342.877929
1200,342.959514
1201,343.004671
1202,343.051523
1203,343.090004
1204,343.118534
1205,343.137696
1206,343.148437
1207,343.15159
1208,343.147772
1209,343.137387
1210,343.120638
1211,343.097582
1212,343.068245
1213,343.033023
1214,342.994026
1215,342.959612
1216,344.309182
1217,344.358701
1218,344.413568
1219,344.461452
1220,344.49929
1221,344.52655
1222,344.543227
1223,344.549248
1224,344.544293
1225,344.527724
1226,344.498554
1227,344.455461
1228,344.396972
1229,344.322314
1230,344.234573
1231,344.151883
1232,344.004357
1233,342.781976
1234,342.339008
1235,342.146617
1236,342.040231
1237,341.967933
1238,341.912524
1239,341.867636
1240,341.830415
1241,341.799264
1242,341.773117
1243,341.751187
1244,341.732871
1245,341.717704
1246,341.705328
1247,341.695478
1248,341.687967
1249,341.682682
1250,341.679575
1251,341.678668
1252,341.680049
1253,341.683885
1254,341.69043
1255,341.700049
1256,341.713275
1257,341.730938
1258,341.754566
1259,341.787629
1260,341.839552
1261,341.938838
1262,342.175904
1263,342.841388
1264,342.922231
1265,342.963328
1266,343.005733
1267,343.040364
1268,343.065798
1269,343.082555
1270,343.091476
1271,343.093306
1272,343.088595
1273,343.077702
1274,343.060813
1275,343.037986
1276,343.009262
1277,342.975055
1278,342.937431
1279,342.904418
1280,344.20234
1281,344.249138
1282,344.301401
1283,344.347337
1284,344.383916
1285,344.410562
1286,344.427236
1287,344.433863
1288,344.430157
1289,344.415556
1290,344.389196
1291,344.34993
1292,344.296516
1293,344.228395
1294,344.148534
1295,344.073337
1296,343.916651
1297,342.700811
1298,342.282373
1299,342.106839
1300,342.011173
1301,341.946156
1302,341.896059
1303,341.85523
1304,341.821195
1305,341.792577
1306,341.768459
1307,341.748158
1308,341.731146
1309,341.717013
1310,341.705441
1311,341.696192
1312,341.689099
1313,341.684056
1314,341.681017
1315,341.679996
1316,341.681066
1317,341.684368
1318,341.690116
1319,341.698624
1320,341.710342
1321,341.72598
1322,341.746858
1323,341.776049
1324,341.822161
1325,341.912182
1326,342.135559
1327,342.796551
1328,342.882297
1329,342.919216
1330,342.957222
1331,342.988187
1332,343.010758
1333,343.025332
1334,343.032626
1335,343.033285
1336,343.027792
1337,343.016465
1338,342.999472
1339,342.97687
1340,342.948722
1341,342.915468
1342,342.879163
1343,342.847556
1344,344.07187
1345,344.116416
1346,344.166668
1347,344.21114
1348,344.246782
1349,344.272966
1350,344.289624
1351,344.296679
1352,344.293871
1353,344.280696
1354,344.256385
1355,344.219939
1356,344.17031
1357,344.107104
1358,344.032757
1359,343.958238
1360,343.56405
1361,342.544885
1362,342.203612
1363,342.059127
1364,341.978195
1365,341.92177
1366,341.877536
1367,341.841076
1368,341.810438
1369,341.784517
1370,341.762559
1371,341.743993
1372,341.728375
1373,341.71535
1374,341.704643
1375,341.696047
1376,341.68941
1377,341.684638
1378,341.681685
1379,341.680557
1380,341.681311
1381,341.684061
1382,341.68898
1383,341.696322
1384,341.706448
1385,341.71992
1386,341.737772
1387,341.762395
1388,341.800515
1389,341.873506
1390,342.054307
1391,342.606124
1392,342.821041
1393,342.857502
1394,342.892417
1395,342.920628
1396,342.941067
1397,342.954037
1398,342.960147
1399,342.95996
1400,342.953907
1401,342.942274
1402,342.925214
1403,342.902787
1404,342.875071
1405,342.842535
1406,342.807248
1407,342.776807
1408,343.703773
1409,343.746304
1410,343.794696
1411,343.837784
1412,343.872526
1413,343.898259
1414,343.914891
1415,343.922344
1416,343.920382
1417,343.908554
1418,343.886177
1419,343.852372
1420,343.806205
1421,343.747017
1422,343.672814
1423,343.541561
1424,342.711061
1425,342.295075
1426,342.105128
1427,342.006064
1428,341.942879
1429,341.895773
1430,341.857641
1431,341.825675
1432,341.798529
1433,341.775385
1434,341.755661
1435,341.738898
1436,341.724733
1437,341.712869
1438,341.703075
1439,341.695171
1440,341.689026
1441,341.684553
1442,341.681709
1443,341.680492
1444,341.680941
1445,341.683143
1446,341.68723
1447,341.693396
1448,341.701911
1449,341.713179
1450,341.727902
1451,341.747586
1452,341.776099
1453,341.824267
1454,341.922201
1455,342.143953
1456,342.593229
1457,342.660189
1458,342.694901
1459,342.720844
1460,342.739329
1461,342.750796
1462,342.755788
1463,342.754801
1464,342.748219
1465,342.736298
1466,342.719179
1467,342.696923
1468,342.66962
1469,342.637762
1470,342.603415
1471,342.574015
1472,342.587581
1473,342.623061
1474,342.664095
1475,342.701421
1476,342.732331
1477,342.756117
1478,342.77262
1479,342.781764
1480,342.783412
1481,342.777329
1482,342.76317
1483,342.74048
1484,342.708631
1485,342.666243
1486,342.607879
1487,342.508579
1488,342.281946
1489,342.120164
1490,342.020831
1491,341.955723
1492,341.907799
1493,341.869346
1494,341.83709
1495,341.809533
1496,341.785851
1497,341.765486
1498,341.748012
1499,341.733079
1500,341.720397
1501,341.709728
1502,341.70088
1503,341.693701
1504,341.688079
1505,341.683935
1506,341.681228
1507,341.679947
1508,341.680117
1509,341.681797
1510,341.685082
1511,341.690108
1512,341.697061
1513,341.706202
1514,341.717947
1515,341.733085
1516,341.753382
1517,341.783041
1518,341.831379
1519,341.913861
1520,342.031875
1521,342.08013
1522,342.105625
1523,342.122055
1524,342.132446
1525,342.137579
1526,342.137814
1527,342.133409
1528,342.124561
1529,342.111409
1530,342.09404
1531,342.072514
1532,342.046967
1533,342.017919
1534,341.98728
1535,341.961505
1536,342.163288
1537,342.194634
1538,342.231228
1539,342.264992
1540,342.293491
1541,342.316033
1542,342.332435
1543,342.342625
1544,342.346527
1545,342.344023
1546,342.334953
1547,342.319119
1548,342.296235
1549,342.265623
1550,342.225075
1551,342.168094
1552,342.085012
1553,342.011971
1554,341.955415
1555,341.911004
1556,341.874481
1557,341.843398
1558,341.816504
1559,341.79311
1560,341.772762
1561,341.755108
1562,341.739852
1563,341.726738
1564,341.715544
1565,341.706084
1566,341.698202
1567,341.691773
1568,341.686701
1569,341.682918
1570,341.68038
1571,341.679072
1572,341.679003
1573,341.680208
1574,341.682747
1575,341.686707
1576,341.692202
1577,341.699384
1578,341.708464
1579,341.719786
1580,341.73401
1581,341.752451
1582,341.777421
1583,341.811285
1584,341.850508
1585,341.875265
1586,341.890776
1587,341.900587
1588,341.905911
1589,341.907127
1590,341.904401
1591,341.897848
1592,341.887565
1593,341.873627
1594,341.856088
1595,341.835011
1596,341.810545
1597,341.78321
1598,341.754784
1599,341.731112
1600,341.965154
1601,341.993402
1602,342.02666
1603,342.057719
1604,342.084365
1605,342.105937
1606,342.122243
1607,342.133221
1608,342.138829
1609,342.139025
1610,342.133764
1611,342.123013
1612,342.106745
1613,342.084866
1614,342.056979
1615,342.02216
1616,341.980455
1617,341.939822
1618,341.903521
1619,341.871621
1620,341.843459
1621,341.81849
1622,341.796353
1623,341.776788
1624,341.759576
1625,341.744511
1626,341.731401
1627,341.720066
1628,341.710343
1629,341.70209
1630,341.695184
1631,341.689524
1632,341.685029
1633,341.681637
1634,341.679307
1635,341.678016
1636,341.67776
1637,341.678553
1638,341.680426
1639,341.683425
1640,341.687608
1641,341.693046
1642,341.699823
1643,341.708048
1644,341.71789
1645,341.729625
1646,341.743593
1647,341.759739
1648,341.776262
1649,341.788785
1650,341.797256
1651,341.802173
1652,341.803752
1653,341.802048
1654,341.797083
1655,341.788884
1656,341.777484
1657,341.76292
1658,341.74523
1659,341.724472
1660,341.700805
1661,341.674738
1662,341.647939
1663,341.625815
1664,341.847519
1665,341.873225
1666,341.903734
1667,341.932545
1668,341.957635
1669,341.97838
1670,341.994592
1671,342.006212
1672,342.013228
1673,342.01564
1674,342.013474
1675,342.00679
1676,341.995703
1677,341.980382
1678,341.96104
1679,341.937987
1680,341.912094
1681,341.885698
1682,341.860336
1683,341.836643
1684,341.814825
1685,341.794935
1686,341.776965
1687,341.760865
1688,341.746552
1689,341.733921
1690,341.722856
1691,341.713238
1692,341.704952
1693,341.697892
1694,341.691965
1695,341.687088
1696,341.683194
1697,341.680227
1698,341.678147
1699,341.676925
1700,341.676545
1701,341.677005
1702,341.678309
1703,341.680472
1704,341.68351
1705,341.687439
1706,341.692267
1707,341.697991
1708,341.704585
1709,341.711996
1710,341.720091
1711,341.728505
1712,341.736381
1713,341.742427
1714,341.746156
1715,341.747392
1716,341.746021
1717,341.741956
1718,341.735142
1719,341.725557
1720,341.7132
1721,341.698084
1722,341.680236
1723,341.659714
1724,341.636678
1725,341.611624
1726,341.586126
1727,341.565239
1728,341.763601
1729,341.787162
1730,341.815339
1731,341.842226
1732,341.865971
1733,341.885992
1734,341.902107
1735,341.914265
1736,341.922467
1737,341.926742
1738,341.927153
1739,341.923805
1740,341.916869
1741,341.906592
1742,341.893318
1743,341.877521
1744,341.859907
1745,341.841484
1746,341.823103
1747,341.805333
1748,341.788526
1749,341.772895
1750,341.758558
1751,341.74556
1752,341.733896
1753,341.723526
1754,341.714388
1755,341.70641
1756,341.699515
1757,341.693628
1758,341.688676
1759,341.684594
1760,341.681325
1761,341.67882
1762,341.677037
1763,341.675943
1764,341.675512
1765,341.675726
1766,341.676571
1767,341.678035
1768,341.680106
1769,341.682762
1770,341.685969
1771,341.68967
1772,341.693772
1773,341.698135
1774,341.702546
1775,341.706679
1776,341.710056
1777,341.712117
1778,341.712471
1779,341.710861
1780,341.707101
1781,341.701067
1782,341.692675
1783,341.681884
1784,341.668674
1785,341.653048
1786,341.635026
1787,341.614667
1788,341.592131
1789,341.567896
1790,341.543458
1791,341.52358
1792,341.6974
1793,341.719135
1794,341.745314
1795,341.770541
1796,341.793117
1797,341.812498
1798,341.828513
1799,341.841118
1800,341.850321
1801,341.856166
1802,341.85873
1803,341.858136
1804,341.854563
1805,341.84826
1806,341.839556
1807,341.82887
1808,341.816723
1809,341.803712
1810,341.790387
1811,341.777196
1812,341.764469
1813,341.752441
1814,341.741265
1815,341.731026
1816,341.721762
1817,341.713475
1818,341.706142
1819,341.699721
1820,341.694167
1821,341.689425
1822,341.685442
1823,341.682167
1824,341.67955
1825,341.677546
1826,341.676112
1827,341.675211
1828,341.674808
1829,341.674874
1830,341.675377
1831,341.676287
1832,341.67757
1833,341.67918
1834,341.681061
1835,341.68313
1836,341.685276
1837,341.687349
1838,341.689148
1839,341.690416
1840,341.690843
1841,341.690098
1842,341.687898
1843,341.684019
1844,341.67829
1845,341.670588
1846,341.660832
1847,341.648973
1848,341.634988
1849,341.618877
1850,341.60066
1851,341.580395
1852,341.558241
1853,341.534661
1854,341.51108
1855,341.492021
1856,341.642687
1857,341.662861
1858,341.687323
1859,341.711115
1860,341.73267
1861,341.751484
1862,341.767397
1863,341.780368
1864,341.79041
1865,341.797571
1866,341.801932
1867,341.803615
1868,341.802787
1869,341.799671
1870,341.79455
1871,341.787763
1872,341.779698
1873,341.770774
1874,341.761385
1875,341.751881
1876,341.74254
1877,341.73358
1878,341.725153
1879,341.717363
1880,341.710266
1881,341.70389
1882,341.698237
1883,341.693291
1884,341.689024
1885,341.685401
1886,341.682383
1887,341.679928
1888,341.677992
1889,341.676532
1890,341.675505
1891,341.674869
1892,341.674582
1893,341.674601
1894,341.674886
1895,341.675389
1896,341.676059
1897,341.676839
1898,341.677655
1899,341.678419
1900,341.679016
1901,341.679307
1902,341.679121
1903,341.678258
1904,341.676496
1905,341.673606
1906,341.669383
1907,341.663649
1908,341.656268
1909,341.647135
1910,341.636181
1911,341.623363
1912,341.608662
1913,341.592079
1914,341.573637
1915,341.553397
1916,341.531516
1917,341.508441
1918,341.485541
1919,341.467142
1920,341.596487
1921,341.615321
1922,341.638303
1923,341.660851
1924,341.681515
1925,341.699826
1926,341.715634
1927,341.728901
1928,341.739642
1929,341.747902
1930,341.75376
1931,341.757327
1932,341.758753
1933,341.758227
1934,341.755984
1935,341.752293
1936,341.747455
1937,341.741781
1938,341.735574
1939,341.729106
1940,341.722612
1941,341.716278
1942,341.71025
1943,341.70463
1944,341.699488
1945,341.694863
1946,341.690774
1947,341.687221
1948,341.684192
1949,341.681664
1950,341.679609
1951,341.67799
1952,341.67677
1953,341.675904
1954,341.675349
1955,341.675057
1956,341.674978
1957,341.675062
1958,341.675254
1959,341.675497
1960,341.675728
1961,341.675877
1962,341.675865
1963,341.675598
1964,341.67497
1965,341.673854
1966,341.672109
1967,341.669576
1968,341.666089
1969,341.661481
1970,341.6556
1971,341.648316
1972,341.639521
1973,341.629137
1974,341.617112
1975,341.603414
1976,341.588034
1977,341.570978
1978,341.552275
1979,341.531989
1980,341.510277
1981,341.487574
1982,341.4652
1983,341.44732
1984,341.557023
1985,341.574703
1986,341.596406
1987,341.617873
1988,341.637756
1989,341.655619
1990,341.671321
1991,341.684826
1992,341.696146
1993,341.705324
1994,341.712429
1995,341.71756
1996,341.720846
1997,341.722446
1998,341.722551
1999,341.721377
2000,341.71916
2001,341.716142
2002,341.712559
2003,341.708631
2004,341.704551
2005,341.700481
2006,341.696551
2007,341.692861
2008,341.689483
2009,341.686464
2010,341.683833
2011,341.681601
2012,341.679766
2013,341.678315
2014,341.677226
2015,341.676467
2016,341.676002
2017,341.675789
2018,341.675778
2019,341.675917
2020,341.676149
2021,341.676414
2022,341.676646
2023,341.676778
2024,341.676736
2025,341.676442
2026,341.675812
2027,341.674753
2028,341.673163
2029,341.670932
2030,341.66794
2031,341.664062
2032,341.65917
2033,341.653142
2034,341.645866
2035,341.637248
2036,341.627214
2037,341.615709
2038,341.6027
2039,341.588173
2040,341.572128
2041,341.554582
2042,341.535572
2043,341.515166
2044,341.493522
2045,341.471067
2046,341.449081
2047,341.4316
2048,341.52305
2049,341.53973
2050,341.560323
2051,341.580848
2052,341.600047
2053,341.617511
2054,341.633108
2055,341.646802
2056,341.658603
2057,341.668547
2058,341.676695
2059,341.68313
2060,341.687962
2061,341.691323
2062,341.693368
2063,341.694272
2064,341.69422
2065,341.693407
2066,341.692021
2067,341.690241
2068,341.688228
2069,341.686121
2070,341.684037
2071,341.682069
2072,341.680289
2073,341.678749
2074,341.677482
2075,341.676508
2076,341.675832
2077,341.675446
2078,341.675333
2079,341.675466
2080,341.675807
2081,341.676313
2082,341.67693
2083,341.677599
2084,341.678254
2085,341.678825
2086,341.679236
2087,341.679407
2088,341.679257
2089,341.678698
2090,341.677643
2091,341.675999
2092,341.67367
2093,341.670556
2094,341.666558
2095,341.661574
2096,341.655507
2097,341.64827
2098,341.639783
2099,341.629984
2100,341.618827
2101,341.606283
2102,341.59234
2103,341.577001
2104,341.560282
2105,341.542212
2106,341.522836
2107,341.502231
2108,341.480556
2109,341.458231
2110,341.436506
2111,341.419317
2112,341.493614
2113,341.509424
2114,341.529049
2115,341.548752
2116,341.567349
2117,341.584459
2118,341.599954
2119,341.6138
2120,341.626002
2121,341.63659
2122,341.645615
2123,341.653147
2124,341.659275
2125,341.66411
2126,341.667777
2127,341.670416
2128,341.672179
2129,341.673221
2130,341.673695
2131,341.67375
2132,341.673522
2133,341.67313
2134,341.67268
2135,341.672258
2136,341.671934
2137,341.671762
2138,341.671779
2139,341.672011
2140,341.672466
2141,341.673143
2142,341.674028
2143,341.675094
2144,341.676303
2145,341.677609
2146,341.678951
2147,341.680262
2148,341.681466
2149,341.68248
2150,341.683218
2151,341.683587
2152,341.683494
2153,341.682844
2154,341.681544
2155,341.679499
2156,341.676618
2157,341.672811
2158,341.667992
2159,341.662081
2160,341.655006
2161,341.646704
2162,341.637127
2163,341.626241
2164,341.614027
2165,341.60048
2166,341.585613
2167,341.569448
2168,341.552018
2169,341.533369
2170,341.513555
2171,341.492662
2172,341.470854
2173,341.448546
2174,341.426966
2175,341.409972
2176,341.467954
2177,341.483005
2178,341.501784
2179,341.520765
2180,341.538834
2181,341.555629
2182,341.57103
2183,341.585001
2184,341.597543
2185,341.608679
2186,341.61845
2187,341.626913
2188,341.634141
2189,341.640223
2190,341.645261
2191,341.64937
2192,341.652672
2193,341.655293
2194,341.657362
2195,341.659001
2196,341.660327
2197,341.661446
2198,341.662452
2199,341.663426
2200,341.664437
2201,341.665539
2202,341.666774
2203,341.66817
2204,341.669741
2205,341.67149
2206,341.673404
2207,341.675457
2208,341.677611
2209,341.679812
2210,341.681993
2211,341.684077
2212,341.685974
2213,341.687589
2214,341.688816
2215,341.689552
2216,341.689688
2217,341.689121
2218,341.687747
2219,341.685471
2220,341.682202
2221,341.677857
2222,341.672363
2223,341.665655
2224,341.657683
2225,341.648408
2226,341.637808
2227,341.625875
2228,341.612618
2229,341.59806
2230,341.582237
2231,341.565196
2232,341.54699
2233,341.52768
2234,341.507338
2235,341.486057
2236,341.464007
2237,341.441605
2238,341.420059
2239,341.403172
2240,341.445455
2241,341.459839
2242,341.477876
2243,341.496224
2244,341.513829
2245,341.530348
2246,341.545666
2247,341.559744
2248,341.572581
2249,341.584193
2250,341.594609
2251,341.603875
2252,341.612049
2253,341.619203
2254,341.625418
2255,341.630787
2256,341.635411
2257,341.639394
2258,341.642844
2259,341.645864
2260,341.648557
2261,341.651016
2262,341.653329
2263,341.655574
2264,341.657817
2265,341.660114
2266,341.662511
2267,341.665041
2268,341.667723
2269,341.670563
2270,341.673552
2271,341.676663
2272,341.679854
2273,341.683067
2274,341.686225
2275,341.689236
2276,341.691996
2277,341.694389
2278,341.696293
2279,341.697582
2280,341.698133
2281,341.697827
2282,341.696551
2283,341.694203
2284,341.690693
2285,341.685941
2286,341.679883
2287,341.672469
2288,341.663667
2289,341.65346
2290,341.641851
2291,341.628861
2292,341.614525
2293,341.598899
2294,341.582044
2295,341.564036
2296,341.544952
2297,341.524874
2298,341.503889
2299,341.482105
2300,341.459698
2301,341.437084
2302,341.415465
2303,341.398603
2304,341.425611
2305,341.439409
2306,341.456792
2307,341.474585
2308,341.491785
2309,341.508066
2310,341.523315
2311,341.537496
2312,341.550599
2313,341.562633
2314,341.573621
2315,341.583595
2316,341.592599
2317,341.600688
2318,341.607929
2319,341.614396
2320,341.620172
2321,341.625344
2322,341.630003
2323,341.63424
2324,341.638145
2325,341.641804
2326,341.645299
2327,341.648706
2328,341.652093
2329,341.655519
2330,341.659034
2331,341.662678
2332,341.666476
2333,341.670439
2334,341.674561
2335,341.678818
2336,341.683162
2337,341.687529
2338,341.69183
2339,341.695955
2340,341.69978
2341,341.703164
2342,341.70596
2343,341.708017
2344,341.709189
2345,341.709338
2346,341.708338
2347,341.706076
2348,341.702459
2349,341.69741
2350,341.690872
2351,341.682807
2352,341.673199
2353,341.662054
2354,341.6494
2355,341.635287
2356,341.619783
2357,341.602976
2358,341.584964
2359,341.565852
2360,341.545747
2361,341.524758
2362,341.50299
2363,341.480566
2364,341.457672
2365,341.434727
2366,341.412926
2367,341.396009
2368,341.408008
2369,341.421287
2370,341.438095
2371,341.455402
2372,341.472252
2373,341.488332
2374,341.503535
2375,341.517821
2376,341.531176
2377,341.543603
2378,341.555112
2379,341.565725
2380,341.575474
2381,341.5844
2382,341.592553
2383,341.599993
2384,341.606787
2385,341.613011
2386,341.618742
2387,341.624061
2388,341.629049
2389,341.633789
2390,341.638359
2391,341.642836
2392,341.64729
2393,341.651786
2394,341.656384
2395,341.66113
2396,341.666058
2397,341.671188
2398,341.67652
2399,341.682029
2400,341.687668
2401,341.693363
2402,341.699009
2403,341.704477
2404,341.709613
2405,341.714246
2406,341.718194
2407,341.721272
2408,341.723304
2409,341.724125
2410,341.723591
2411,341.721578
2412,341.717984
2413,341.712734
2414,341.705775
2415,341.69708
2416,341.68665
2417,341.674513
2418,341.660723
2419,341.645362
2420,341.628538
2421,341.610377
2422,341.591019
2423,341.570609
2424,341.549293
2425,341.527207
2426,341.504483
2427,341.481258
2428,341.457731
2429,341.434323
2430,341.41223
2431,341.395179
2432,341.392301
2433,341.405121
2434,341.421422
2435,341.438305
2436,341.454857
2437,341.470778
2438,341.485962
2439,341.500368
2440,341.513977
2441,341.526783
2442,341.538788
2443,341.550001
2444,341.56044
2445,341.570131
2446,341.579113
2447,341.587432
2448,341.595143
2449,341.60231
2450,341.609002
2451,341.615292
2452,341.621257
2453,341.626975
2454,341.632526
2455,341.637989
2456,341.64344
2457,341.648956
2458,341.654604
2459,341.660444
2460,341.666525
2461,341.672877
2462,341.679509
2463,341.686403
2464,341.693509
2465,341.700744
2466,341.707988
2467,341.715082
2468,341.721838
2469,341.72804
2470,341.733458
2471,341.737864
2472,341.741038
2473,341.742784
2474,341.742932
2475,341.74134
2476,341.7379
2477,341.732532
2478,341.725189
2479,341.715855
2480,341.704544
2481,341.691308
2482,341.67623
2483,341.659429
2484,341.641057
2485,341.621291
2486,341.600325
2487,341.578355
2488,341.555572
2489,341.532153
2490,341.508256
2491,341.48404
2492,341.459712
2493,341.435699
2494,341.413197
2495,341.395935
2496,341.378204
2497,341.390615
2498,341.406471
2499,341.42299
2500,341.439295
2501,341.455099
2502,341.470299
2503,341.484852
2504,341.498733
2505,341.511929
2506,341.524428
2507,341.536226
2508,341.547326
2509,341.557742
2510,341.567498
2511,341.576629
2512,341.58518
2513,341.593206
2514,341.600769
2515,341.607937
2516,341.614786
2517,341.621392
2518,341.627838
2519,341.634209
2520,341.640592
2521,341.647074
2522,341.653739
2523,341.660667
2524,341.667926
2525,341.675563
2526,341.683604
2527,341.692039
2528,341.700822
2529,341.709861
2530,341.719016
2531,341.728097
2532,341.736864
2533,341.745043
2534,341.752336
2535,341.758451
2536,341.763113
2537,341.766084
2538,341.76716
2539,341.766182
2540,341.763031
2541,341.757623
2542,341.749914
2543,341.739897
2544,341.727602
2545,341.713101
2546,341.696511
2547,341.677993
2548,341.657753
2549,341.636033
2550,341.613096
2551,341.58921
2552,341.564628
2553,341.539573
2554,341.514238
2555,341.488801
2556,341.46348
2557,341.438704
2558,341.415671
2559,341.398119
2560,341.365475
2561,341.377523
2562,341.392989
2563,341.409198
2564,341.425307
2565,341.441042
2566,341.456303
2567,341.471044
2568,341.485236
2569,341.498854
2570,341.511873
2571,341.524272
2572,341.536036
2573,341.547163
2574,341.557664
2575,341.567565
2576,341.5769
2577,341.585719
2578,341.59408
2579,341.602049
2580,341.609699
2581,341.61711
2582,341.62437
2583,341.631572
2584,341.638814
2585,341.646203
2586,341.653846
2587,341.661847
2588,341.670305
2589,341.679296
2590,341.688867
2591,341.699028
2592,341.70974
2593,341.720909
2594,341.732376
2595,341.74391
2596,341.755207
2597,341.765902
2598,341.775599
2599,341.783912
2600,341.790495
2601,341.795053
2602,341.797351
2603,341.797206
2604,341.794489
2605,341.789113
2606,341.781037
2607,341.77026
2608,341.756826
2609,341.740828
2610,341.722415
2611,341.701797
2612,341.679243
2613,341.65508
2614,341.62967
2615,341.603384
2616,341.57656
2617,341.549482
2618,341.52238
2619,341.495449
2620,341.468913
2621,341.4432
2622,341.419505
2623,341.401584
2624,341.353908
2625,341.365634
2626,341.380761
2627,341.396711
2628,341.412678
2629,341.428398
2630,341.443775
2631,341.458765
2632,341.473333
2633,341.487441
2634,341.501045
2635,341.514097
2636,341.526559
2637,341.538414
2638,341.549658
2639,341.560307
2640,341.570391
2641,341.579955
2642,341.589055
2643,341.597755
2644,341.606132
2645,341.614269
2646,341.62226
2647,341.630208
2648,341.638228
2649,341.646448
2650,341.655004
2651,341.664041
2652,341.673702
2653,341.684107
2654,341.69534
2655,341.707439
2656,341.720386
2657,341.734094
2658,341.748396
2659,341.763019
2660,341.777575
2661,341.791554
2662,341.804385
2663,341.815546
2664,341.824601
2665,341.831199
2666,341.835068
2667,341.836009
2668,341.833886
2669,341.828613
2670,341.820149
2671,341.8085
2672,341.793718
2673,341.77591
2674,341.755256
2675,341.732009
2676,341.706515
2677,341.679202
2678,341.650585
2679,341.621205
2680,341.591531
2681,341.561924
2682,341.532644
2683,341.503895
2684,341.475891
2685,341.449048
2686,341.424553
2687,341.40618
2688,341.343326
2689,341.354765
2690,341.369599
2691,341.385343
2692,341.401222
2693,341.416987
2694,341.432552
2695,341.447878
2696,341.462931
2697,341.477659
2698,341.491983
2699,341.505803
2700,341.519047
2701,341.531681
2702,341.543692
2703,341.555091
2704,341.565905
2705,341.576179
2706,341.585968
2707,341.59534
2708,341.604374
2709,341.613157
2710,341.62179
2711,341.630387
2712,341.639079
2713,341.648017
2714,341.657372
2715,341.667345
2716,341.678162
2717,341.690014
2718,341.703036
2719,341.717311
2720,341.732859
2721,341.749634
2722,341.767493
2723,341.786156
2724,341.805131
2725,341.823638
2726,341.840717
2727,341.855642
2728,341.867898
2729,341.877099
2730,341.882961
2731,341.885282
2732,341.883932
2733,341.878831
2734,341.869943
2735,341.857272
2736,341.84087
2737,341.820848
2738,341.797392
2739,341.770787
2740,341.741424
2741,341.709843
2742,341.676808
2743,341.643226
2744,341.609801
2745,341.576972
2746,341.544995
2747,341.514039
2748,341.484279
2749,341.456098
2750,341.430659
2751,341.411753
2752,341.333572
2753,341.344756
2754,341.359341
2755,341.374927
2756,341.390774
2757,341.406656
2758,341.422505
2759,341.438305
2760,341.454043
2761,341.469665
2762,341.485018
2763,341.499852
2764,341.514038
2765,341.527547
2766,341.540381
2767,341.552553
2768,341.564095
2769,341.575056
2770,341.585496
2771,341.595486
2772,341.605108
2773,341.614455
2774,341.623631
2775,341.63276
2776,341.641979
2777,341.651449
2778,341.661361
2779,341.671993
2780,341.683774
2781,341.697021
2782,341.71193
2783,341.728634
2784,341.74723
2785,341.767781
2786,341.790295
2787,341.814644
2788,341.840294
2789,341.865857
2790,341.889166
2791,341.909251
2792,341.9257
2793,341.938221
2794,341.946586
2795,341.950631
2796,341.950255
2797,341.945397
2798,341.936029
2799,341.922149
2800,341.903789
2801,341.881033
2802,341.854035
2803,341.823026
2804,341.788309
2805,341.750381
2806,341.710458
2807,341.670541
2808,341.631827
2809,341.594743
2810,341.559382
2811,341.525753
2812,341.493916
2813,341.464175
2814,341.437647
2815,341.418128
2816,341.324508
2817,341.335464
2818,341.349837
2819,341.365312
2820,341.381188
2821,341.397271
2822,341.41354
2823,341.430054
2824,341.446906
2825,341.464115
2826,341.481351
2827,341.497783
2828,341.513209
2829,341.527754
2830,341.541501
2831,341.554494
2832,341.566781
2833,341.578421
2834,341.589482
2835,341.600042
2836,341.610189
2837,341.620015
2838,341.629626
2839,341.639139
2840,341.648674
2841,341.658341
2842,341.668233
2843,341.678665
2844,341.690787
2845,341.705149
2846,341.721949
2847,341.741336
2848,341.763528
2849,341.788876
2850,341.817932
2851,341.851371
2852,341.889215
2853,341.928586
2854,341.96233
2855,341.989883
2856,342.011915
2857,342.028679
2858,342.040173
2859,342.04635
2860,342.047178
2861,342.042641
2862,342.03272
2863,342.017396
2864,341.996655
2865,341.970508
2866,341.938982
2867,341.902043
2868,341.859361
2869,341.810366
2870,341.757029
2871,341.705649
2872,341.65852
2873,341.615446
2874,341.575733
2875,341.538863
2876,341.504597
2877,341.47307
2878,341.445312
2879,341.425108
2880,341.316005
2881,341.326756
2882,341.340951
2883,341.356358
2884,341.372323
2885,341.388711
2886,341.405607
2887,341.423296
2888,341.442288
2889,341.463105
2890,341.485081
2891,341.504663
2892,341.521837
2893,341.537638
2894,341.552431
2895,341.566332
2896,341.579411
2897,341.591747
2898,341.603421
2899,341.614521
2900,341.625138
2901,341.635362
2902,341.64529
2903,341.655008
2904,341.664558
2905,341.673805
2906,341.682204
2907,341.689397
2908,341.699878
2909,341.714484
2910,341.732965
2911,341.755249
2912,341.781718
2913,341.813426
2914,341.852598
2915,341.903162
2916,341.96919
2917,342.045116
2918,342.099213
2919,342.138006
2920,342.167532
2921,342.189756
2922,342.205199
2923,342.214036
2924,342.216365
2925,342.21224
2926,342.201662
2927,342.184582
2928,342.1609
2929,342.130487
2930,342.093121
2931,342.048111
2932,341.992833
2933,341.920226
2934,341.831969
2935,341.754541
2936,341.69174
2937,341.639444
2938,341.593935
2939,341.553129
2940,341.51606
2941,341.482531
2942,341.453418
2943,341.432467
2944,341.307944
2945,341.318509
2946,341.332551
2947,341.347926
2948,341.36404
2949,341.380855
2950,341.398692
2951,341.418447
2952,341.442098
2953,341.472807
2954,341.510518
2955,341.537466
2956,341.55678
2957,341.574021
2958,341.590071
2959,341.605058
2960,341.619063
2961,341.632182
2962,341.64452
2963,341.656178
2964,341.667248
2965,341.677814
2966,341.687946
2967,341.697671
2968,341.706864
2969,341.714768
2970,341.718164
2971,341.709977
2972,341.712635
2973,341.725222
2974,341.744765
2975,341.77006
2976,341.801614
2977,341.842027
2978,341.898102
2979,341.985179
2980,342.128879
2981,342.331535
2982,342.426975
2983,342.481157
2984,342.520488
2985,342.549972
2986,342.570676
2987,342.583042
2988,342.587358
2989,342.583792
2990,342.572376
2991,342.553006
2992,342.525453
2993,342.489387
2994,342.444339
2995,342.388937
2996,342.315538
2997,342.183995
2998,341.978383
2999,341.830574
3000,341.734792
3001,341.667204
3002,341.613767
3003,341.568203
3004,341.527969
3005,341.492255
3006,341.46169
3007,341.439949
3008,341.300216
3009,341.310606
3010,341.324514
3011,341.33988
3012,341.356188
3013,341.373548
3014,341.392722
3015,341.416004
3016,341.44979
3017,341.509293
3018,341.609825
3019,341.653918
3020,341.672146
3021,341.690734
3022,341.708555
3023,341.725134
3024,341.740473
3025,341.754694
3026,341.767936
3027,341.780322
3028,341.791949
3029,341.802884
3030,341.813151
3031,341.822695
3032,341.831245
3033,341.837696
3034,341.831826
3035,341.754208
3036,341.731554
3037,341.737441
3038,341.756935
3039,341.785211
3040,341.822614
3041,341.8746
3042,341.958296
3043,342.122608
3044,342.489404
3045,343.221469
3046,343.365724
3047,343.427845
3048,343.479789
3049,343.520363
3050,343.549322
3051,343.567228
3052,343.574663
3053,343.571989
3054,343.559293
3055,343.536374
3056,343.502778
3057,343.457907
3058,343.401466
3059,343.334774
3060,343.258745
3061,342.977787
3062,342.302712
3063,341.956024
3064,341.791078
3065,341.698631
3066,341.634674
3067,341.583579
3068,341.539904
3069,341.501891
3070,341.469824
3071,341.447274
3072,341.292716
3073,341.302938
3074,341.316717
3075,341.332081
3076,341.348593
3077,341.366539
3078,341.387261
3079,341.415272
3080,341.466442
3081,341.600402
3082,341.651497
3083,341.669807
3084,341.686845
3085,341.705556
3086,341.723532
3087,341.740243
3088,341.755687
3089,341.769995
3090,341.783308
3091,341.79575
3092,341.807418
3093,341.81838
3094,341.828655
3095,341.83818
3096,341.846683
3097,341.853297
3098,341.856287
3099,341.835198
3100,341.755601
3101,341.749943
3102,341.768616
3103,341.799786
3104,341.843268
3105,341.908163
3106,342.027243
3107,342.316908
3108,343.217273
3109,343.41232
3110,343.482162
3111,343.542206
3112,343.595251
3113,343.636772
3114,343.666417
3115,343.684778
3116,343.692469
3117,343.689869
3118,343.677069
3119,343.653862
3120,343.619769
3121,343.574163
3122,343.516727
3123,343.449104
3124,343.380491
3125,343.28581
3126,342.956366
3127,342.133197
3128,341.855555
3129,341.731126
3130,341.655399
3131,341.598528
3132,341.551364
3133,341.51105
3134,341.477491
3135,341.454145
3136,341.285348
3137,341.2954
3138,341.309045
3139,341.324393
3140,341.34107
3141,341.359482
3142,341.381269
3143,341.411712
3144,341.468095
3145,341.607356
3146,341.652352
3147,341.670747
3148,341.688593
3149,341.7081
3150,341.72673
3151,341.74396
3152,341.759817
3153,341.774451
3154,341.788021
3155,341.800659
3156,341.812466
3157,341.823505
3158,341.833786
3159,341.84323
3160,341.85155
3161,341.8579
3162,341.860734
3163,341.843518
3164,341.765585
3165,341.75877
3166,341.778481
3167,341.812659
3168,341.861406
3169,341.935559
3170,342.07245
3171,342.394563
3172,343.302528
3173,343.464901
3174,343.539658
3175,343.605648
3176,343.663888
3177,343.709379
3178,343.741875
3179,343.762138
3180,343.770906
3181,343.768629
3182,343.755414
3183,343.731021
3184,343.694886
3185,343.646238
3186,343.584592
3187,343.511569
3188,343.437358
3189,343.342347
3190,343.057759
3191,342.209999
3192,341.899612
3193,341.758365
3194,341.674052
3195,341.612201
3196,341.561818
3197,341.519331
3198,341.48436
3199,341.460263
3200,341.278022
3201,341.2879
3202,341.301395
3203,341.316695
3204,341.333477
3205,341.352213
3206,341.374667
3207,341.406341
3208,341.464714
3209,341.605991
3210,341.651015
3211,341.669993
3212,341.688675
3213,341.709037
3214,341.728397
3215,341.746218
3216,341.762547
3217,341.777556
3218,341.791419
3219,341.804279
3220,341.816241
3221,341.827367
3222,341.837663
3223,341.84704
3224,341.855211
3225,341.861365
3226,341.864035
3227,341.847058
3228,341.770613
3229,341.764677
3230,341.786087
3231,341.823134
3232,341.876236
3233,341.956922
3234,342.103657
3235,342.439115
3236,343.356844
3237,343.519488
3238,343.600033
3239,343.672308
3240,343.736292
3241,343.786338
3242,343.822188
3243,343.844723
3244,343.854793
3245,343.852917
3246,343.839219
3247,343.813426
3248,343.77489
3249,343.72272
3250,343.656323
3251,343.577451
3252,343.497392
3253,343.398295
3254,343.113831
3255,342.254562
3256,341.930839
3257,341.780272
3258,341.689905
3259,341.623995
3260,341.570796
3261,341.526358
3262,341.490109
3263,341.465338
3264,341.27066
3265,341.280351
3266,341.293674
3267,341.308888
3268,341.325708
3269,341.344645
3270,341.367518
3271,341.39991
3272,341.459399
3273,341.602361
3274,341.647782
3275,341.667257
3276,341.686607
3277,341.707681
3278,341.727668
3279,341.746008
3280,341.762756
3281,341.778097
3282,341.79222
3283,341.805275
3284,341.817373
3285,341.82858
3286,341.8389
3287,341.848249
3288,341.85635
3289,341.862426
3290,341.865052
3291,341.848152
3292,341.772761
3293,341.768004
3294,341.791166
3295,341.830776
3296,341.887467
3297,341.973074
3298,342.126493
3299,342.470878
3300,343.401103
3301,343.565397
3302,343.65067
3303,343.728202
3304,343.797184
3305,343.851328
3306,343.89027
3307,343.914939
3308,343.926252
3309,343.924775
3310,343.910643
3311,343.883561
3312,343.842825
3313,343.787473
3314,343.716894
3315,343.633044
3316,343.548194
3317,343.44548
3318,343.158093
3319,342.286627
3320,341.954347
3321,341.797551
3322,341.702676
3323,341.63349
3324,341.577916
3325,341.531799
3326,341.49445
3327,341.469104
3328,341.263191
3329,341.272682
3330,341.285804
3331,341.300887
3332,341.317677
3333,341.33671
3334,341.359831
3335,341.392666
3336,341.452876
3337,341.597092
3338,341.642824
3339,341.662654
3340,341.682488
3341,341.704095
3342,341.724562
3343,341.743307
3344,341.760383
3345,341.775985
3346,341.790309
3347,341.803515
3348,341.815718
3349,341.826988
3350,341.837337
3351,341.846689
3352,341.854783
3353,341.860865
3354,341.863533
3355,341.846717
3356,341.772323
3357,341.76872
3358,341.793473
3359,341.835276
3360,341.894896
3361,341.984338
3362,342.142761
3363,342.493931
3364,343.434877
3365,343.600533
3366,343.689403
3367,343.771035
3368,343.844033
3369,343.901558
3370,343.943109
3371,343.969613
3372,343.982016
3373,343.980907
3374,343.966431
3375,343.938278
3376,343.895714
3377,343.837754
3378,343.763811
3379,343.676063
3380,343.587561
3381,343.482109
3382,343.19223
3383,342.310505
3384,341.971866
3385,341.810487
3386,341.712162
3387,341.640373
3388,341.582868
3389,341.535376
3390,341.49713
3391,341.471324
3392,341.255554
3393,341.264826
3394,341.277717
3395,341.292623
3396,341.309316
3397,341.328349
3398,341.351584
3399,341.384668
3400,341.445323
3401,341.590363
3402,341.6363
3403,341.656361
3404,341.67652
3405,341.69849
3406,341.71929
3407,341.738318
3408,341.755623
3409,341.771405
3410,341.785865
3411,341.799168
3412,341.811436
3413,341.822745
3414,341.833115
3415,341.842481
3416,341.850597
3417,341.856726
3418,341.859474
3419,341.842743
3420,341.769285
3421,341.766708
3422,341.792814
3423,341.836416
3424,341.898373
3425,341.99079
3426,342.153013
3427,342.50933
3428,343.458543
3429,343.625226
3430,343.716768
3431,343.8015
3432,343.877594
3433,343.937783
3434,343.98143
3435,344.009435
3436,344.022749
3437,344.021971
3438,344.00725
3439,343.978269
3440,343.934284
3441,343.874309
3442,343.797806
3443,343.707142
3444,343.615955
3445,343.508514
3446,343.216779
3447,342.327275
3448,341.98391
3449,341.819127
3450,341.718199
3451,341.644412
3452,341.585414
3453,341.536863
3454,341.497939
3455,341.471802
3456,341.247696
3457,341.256732
3458,341.269358
3459,341.284038
3460,341.300569
3461,341.319515
3462,341.342746
3463,341.375924
3464,341.436799
3465,341.582292
3466,341.628342
3467,341.648537
3468,341.668886
3469,341.69107
3470,341.712067
3471,341.73126
3472,341.748695
3473,341.764573
3474,341.779099
3475,341.792441
3476,341.804729
3477,341.816043
3478,341.826411
3479,341.83578
3480,341.843918
3481,341.850096
3482,341.852924
3483,341.836268
3484,341.763602
3485,341.761866
3486,341.789049
3487,341.834053
3488,341.897799
3489,341.992456
3490,342.157499
3491,342.517604
3492,343.472886
3493,343.640317
3494,343.733798
3495,343.820807
3496,343.899208
3497,343.961413
3498,344.006676
3499,344.035859
3500,344.049907
3501,344.049423
3502,344.034555
3503,344.004983
3504,343.959966
3505,343.898526
3506,343.820176
3507,343.727429
3508,343.634345
3509,343.525511
3510,343.232465
3511,342.337418
3512,341.990683
3513,341.823468
3514,341.720668
3515,341.645441
3516,341.585373
3517,341.536081
3518,341.496709
3519,341.470376
3520,341.239574
3521,341.248354
3522,341.26068
3523,341.275086
3524,341.291393
3525,341.31017
3526,341.333294
3527,341.36643
3528,341.427337
3529,341.572966
3530,341.619054
3531,341.6393
3532,341.659724
3533,341.681992
3534,341.703063
3535,341.72231
3536,341.739779
3537,341.75567
3538,341.77019
3539,341.783512
3540,341.795767
3541,341.807043
3542,341.817374
3543,341.826716
3544,341.834849
3545,341.841051
3546,341.843932
3547,341.82733
3548,341.755242
3549,341.754119
3550,341.782085
3551,341.828103
3552,341.893128
3553,341.989372
3554,342.156395
3555,342.519145
3556,343.478648
3557,343.646598
3558,343.741426
3559,343.83003
3560,343.910067
3561,343.973723
3562,344.020167
3563,344.050231
3564,344.06485
3565,344.064624
3566,344.049699
3567,344.01976
3568,343.974065
3569,343.911653
3570,343.832076
3571,343.737951
3572,343.643619
3573,343.533871
3574,343.239967
3575,342.341273
3576,341.992322
3577,341.823512
3578,341.719494
3579,341.643345
3580,341.582618
3581,341.532901
3582,341.493309
3583,341.466918
3584,341.231151
3585,341.239653
3586,341.251647
3587,341.265732
3588,341.281753
3589,341.300286
3590,341.323207
3591,341.35618
3592,341.416954
3593,341.562446
3594,341.608508
3595,341.628734
3596,341.649133
3597,341.671369
3598,341.6924
3599,341.711597
3600,341.729007
3601,341.744829
3602,341.759271
3603,341.772508
3604,341.784676
3605,341.795863
3606,341.806111
3607,341.815382
3608,341.823465
3609,341.829645
3610,341.832535
3611,341.81596
3612,341.744184
3613,341.743423
3614,341.771869
3615,341.818517
3616,341.884344
3617,341.981583
3618,342.149847
3619,342.514252
3620,343.476398
3621,343.644672
3622,343.74035
3623,343.829969
3624,343.91106
3625,343.975666
3626,344.022901
3627,344.053574
3628,344.068612
3629,344.068609
3630,344.053715
3631,344.023612
3632,343.977565
3633,343.914623
3634,343.834365
3635,343.739472
3636,343.644442
3637,343.534186
3638,343.239806
3639,342.339095
3640,341.988935
3641,341.819276
3642,341.714637
3643,341.638054
3644,341.57706
3645,341.527227
3646,341.487646
3647,341.461337
3648,341.222398
3649,341.230602
3650,341.242228
3651,341.255947
3652,341.271623
3653,341.28984
3654,341.312471
3655,341.345171
3656,341.405661
3657,341.550772
3658,341.59675
3659,341.616892
3660,341.637175
3661,341.659271
3662,341.680156
3663,341.699205
3664,341.716466
3665,341.732137
3666,341.746429
3667,341.759518
3668,341.771538
3669,341.782582
3670,341.792694
3671,341.80184
3672,341.809815
3673,341.815915
3674,341.818757
3675,341.802178
3676,341.730418
3677,341.729751
3678,341.758371
3679,341.805275
3680,341.871448
3681,341.969129
3682,342.137957
3683,342.503126
3684,343.466509
3685,343.634936
3686,343.731023
3687,343.82114
3688,343.902761
3689,343.967861
3690,344.015527
3691,344.046557
3692,344.061871
3693,344.062062
3694,344.047278
3695,344.017203
3696,343.971105
3697,343.908039
3698,343.827596
3699,343.732482
3700,343.637247
3701,343.526842
3702,343.232327
3703,342.33106
3704,341.9806
3705,341.810779
3706,341.706078
3707,341.629525
3708,341.568644
3709,341.518999
3710,341.479657
3711,341.453571
3712,341.213292
3713,341.221177
3714,341.232403
3715,341.245712
3716,341.260989
3717,341.27882
3718,341.301076
3719,341.333399
3720,341.393465
3721,341.537966
3722,341.583804
3723,341.603804
3724,341.623884
3725,341.645738
3726,341.666375
3727,341.685181
3728,341.702204
3729,341.717646
3730,341.731716
3731,341.744589
3732,341.756401
3733,341.767245
3734,341.777164
3735,341.786125
3736,341.793929
3737,341.799885
3738,341.802617
3739,341.785999
3740,341.713944
3741,341.713099
3742,341.741586
3743,341.788379
3744,341.854453
3745,341.952045
3746,342.120791
3747,342.485881
3748,343.449176
3749,343.617595
3750,343.713677
3751,343.803803
3752,343.885458
3753,343.95062
3754,343.998375
3755,344.02952
3756,344.044973
3757,344.045328
3758,344.03073
3759,344.000867
3760,343.955005
3761,343.892203
3762,343.812047
3763,343.717229
3764,343.622253
3765,343.512037
3766,343.217709
3767,342.317263
3768,341.967368
3769,341.798039
3770,341.693817
3771,341.617743
3772,341.557348
3773,341.508191
3774,341.469314
3775,341.443591
3776,341.203827
3777,341.211374
3778,341.222169
3779,341.235027
3780,341.249851
3781,341.267231
3782,341.289032
3783,341.320875
3784,341.380381
3785,341.524048
3786,341.569693
3787,341.589492
3788,341.609284
3789,341.630795
3790,341.651084
3791,341.669552
3792,341.686252
3793,341.701386
3794,341.715162
3795,341.727755
3796,341.739299
3797,341.749885
3798,341.759554
3799,341.768273
3800,341.775842
3801,341.781587
3802,341.784147
3803,341.767458
3804,341.694797
3805,341.693504
3806,341.721554
3807,341.767872
3808,341.833409
3809,341.930386
3810,342.098408
3811,342.462582
3812,343.424465
3813,343.592713
3814,343.688373
3815,343.778022
3816,343.859216
3817,343.924009
3818,343.971514
3819,344.002535
3820,344.017994
3821,344.018482
3822,344.004147
3823,343.974674
3824,343.929333
3825,343.867176
3826,343.787774
3827,343.693769
3828,343.599517
3829,343.489829
3830,343.19601
3831,342.29776
3832,341.949286
3833,341.7811
3834,341.677887
3835,341.602738
3836,341.543197
3837,341.494823
3838,341.456635
3839,341.431414
3840,341.194036
3841,341.201227
3842,341.211564
3843,341.223934
3844,341.238258
3845,341.255125
3846,341.276393
3847,341.30766
3848,341.36647
3849,341.509078
3850,341.554476
3851,341.574013
3852,341.593431
3853,341.614497
3854,341.634338
3855,341.652376
3856,341.668669
3857,341.68342
3858,341.696835
3859,341.709087
3860,341.720306
3861,341.730581
3862,341.739949
3863,341.748372
3864,341.75565
3865,341.761127
3866,341.763455
3867,341.746662
3868,341.673105
3869,341.671109
3870,341.698433
3871,341.743921
3872,341.808487
3873,341.904321
3874,342.070971
3875,342.433363
3876,343.392455
3877,343.560361
3878,343.655155
3879,343.743812
3880,343.824033
3881,343.888017
3882,343.934928
3883,343.965586
3884,343.980915
3885,343.981506
3886,343.967506
3887,343.938603
3888,343.894065
3889,343.832939
3890,343.754769
3891,343.662113
3892,343.569076
3893,343.460278
3894,343.167309
3895,342.272676
3896,341.926499
3897,341.760107
3898,341.658435
3899,341.584649
3900,341.526321
3901,341.479018
3902,341.441737
3903,341.417154
3904,341.184063
3905,341.190889
3906,341.200753
3907,341.212611
3908,341.226399
3909,341.242704
3910,341.263372
3911,341.293973
3912,341.351963
3913,341.493298
3914,341.538394
3915,341.557607
3916,341.576562
3917,341.597085
3918,341.616384
3919,341.633907
3920,341.649718
3921,341.664019
3922,341.677015
3923,341.688874
3924,341.699723
3925,341.709645
3926,341.718672
3927,341.726761
3928,341.733708
3929,341.738874
3930,341.740925
3931,341.724003
3932,341.649315
3933,341.646404
3934,341.672747
3935,341.717082
3936,341.780271
3937,341.874457
3938,342.039097
3939,342.398842
3940,343.353706
3941,343.521083
3942,343.614527
3943,343.701644
3944,343.780363
3945,343.843097
3946,343.889077
3947,343.919139
3948,343.934207
3949,343.934868
3950,343.921271
3951,343.893103
3952,343.849638
3953,343.789919
3954,343.71346
3955,343.622707
3956,343.531407
3957,343.423898
3958,343.132144
3959,342.24258
3960,341.899557
3961,341.735585
3962,341.635951
3963,341.563932
3964,341.507146
3965,341.461173
3966,341.424994
3967,341.401171
3968,341.174424
3969,341.180895
3970,341.190299
3971,341.201655
3972,341.214905
3973,341.230634
3974,341.250674
3975,341.280565
3976,341.337665
3977,341.477586
3978,341.52233
3979,341.541161
3980,341.559581
3981,341.579488
3982,341.598183
3983,341.61514
3984,341.630427
3985,341.644244
3986,341.656792
3987,341.668234
3988,341.678693
3989,341.688248
3990,341.696925
3991,341.704673
3992,341.711284
3993,341.716132
3994,341.717891
3995,341.700825
3996,341.62491
3997,341.620977
3998,341.646183
3999,341.68915
4000,341.750677
4001,341.842843
4002,342.004987
4003,342.361398
4004,343.310795
4005,343.477452
4006,343.569061
4007,343.654133
4008,343.730894
4009,343.792017
4010,343.8368
4011,343.866084
4012,343.880786
4013,343.881486
4014,343.86833
4015,343.841011
4016,343.798811
4017,343.740779
4018,343.666409
4019,343.578031
4020,343.488957
4021,343.383149
4022,343.092966
4023,342.209638
4024,341.870397
4025,341.709289
4026,341.612034
4027,341.542051
4028,341.487012
4029,341.442528
4030,341.407566
4031,341.384577
4032,341.166823
4033,341.173013
4034,341.182058
4035,341.193016
4036,341.205832
4037,341.221086
4038,341.240601
4039,341.26989
4040,341.32623
4041,341.464911
4042,341.509312
4043,341.527758
4044,341.54567
4045,341.565017
4046,341.583176
4047,341.599639
4048,341.614474
4049,341.627878
4050,341.640045
4051,341.651136
4052,341.661269
4053,341.670519
4054,341.678909
4055,341.686384
4056,341.692731
4057,341.69733
4058,341.698853
4059,341.681663
4060,341.604757
4061,341.599962
4062,341.624167
4063,341.665898
4064,341.725899
4065,341.81619
4066,341.975997
4067,342.329257
4068,343.273281
4069,343.439122
4070,343.528744
4071,343.611713
4072,343.686534
4073,343.746094
4074,343.789724
4075,343.818257
4076,343.832594
4077,343.833305
4078,343.820533
4079,343.793976
4080,343.752932
4081,343.696463
4082,343.624065
4083,343.537993
4084,343.451188
4085,343.34724
4086,343.05872
4087,342.181239
4088,341.845445
4089,341.686934
4090,341.591823
4091,341.523656
4092,341.470162
4093,341.426981
4094,341.393083
4095,341.370831
4096,341.899374
4097,341.941478
4098,341.977355
4099,342.006907
4100,342.03011
4101,342.046973
4102,342.057514
4103,342.061738
4104,342.059637
4105,342.051204
4106,342.036452
4107,342.015461
4108,341.988441
4109,341.955816
4110,341.918316
4111,341.877057
4112,341.833527
4113,341.789411
4114,341.746241
4115,341.705174
4116,341.666957
4117,341.631979
4118,341.600374
4119,341.572099
4120,341.547012
4121,341.524914
4122,341.505588
4123,341.488819
4124,341.474407
4125,341.462174
4126,341.45197
4127,341.443672
4128,341.437187
4129,341.43245
4130,341.429423
4131,341.428097
4132,341.428486
4133,341.430628
4134,341.43458
4135,341.440415
4136,341.448213
4137,341.458045
4138,341.46996
4139,341.483951
4140,341.499919
4141,341.517623
4142,341.536627
4143,341.55627
4144,341.575683
4145,341.593911
4146,341.610111
4147,341.623648
4148,341.634102
4149,341.641223
4150,341.64488
4151,341.645018
4152,341.641614
4153,341.634661
4154,341.624146
4155,341.610049
4156,341.592339
4157,341.570982
4158,341.54595
4159,341.517236
4160,341.969657
4161,342.015018
4162,342.053537
4163,342.085162
4164,342.109913
4165,342.127833
4166,342.138956
4167,342.143293
4168,342.140822
4169,342.131506
4170,342.115313
4171,342.092264
4172,342.062498
4173,342.026377
4174,341.984616
4175,341.938431
4176,341.889615
4177,341.840344
4178,341.792495
4179,341.747362
4180,341.705692
4181,341.667813
4182,341.633775
4183,341.60346
4184,341.576657
4185,341.553116
4186,341.532574
4187,341.514782
4188,341.499515
4189,341.486572
4190,341.475789
4191,341.467031
4192,341.460196
4193,341.455214
4194,341.452047
4195,341.450686
4196,341.451149
4197,341.453481
4198,341.457753
4199,341.464054
4200,341.472482
4201,341.48314
4202,341.496111
4203,341.511428
4204,341.529037
4205,341.54873
4206,341.570072
4207,341.592323
4208,341.614421
4209,341.63514
4210,341.653464
4211,341.668702
4212,341.680441
4213,341.688466
4214,341.692685
4215,341.693073
4216,341.689636
4217,341.68238
4218,341.671301
4219,341.656377
4220,341.637568
4221,341.614827
4222,341.588109
4223,341.557406
4224,342.062926
4225,342.112488
4226,342.154297
4227,342.188415
4228,342.214963
4229,342.234052
4230,342.245753
4231,342.250082
4232,342.246994
4233,342.236391
4234,342.21815
4235,342.192155
4236,342.158377
4237,342.116987
4238,342.068559
4239,342.014372
4240,341.956774
4241,341.899162
4242,341.844088
4243,341.792996
4244,341.746517
4245,341.704783
4246,341.667654
4247,341.634848
4248,341.606027
4249,341.580839
4250,341.55895
4251,341.540055
4252,341.523883
4253,341.510207
4254,341.498837
4255,341.489622
4256,341.482449
4257,341.477244
4258,341.473965
4259,341.472606
4260,341.473194
4261,341.475787
4262,341.480475
4263,341.487374
4264,341.496624
4265,341.508378
4266,341.522789
4267,341.539979
4268,341.56
4269,341.582751
4270,341.60786
4271,341.634504
4272,341.661246
4273,341.68618
4274,341.70798
4275,341.725919
4276,341.739661
4277,341.749096
4278,341.754227
4279,341.755105
4280,341.751786
4281,341.74431
4282,341.732688
4283,341.716897
4284,341.69688
4285,341.672553
4286,341.64383
4287,341.610652
4288,342.182289
4289,342.237014
4290,342.282723
4291,342.31971
4292,342.348267
4293,342.368616
4294,342.380885
4295,342.385098
4296,342.381172
4297,342.368926
4298,342.348092
4299,342.318341
4300,342.279346
4301,342.230891
4302,342.173121
4303,342.107075
4304,342.035773
4305,341.965751
4306,341.900565
4307,341.841563
4308,341.788973
4309,341.742517
4310,341.701716
4311,341.666032
4312,341.634935
4313,341.607935
4314,341.584594
4315,341.564531
4316,341.547422
4317,341.532998
4318,341.521039
4319,341.511375
4320,341.50388
4321,341.498471
4322,341.495108
4323,341.493786
4324,341.494545
4325,341.497459
4326,341.502646
4327,341.51026
4328,341.520497
4329,341.533583
4330,341.549777
4331,341.569341
4332,341.592514
4333,341.619423
4334,341.649918
4335,341.683231
4336,341.717368
4337,341.748677
4338,341.775457
4339,341.797111
4340,341.81354
4341,341.824849
4342,341.831209
4343,341.832787
4344,341.829722
4345,341.822102
4346,341.80996
4347,341.79327
4348,341.771948
4349,341.745854
4350,341.71481
4351,341.678637
4352,342.331722
4353,342.392492
4354,342.442575
4355,342.482696
4356,342.513404
4357,342.535069
4358,342.547888
4359,342.551897
4360,342.546965
4361,342.532804
4362,342.50896
4363,342.47482
4364,342.429624
4365,342.372512
4366,342.302679
4367,342.219913
4368,342.126744
4369,342.039037
4370,341.9607
4371,341.892024
4372,341.832257
4373,341.780411
4374,341.73551
4375,341.696672
4376,341.663124
4377,341.634201
4378,341.609344
4379,341.58808
4380,341.570021
4381,341.554848
4382,341.542309
4383,341.532211
4384,341.524413
4385,341.518823
4386,341.5154
4387,341.514146
4388,341.51511
4389,341.518393
4390,341.524141
4391,341.532556
4392,341.5439
4393,341.558495
4394,341.57673
4395,341.599059
4396,341.625994
4397,341.658057
4398,341.695641
4399,341.738567
4400,341.784651
4401,341.825057
4402,341.858348
4403,341.884616
4404,341.904293
4405,341.917843
4406,341.925675
4407,341.928119
4408,341.925414
4409,341.917713
4410,341.905075
4411,341.887472
4412,341.864783
4413,341.836793
4414,341.803183
4415,341.763536
4416,342.51535
4417,342.582604
4418,342.637214
4419,342.680545
4420,342.713442
4421,342.736428
4422,342.749772
4423,342.753516
4424,342.747479
4425,342.73125
4426,342.704171
4427,342.665305
4428,342.613382
4429,342.546702
4430,342.462923
4431,342.35849
4432,342.226789
4433,342.115814
4434,342.022123
4435,341.942734
4436,341.875229
4437,341.817663
4438,341.768461
4439,341.726348
4440,341.690278
4441,341.6594
4442,341.633015
4443,341.610554
4444,341.591556
4445,341.575654
4446,341.562558
4447,341.552049
4448,341.54397
4449,341.538222
4450,341.534761
4451,341.533596
4452,341.534792
4453,341.53847
4454,341.544813
4455,341.554077
4456,341.566592
4457,341.582786
4458,341.603196
4459,341.628494
4460,341.659521
4461,341.697331
4462,341.743241
4463,341.798891
4464,341.866188
4465,341.918468
4466,341.959337
4467,341.990745
4468,342.013977
4469,342.029967
4470,342.039409
4471,342.042815
4472,342.040539
4473,342.032802
4474,342.019696
4475,342.00119
4476,341.977128
4477,341.947213
4478,341.91097
4479,341.867625
4480,342.682405
4481,342.755843
4482,342.814809
4483,342.861227
4484,342.89622
4485,342.920461
4486,342.934289
4487,342.937753
4488,342.930621
4489,342.912366
4490,342.882132
4491,342.838675
4492,342.780251
4493,342.704407
4494,342.607522
4495,342.48365
4496,342.321193
4497,342.189496
4498,342.081358
4499,341.991623
4500,341.916553
4501,341.853363
4502,341.799929
4503,341.754595
4504,341.716056
4505,341.68327
4506,341.655405
4507,341.631793
4508,341.611901
4509,341.59531
4510,341.581693
4511,341.570805
4512,341.562473
4513,341.556589
4514,341.553109
4515,341.552048
4516,341.553485
4517,341.557565
4518,341.564509
4519,341.574621
4520,341.588306
4521,341.606093
4522,341.628663
4523,341.656897
4524,341.691941
4525,341.73531
4526,341.789057
4527,341.856023
4528,341.9402
4529,342.003115
4530,342.051104
4531,342.087438
4532,342.114114
4533,342.132484
4534,342.143507
4535,342.147865
4536,342.146027
4537,342.138277
4538,342.124738
4539,342.105378
4540,342.080004
4541,342.048241
4542,342.009462
4543,341.962577
4544,342.814028
4545,342.892871
4546,342.955785
4547,343.005036
4548,343.041961
4549,343.067359
4550,343.081631
4551,343.084832
4552,343.076684
4553,343.056558
4554,343.023431
4555,342.975807
4556,342.911581
4557,342.827797
4558,342.720173
4559,342.58208
4560,342.402119
4561,342.255401
4562,342.135506
4563,342.036814
4564,341.954962
4565,341.886629
4566,341.82928
4567,341.780951
4568,341.740112
4569,341.705551
4570,341.676313
4571,341.651639
4572,341.630928
4573,341.61371
4574,341.599623
4575,341.588398
4576,341.579845
4577,341.57385
4578,341.570365
4579,341.569414
4580,341.571088
4581,341.575557
4582,341.583073
4583,341.59399
4584,341.608779
4585,341.62806
4586,341.652639
4587,341.683564
4588,341.722209
4589,341.770387
4590,341.830493
4591,341.905625
4592,341.999337
4593,342.069987
4594,342.123785
4595,342.164374
4596,342.194116
4597,342.214642
4598,342.227112
4599,342.232349
4600,342.230915
4601,342.223153
4602,342.209213
4603,342.189061
4604,342.162471
4605,342.129001
4606,342.087904
4607,342.037898
4608,342.917361
4609,343.000661
4610,343.066949
4611,343.118671
4612,343.157304
4613,343.183736
4614,343.198411
4615,343.20139
4616,343.192355
4617,343.170596
4618,343.134961
4619,343.083772
4620,343.014689
4621,342.924483
4622,342.808623
4623,342.66044
4624,342.469093
4625,342.311755
4626,342.182888
4627,342.076977
4628,341.98945
4629,341.916709
4630,341.855951
4631,341.804993
4632,341.762123
4633,341.725996
4634,341.695549
4635,341.669942
4636,341.648515
4637,341.630754
4638,341.616264
4639,341.604753
4640,341.596017
4641,341.589934
4642,341.586457
4643,341.585613
4644,341.587507
4645,341.592329
4646,341.600362
4647,341.612
4648,341.627772
4649,341.648372
4650,341.674703
4651,341.707935
4652,341.749589
4653,341.80163
4654,341.866569
4655,341.947443
4656,342.047316
4657,342.123419
4658,342.181645
4659,342.225655
4660,342.257948
4661,342.280305
4662,342.294017
4663,342.30001
4664,342.298917
4665,342.291128
4666,342.276815
4667,342.255944
4668,342.228266
4669,342.193288
4670,342.150188
4671,342.09758
4672,342.996903
4673,343.083731
4674,343.152758
4675,343.20653
4676,343.246603
4677,343.273921
4678,343.28896
4679,343.291778
4680,343.282029
4681,343.258942
4682,343.221273
4683,343.167225
4684,343.094322
4685,342.999209
4686,342.8773
4687,342.722034
4688,342.522941
4689,342.35816
4690,342.22272
4691,342.111302
4692,342.019312
4693,341.943025
4694,341.879485
4695,341.82636
4696,341.781812
4697,341.744387
4698,341.712941
4699,341.686567
4700,341.664556
4701,341.646354
4702,341.631541
4703,341.619804
4704,341.610927
4705,341.604781
4706,341.601319
4707,341.600573
4708,341.602658
4709,341.60778
4710,341.616249
4711,341.628493
4712,341.645084
4713,341.666774
4714,341.694536
4715,341.729621
4716,341.773633
4717,341.828608
4718,341.897068
4719,341.981941
4720,342.085976
4721,342.165876
4722,342.227328
4723,342.273929
4724,342.308205
4725,342.33201
4726,342.34671
4727,342.353297
4728,342.352456
4729,342.344611
4730,342.329953
4731,342.308447
4732,342.27983
4733,342.243579
4734,342.198824
4735,342.144126
4736,343.055725
4737,343.145209
4738,343.21634
4739,343.271717
4740,343.312939
4741,343.340986
4742,343.356348
4743,343.359083
4744,343.348822
4745,343.324753
4746,343.285572
4747,343.22941
4748,343.153719
4749,343.055095
4750,342.928964
4751,342.768881
4752,342.564581
4753,342.394739
4754,342.254713
4755,342.139352
4756,342.044095
4757,341.96517
4758,341.899536
4759,341.844772
4760,341.79895
4761,341.760545
4762,341.728346
4763,341.701401
4764,341.678958
4765,341.660436
4766,341.645391
4767,341.633495
4768,341.624524
4769,341.618341
4770,341.6149
4771,341.614236
4772,341.616472
4773,341.621829
4774,341.630635
4775,341.643343
4776,341.66056
4777,341.683076
4778,341.711913
4779,341.748372
4780,341.794102
4781,341.851164
4782,341.922062
4783,342.009632
4784,342.116439
4785,342.198895
4786,342.26257
4787,342.310996
4788,342.346693
4789,342.371541
4790,342.386947
4791,342.393943
4792,342.393247
4793,342.385309
4794,342.370331
4795,342.348282
4796,342.318888
4797,342.281608
4798,342.23555
4799,342.179242
4800,343.09594
4801,343.187266
4802,343.259883
4803,343.316416
4804,343.358491
4805,343.387101
4806,343.40275
4807,343.40549
4808,343.394939
4809,343.370258
4810,343.330106
4811,343.272574
4812,343.195079
4813,343.094203
4814,342.965399
4815,342.802301
4816,342.59476
4817,342.421748
4818,342.278813
4819,342.160915
4820,342.06353
4821,341.982872
4822,341.915861
4823,341.860019
4824,341.813368
4825,341.774331
4826,341.741656
4827,341.714356
4828,341.691652
4829,341.672943
4830,341.657767
4831,341.645788
4832,341.636771
4833,341.630578
4834,341.627161
4835,341.626558
4836,341.628899
4837,341.634414
4838,341.643442
4839,341.656457
4840,341.674086
4841,341.697147
4842,341.726689
4843,341.764044
4844,341.810883
4845,341.869274
4846,341.9417
4847,342.030935
4848,342.139441
4849,342.223467
4850,342.288518
4851,342.338081
4852,342.374663
4853,342.400149
4854,342.415968
4855,342.423174
4856,342.422507
4857,342.41443
4858,342.399157
4859,342.376656
4860,342.346651
4861,342.308591
4862,342.261569
4863,342.204101
4864,343.118911
4865,343.211308
4866,343.284811
4867,343.342058
4868,343.384685
4869,343.413696
4870,343.429596
4871,343.432437
4872,343.421828
4873,343.396914
4874,343.356336
4875,343.298165
4876,343.219803
4877,343.117827
4878,342.98771
4879,342.82313
4880,342.613993
4881,342.439419
4882,342.295047
4883,342.175896
4884,342.077466
4885,341.995967
4886,341.928302
4887,341.871966
4888,341.82495
4889,341.785651
4890,341.752795
4891,341.725373
4892,341.702593
4893,341.683839
4894,341.668641
4895,341.656656
4896,341.647646
4897,341.641471
4898,341.63808
4899,341.637515
4900,341.639908
4901,341.645495
4902,341.654623
4903,341.667775
4904,341.685592
4905,341.708905
4906,341.738779
4907,341.776561
4908,341.823931
4909,341.88296
4910,341.956117
4911,342.046144
4912,342.155452
4913,342.240212
4914,342.305896
4915,342.355968
4916,342.392922
4917,342.41865
4918,342.434585
4919,342.441796
4920,342.441034
4921,342.43277
4922,342.417222
4923,342.394362
4924,342.363912
4925,342.325317
4926,342.277663
4927,342.219459
4928,343.125351
4929,343.218073
4930,343.291874
4931,343.349397
4932,343.392279
4933,343.421526
4934,343.437645
4935,343.440687
4936,343.430256
4937,343.405494
4938,343.365036
4939,343.306947
4940,343.228622
4941,343.126637
4942,342.996468
4943,342.831802
4944,342.62256
4945,342.447888
4946,342.303442
4947,342.184252
4948,342.085824
4949,342.004366
4950,341.936773
4951,341.880534
4952,341.833632
4953,341.794456
4954,341.761725
4955,341.734425
4956,341.711759
4957,341.693109
4958,341.678003
4959,341.666095
4960,341.657145
4961,341.651014
4962,341.647652
4963,341.647099
4964,341.649489
4965,341.655058
4966,341.664157
4967,341.677271
4968,341.695044
4969,341.718312
4970,341.748143
4971,341.785888
4972,341.833233
4973,341.892247
4974,341.965398
4975,342.055422
4976,342.16472
4977,342.249452
4978,342.315082
4979,342.365067
4980,342.401902
4981,342.427477
4982,342.443233
4983,342.450241
4984,342.449255
4985,342.440752
4986,342.42495
4987,342.401822
4988,342.371092
4989,342.332204
4990,342.284242
4991,342.225713
4992,343.115375
4993,343.207679
4994,343.281192
4995,343.33855
4996,343.381389
4997,343.410709
4998,343.427016
4999,343.430359
5000,343.420347
5001,343.396125
5002,343.356336
5003,343.299049
5004,343.221663
5005,343.120749
5006,342.991768
5007,342.828385
5008,342.620498
5009,342.447162
5010,342.303983
5011,342.185959
5012,342.088576
5013,342.00804
5014,341.941251
5015,341.885707
5016,341.839402
5017,341.800737
5018,341.768442
5019,341.741512
5020,341.719156
5021,341.700761
5022,341.685862
5023,341.674114
5024,341.66528
5025,341.659222
5026,341.655888
5027,341.655321
5028,341.657651
5029,341.663112
5030,341.672051
5031,341.684949
5032,341.702444
5033,341.725366
5034,341.754777
5035,341.792023
5036,341.838786
5037,341.897138
5038,341.969557
5039,342.058799
5040,342.167293
5041,342.251251
5042,342.316148
5043,342.365457
5044,342.401679
5045,342.42671
5046,342.441988
5047,342.448582
5048,342.447243
5049,342.438445
5050,342.422408
5051,342.399104
5052,342.368259
5053,342.329319
5054,342.281372
5055,342.222927
5056,343.088506
5057,343.179631
5058,343.252257
5059,343.309007
5060,343.3515
5061,343.380729
5062,343.397191
5063,343.400937
5064,343.391585
5065,343.368296
5066,343.329731
5067,343.273981
5068,343.198459
5069,343.099737
5070,342.973246
5071,342.81259
5072,342.607603
5073,342.437117
5074,342.296611
5075,342.181001
5076,342.085734
5077,342.007018
5078,341.94177
5079,341.887521
5080,341.842297
5081,341.804533
5082,341.772983
5083,341.746668
5084,341.724815
5085,341.706828
5086,341.692249
5087,341.680744
5088,341.672081
5089,341.666123
5090,341.662821
5091,341.662213
5092,341.664427
5093,341.66969
5094,341.67834
5095,341.690844
5096,341.707828
5097,341.730102
5098,341.758712
5099,341.794986
5100,341.840596
5101,341.897615
5102,341.968541
5103,342.056177
5104,342.163022
5105,342.245416
5106,342.308869
5107,342.356888
5108,342.391992
5109,342.416077
5110,342.430573
5111,342.436539
5112,342.434716
5113,342.425569
5114,342.409315
5115,342.385926
5116,342.355131
5117,342.316383
5118,342.268781
5119,342.210838
5120,343.043645
5121,343.132791
5122,343.203913
5123,343.259599
5124,343.301443
5125,343.330414
5126,343.346998
5127,343.351248
5128,343.342795
5129,343.32083
5130,343.284052
5131,343.230597
5132,343.157917
5133,343.062599
5134,342.940041
5135,342.783749
5136,342.583425
5137,342.417506
5138,342.281234
5139,342.169386
5140,342.077365
5141,342.001391
5142,341.93843
5143,341.886073
5144,341.842407
5145,341.805921
5146,341.775419
5147,341.749958
5148,341.728796
5149,341.711361
5150,341.697215
5151,341.686033
5152,341.677595
5153,341.671765
5154,341.668497
5155,341.667826
5156,341.669871
5157,341.67485
5158,341.683085
5159,341.695024
5160,341.711265
5161,341.732592
5162,341.760016
5163,341.794833
5164,341.838687
5165,341.893644
5166,341.962229
5167,342.04732
5168,342.151552
5169,342.231483
5170,342.2927
5171,342.338765
5172,342.372214
5173,342.394937
5174,342.408344
5175,342.413468
5176,342.411029
5177,342.401479
5178,342.385025
5179,342.361641
5180,342.331064
5181,342.292758
5182,342.245839
5183,342.188838
5184,342.979007
5185,343.065316
5186,343.134287
5187,343.188447
5188,343.229336
5189,343.257883
5190,343.274554
5191,343.279402
5192,343.272081
5193,343.251824
5194,343.217399
5195,343.167021
5196,343.098225
5197,343.007657
5198,342.89071
5199,342.740763
5200,342.54727
5201,342.387996
5202,342.257775
5203,342.151192
5204,342.063619
5205,341.991336
5206,341.931407
5207,341.881524
5208,341.839875
5209,341.805029
5210,341.775859
5211,341.751476
5212,341.731183
5213,341.714439
5214,341.70083
5215,341.690049
5216,341.681887
5217,341.676215
5218,341.672985
5219,341.672229
5220,341.674059
5221,341.678675
5222,341.686378
5223,341.697589
5224,341.712869
5225,341.732956
5226,341.758809
5227,341.791667
5228,341.83312
5229,341.885203
5230,341.950455
5231,342.031864
5232,342.13229
5233,342.208669
5234,342.266726
5235,342.310095
5236,342.341317
5237,342.362249
5238,342.374256
5239,342.378325
5240,342.375144
5241,342.365138
5242,342.348503
5243,342.325213
5244,342.295019
5245,342.257407
5246,342.211525
5247,342.155938
5248,342.891975
5249,342.974519
5250,343.040671
5251,343.092844
5252,343.13248
5253,343.160444
5254,343.177166
5255,343.182698
5256,343.176723
5257,343.158542
5258,343.127018
5259,343.080502
5260,343.016686
5261,342.932373
5262,342.823047
5263,342.681987
5264,342.498211
5265,342.348255
5266,342.226272
5267,342.126638
5268,342.044783
5269,341.977144
5270,341.920966
5271,341.874109
5272,341.834901
5273,341.802026
5274,341.774447
5275,341.751348
5276,341.732085
5277,341.716157
5278,341.703182
5279,341.692875
5280,341.685039
5281,341.679552
5282,341.676368
5283,341.675512
5284,341.677086
5285,341.68127
5286,341.688338
5287,341.698675
5288,341.712791
5289,341.731365
5290,341.755276
5291,341.785671
5292,341.824043
5293,341.872336
5294,341.933061
5295,342.009316
5296,342.104342
5297,342.175766
5298,342.229554
5299,342.269398
5300,342.297789
5301,342.316498
5302,342.326801
5303,342.329615
5304,342.325571
5305,342.31506
5306,342.298261
5307,342.275152
5308,342.2455
5309,342.208833
5310,342.164351
5311,342.110688
5312,342.778826
5313,342.85661
5314,342.919282
5315,342.969032
5316,343.007144
5317,343.034379
5318,343.051117
5319,343.057404
5320,343.052965
5321,343.037183
5322,343.009063
5323,342.967152
5324,342.909413
5325,342.83298
5326,342.73368
5327,342.604942
5328,342.435176
5329,342.298166
5330,342.187057
5331,342.096207
5332,342.021344
5333,341.959253
5334,341.907483
5335,341.864139
5336,341.827742
5337,341.797124
5338,341.771362
5339,341.749724
5340,341.731631
5341,341.716632
5342,341.704378
5343,341.69461
5344,341.687145
5345,341.681871
5346,341.678743
5347,341.677779
5348,341.679066
5349,341.682764
5350,341.689114
5351,341.698454
5352,341.711236
5353,341.728056
5354,341.749689
5355,341.777147
5356,341.811752
5357,341.855259
5358,341.91001
5359,341.979113
5360,342.066362
5361,342.130928
5362,342.179118
5363,342.214539
5364,342.239494
5365,342.255568
5366,342.263891
5367,342.26527
5368,342.260257
5369,342.249199
5370,342.232252
5371,342.209398
5372,342.180434
5373,342.144944
5374,342.10222
5375,342.051023
5376,342.634072
5377,342.7061
5378,342.764707
5379,342.81167
5380,342.84803
5381,342.874415
5382,342.891137
5383,342.898237
5384,342.895483
5385,342.882366
5386,342.858065
5387,342.821396
5388,342.770715
5389,342.703745
5390,342.61716
5391,342.505473
5392,342.357347
5393,342.238321
5394,342.141073
5395,342.060802
5396,341.994066
5397,341.938278
5398,341.891445
5399,341.852002
5400,341.81871
5401,341.790577
5402,341.766812
5403,341.746779
5404,341.729973
5405,341.715995
5406,341.704536
5407,341.695364
5408,341.688313
5409,341.683281
5410,341.680222
5411,341.679149
5412,341.680132
5413,341.683307
5414,341.688877
5415,341.697131
5416,341.708449
5417,341.723331
5418,341.74242
5419,341.766547
5420,341.796781
5421,341.834527
5422,341.881667
5423,341.940839
5424,342.016085
5425,342.071176
5426,342.112277
5427,342.142399
5428,342.163374
5429,342.176462
5430,342.182575
5431,342.182369
5432,342.176302
5433,342.164661
5434,342.147579
5435,342.12504
5436,342.096879
5437,342.062756
5438,342.022099
5439,341.973904
5440,342.448699
5441,342.514245
5442,342.568404
5443,342.612325
5444,342.646766
5445,342.672204
5446,342.688885
5447,342.69684
5448,342.695891
5449,342.685645
5450,342.665482
5451,342.634529
5452,342.591635
5453,342.535323
5454,342.46375
5455,342.374695
5456,342.266046
5457,342.17112
5458,342.09029
5459,342.021877
5460,341.964006
5461,341.914999
5462,341.87344
5463,341.838149
5464,341.808157
5465,341.782666
5466,341.761025
5467,341.742703
5468,341.727272
5469,341.714389
5470,341.703786
5471,341.69526
5472,341.688662
5473,341.6839
5474,341.680928
5475,341.679753
5476,341.680429
5477,341.683063
5478,341.687822
5479,341.694938
5480,341.704717
5481,341.717552
5482,341.73394
5483,341.754495
5484,341.779971
5485,341.811269
5486,341.849404
5487,341.895282
5488,341.948686
5489,341.991204
5490,342.023941
5491,342.0481
5492,342.064691
5493,342.074529
5494,342.078251
5495,342.076342
5496,342.069149
5497,342.056895
5498,342.039683
5499,342.017503
5500,341.990226
5501,341.957593
5502,341.919188
5503,341.874362
5504,342.270676
5505,342.329582
5506,342.379119
5507,342.41987
5508,342.452302
5509,342.47674
5510,342.493356
5511,342.502172
5512,342.503063
5513,342.495753
5514,342.479821
5515,342.454706
5516,342.41974
5517,342.374219
5518,342.317611
5519,342.25013
5520,342.174493
5521,342.102475
5522,342.037883
5523,341.981361
5524,341.932437
5525,341.890306
5526,341.854114
5527,341.823065
5528,341.796458
5529,341.773689
5530,341.754245
5531,341.7377
5532,341.723703
5533,341.711968
5534,341.702267
5535,341.694426
5536,341.688316
5537,341.683853
5538,341.680992
5539,341.679732
5540,341.68011
5541,341.682209
5542,341.686155
5543,341.692126
5544,341.700351
5545,341.71112
5546,341.72478
5547,341.741738
5548,341.762433
5549,341.787287
5550,341.816536
5551,341.849807
5552,341.884981
5553,341.91554
5554,341.939953
5555,341.958082
5556,341.970213
5557,341.976732
5558,341.978009
5559,341.974356
5560,341.966011
5561,341.953132
5562,341.935795
5563,341.913995
5564,341.887641
5565,341.856562
5566,341.8205
5567,341.779129
5568,342.122058
5569,342.174824
5570,342.219917
5571,342.25757
5572,342.288022
5573,342.311462
5574,342.327996
5575,342.337637
5576,342.340306
5577,342.335831
5578,342.323962
5579,342.304403
5580,342.276861
5581,342.24117
5582,342.197513
5583,342.146875
5584,342.091846
5585,342.037497
5586,341.986842
5587,341.941126
5588,341.900609
5589,341.865073
5590,341.834106
5591,341.807234
5592,341.783989
5593,341.763943
5594,341.746714
5595,341.731972
5596,341.71944
5597,341.708885
5598,341.700121
5599,341.692998
5600,341.687407
5601,341.683271
5602,341.680549
5603,341.67923
5604,341.679337
5605,341.680926
5606,341.684088
5607,341.688947
5608,341.695665
5609,341.704434
5610,341.715474
5611,341.729013
5612,341.74525
5613,341.764278
5614,341.785934
5615,341.809512
5616,341.833329
5617,341.854573
5618,341.871793
5619,341.884434
5620,341.892388
5621,341.895744
5622,341.894665
5623,341.88932
5624,341.879851
5625,341.86636
5626,341.8489
5627,341.82747
5628,341.802019
5629,341.772451
5630,341.738637
5631,341.700453
5632,341.998486
5633,342.045871
5634,342.086927
5635,342.121701
5636,342.150286
5637,342.172772
5638,342.189214
5639,342.19962
5640,342.203947
5641,342.202107
5642,342.193983
5643,342.179469
5644,342.158522
5645,342.13127
5646,342.098178
5647,342.060286
5648,342.019465
5649,341.978354
5650,341.938988
5651,341.902541
5652,341.869529
5653,341.840052
5654,341.813987
5655,341.791096
5656,341.7711
5657,341.753713
5658,341.738668
5659,341.725721
5660,341.714658
5661,341.705298
5662,341.69749
5663,341.69111
5664,341.686066
5665,341.682289
5666,341.679738
5667,341.678395
5668,341.678271
5669,341.679396
5670,341.681828
5671,341.685648
5672,341.690954
5673,341.697863
5674,341.706489
5675,341.716931
5676,341.72923
5677,341.743303
5678,341.758847
5679,341.775194
5680,341.791207
5681,341.805416
5682,341.816775
5683,341.824703
5684,341.828939
5685,341.829412
5686,341.826149
5687,341.819214
5688,341.80868
5689,341.794602
5690,341.777014
5691,341.755922
5692,341.731303
5693,341.703119
5694,341.671324
5695,341.635901
5696,341.895556
5697,341.938321
5698,341.975817
5699,342.008
5700,342.03488
5701,342.056482
5702,342.072828
5703,342.083923
5704,342.089752
5705,342.090286
5706,342.085503
5707,342.075418
5708,342.060128
5709,342.039895
5710,342.015237
5711,341.987039
5712,341.956605
5713,341.925513
5714,341.895132
5715,341.866409
5716,341.839889
5717,341.815811
5718,341.794217
5719,341.775027
5720,341.758098
5721,341.743256
5722,341.730325
5723,341.719134
5724,341.709524
5725,341.701358
5726,341.694516
5727,341.688899
5728,341.684427
5729,341.68104
5730,341.678697
5731,341.677376
5732,341.67707
5733,341.677794
5734,341.679576
5735,341.682456
5736,341.686487
5737,341.691721
5738,341.698201
5739,341.705936
5740,341.714878
5741,341.724869
5742,341.735589
5743,341.746499
5744,341.75683
5745,341.7657
5746,341.772383
5747,341.776384
5748,341.777419
5749,341.775345
5750,341.770113
5751,341.761723
5752,341.750198
5753,341.735564
5754,341.71784
5755,341.697034
5756,341.673148
5757,341.646177
5758,341.616128
5759,341.583033
5760,341.809487
5761,341.848317
5762,341.882722
5763,341.912619
5764,341.937974
5765,341.958774
5766,341.975022
5767,341.986721
5768,341.993876
5769,341.996498
5770,341.994624
5771,341.988336
5772,341.977799
5773,341.963312
5774,341.945355
5775,341.924632
5776,341.902066
5777,341.878692
5778,341.855459
5779,341.833097
5780,341.812095
5781,341.792735
5782,341.77514
5783,341.759326
5784,341.745241
5785,341.732795
5786,341.721881
5787,341.712384
5788,341.704195
5789,341.69721
5790,341.691337
5791,341.686496
5792,341.682621
5793,341.679658
5794,341.677565
5795,341.676315
5796,341.675892
5797,341.676291
5798,341.677517
5799,341.67958
5800,341.682495
5801,341.686267
5802,341.69089
5803,341.696322
5804,341.702467
5805,341.709147
5806,341.716074
5807,341.722828
5808,341.728877
5809,341.73364
5810,341.736604
5811,341.737381
5812,341.735707
5813,341.731425
5814,341.724452
5815,341.714753
5816,341.70232
5817,341.687161
5818,341.669286
5819,341.648707
5820,341.625439
5821,341.599499
5822,341.570923
5823,341.539765
5824,341.737183
5825,341.772665
5826,341.804406
5827,341.83231
5828,341.856317
5829,341.8764
5830,341.892548
5831,341.904764
5832,341.913067
5833,341.917491
5834,341.918104
5835,341.915021
5836,341.908429
5837,341.898617
5838,341.885998
5839,341.871123
5840,341.854661
5841,341.837334
5842,341.819822
5843,341.802685
5844,341.786338
5845,341.771053
5846,341.756989
5847,341.744213
5848,341.732733
5849,341.722515
5850,341.713504
5851,341.705628
5852,341.698815
5853,341.69299
5854,341.688083
5855,341.684031
5856,341.680777
5857,341.678273
5858,341.676477
5859,341.675358
5860,341.674888
5861,341.675049
5862,341.675826
5863,341.677207
5864,341.679175
5865,341.681708
5866,341.684765
5867,341.688274
5868,341.692122
5869,341.696137
5870,341.700071
5871,341.703602
5872,341.706347
5873,341.707902
5874,341.707898
5875,341.706034
5876,341.702088
5877,341.695911
5878,341.687413
5879,341.676544
5880,341.663283
5881,341.647626
5882,341.629582
5883,341.609165
5884,341.586398
5885,341.561312
5886,341.533955
5887,341.504394
5888,341.676137
5889,341.70877
5890,341.738221
5891,341.764394
5892,341.787221
5893,341.806665
5894,341.82271
5895,341.83536
5896,341.84464
5897,341.850596
5898,341.853311
5899,341.852907
5900,341.849571
5901,341.84356
5902,341.835219
5903,341.824978
5904,341.813336
5905,341.800818
5906,341.787925
5907,341.775092
5908,341.76266
5909,341.750878
5910,341.739908
5911,341.729844
5912,341.72073
5913,341.712568
5914,341.705338
5915,341.699002
5916,341.693515
5917,341.688824
5918,341.684878
5919,341.681626
5920,341.67902
5921,341.677014
5922,341.675567
5923,341.674642
5924,341.674204
5925,341.674223
5926,341.674667
5927,341.675505
5928,341.676703
5929,341.678214
5930,341.679978
5931,341.68191
5932,341.683892
5933,341.685767
5934,341.687329
5935,341.688327
5936,341.688479
5937,341.687493
5938,341.685097
5939,341.681061
5940,341.675207
5941,341.667407
5942,341.657574
5943,341.64566
5944,341.631639
5945,341.615507
5946,341.597271
5947,341.576949
5948,341.554569
5949,341.53017
5950,341.503807
5951,341.475548
5952,341.624328
5953,341.654528
5954,341.682011
5955,341.706683
5956,341.728478
5957,341.747354
5958,341.763294
5959,341.776302
5960,341.786403
5961,341.793651
5962,341.798126
5963,341.799952
5964,341.799296
5965,341.796383
5966,341.791495
5967,341.784971
5968,341.777189
5969,341.768545
5970,341.759418
5971,341.750149
5972,341.741017
5973,341.73224
5974,341.723974
5975,341.716322
5976,341.709345
5977,341.703071
5978,341.697502
5979,341.692625
5980,341.688412
5981,341.68483
5982,341.68184
5983,341.679402
5984,341.677472
5985,341.676007
5986,341.674966
5987,341.674306
5988,341.673986
5989,341.673963
5990,341.674195
5991,341.674636
5992,341.675235
5993,341.675933
5994,341.676656
5995,341.677315
5996,341.677795
5997,341.677955
5998,341.677626
5999,341.67661
6000,341.674696
6001,341.671666
6002,341.667319
6003,341.661481
6004,341.654013
6005,341.64481
6006,341.633801
6007,341.620944
6008,341.606219
6009,341.589623
6010,341.571165
6011,341.550869
6012,341.528768
6013,341.504904
6014,341.479335
6015,341.452129
6016,341.580121
6017,341.608236
6018,341.634023
6019,341.657395
6020,341.678287
6021,341.696658
6022,341.712491
6023,341.725788
6024,341.736575
6025,341.744902
6026,341.750849
6027,341.754525
6028,341.75608
6029,341.755703
6030,341.753625
6031,341.750113
6032,341.745463
6033,341.739977
6034,341.733951
6035,341.727652
6036,341.721313
6037,341.715121
6038,341.709218
6039,341.703708
6040,341.698661
6041,341.694118
6042,341.690096
6043,341.686598
6044,341.683611
6045,341.681115
6046,341.679079
6047,341.677471
6048,341.676251
6049,341.675378
6050,341.674806
6051,341.674489
6052,341.674379
6053,341.674423
6054,341.674567
6055,341.674756
6056,341.674924
6057,341.675004
6058,341.674915
6059,341.674566
6060,341.673848
6061,341.672638
6062,341.670793
6063,341.668159
6064,341.664573
6065,341.659872
6066,341.653909
6067,341.646551
6068,341.637696
6069,341.627263
6070,341.615201
6071,341.601478
6072,341.586084
6073,341.569021
6074,341.550306
6075,341.529967
6076,341.50804
6077,341.484573
6078,341.459622
6079,341.433253
6080,341.542194
6081,341.568514
6082,341.592835
6083,341.615076
6084,341.635177
6085,341.653099
6086,341.668823
6087,341.682352
6088,341.693708
6089,341.702937
6090,341.71011
6091,341.715325
6092,341.718709
6093,341.720421
6094,341.720649
6095,341.719607
6096,341.717525
6097,341.714644
6098,341.711194
6099,341.707394
6100,341.703432
6101,341.699471
6102,341.69564
6103,341.692036
6104,341.688733
6105,341.685778
6106,341.6832
6107,341.681009
6108,341.679206
6109,341.677777
6110,341.676699
6111,341.675945
6112,341.675475
6113,341.675249
6114,341.675219
6115,341.675332
6116,341.675531
6117,341.675757
6118,341.675944
6119,341.676025
6120,341.675928
6121,341.675574
6122,341.67488
6123,341.673753
6124,341.672093
6125,341.66979
6126,341.666725
6127,341.662774
6128,341.657813
6129,341.651721
6130,341.644388
6131,341.635721
6132,341.625646
6133,341.61411
6134,341.60108
6135,341.586539
6136,341.570489
6137,341.552944
6138,341.533926
6139,341.51347
6140,341.491617
6141,341.468418
6142,341.443928
6143,341.418212
6144,341.509472
6145,341.534239
6146,341.557287
6147,341.578543
6148,341.59795
6149,341.615471
6150,341.631088
6151,341.6448
6152,341.656628
6153,341.666612
6154,341.674811
6155,341.681311
6156,341.686218
6157,341.689663
6158,341.691801
6159,341.692803
6160,341.692854
6161,341.692143
6162,341.690858
6163,341.689175
6164,341.687253
6165,341.68523
6166,341.683222
6167,341.681321
6168,341.6796
6169,341.678108
6170,341.676881
6171,341.675937
6172,341.675282
6173,341.674908
6174,341.6748
6175,341.674929
6176,341.67526
6177,341.675748
6178,341.676342
6179,341.676981
6180,341.677601
6181,341.678131
6182,341.678497
6183,341.678621
6184,341.678419
6185,341.677807
6186,341.676697
6187,341.674996
6188,341.672609
6189,341.669439
6190,341.665385
6191,341.660349
6192,341.654234
6193,341.646953
6194,341.638429
6195,341.6286
6196,341.617419
6197,341.60486
6198,341.590908
6199,341.575568
6200,341.558854
6201,341.540791
6202,341.521413
6203,341.500762
6204,341.478883
6205,341.455831
6206,341.431662
6207,341.406436
6208,341.481078
6209,341.504496
6210,341.526435
6211,341.546828
6212,341.565625
6213,341.582789
6214,341.598302
6215,341.612162
6216,341.624385
6217,341.635002
6218,341.644065
6219,341.651645
6220,341.65783
6221,341.662729
6222,341.666465
6223,341.669179
6224,341.671018
6225,341.672137
6226,341.672689
6227,341.672818
6228,341.672658
6229,341.672331
6230,341.671939
6231,341.671568
6232,341.671288
6233,341.671151
6234,341.671196
6235,341.671447
6236,341.671914
6237,341.672595
6238,341.673476
6239,341.674531
6240,341.675723
6241,341.677004
6242,341.678316
6243,341.679592
6244,341.680757
6245,341.681728
6246,341.682419
6247,341.68274
6248,341.682597
6249,341.681897
6250,341.680547
6251,341.678453
6252,341.675524
6253,341.671672
6254,341.666812
6255,341.660863
6256,341.653756
6257,341.645428
6258,341.63583
6259,341.62493
6260,341.612708
6261,341.599161
6262,341.584299
6263,341.568144
6264,341.550729
6265,341.532094
6266,341.512285
6267,341.491351
6268,341.469345
6269,341.446324
6270,341.422346
6271,341.397468
6272,341.456299
6273,341.478538
6274,341.499506
6275,341.519144
6276,341.537403
6277,341.554251
6278,341.569667
6279,341.583648
6280,341.596204
6281,341.60736
6282,341.617159
6283,341.625657
6284,341.632927
6285,341.639056
6286,341.644147
6287,341.648311
6288,341.65167
6289,341.654349
6290,341.656475
6291,341.65817
6292,341.659548
6293,341.660715
6294,341.661764
6295,341.662776
6296,341.663818
6297,341.664944
6298,341.666196
6299,341.667601
6300,341.669175
6301,341.670918
6302,341.67282
6303,341.674854
6304,341.676982
6305,341.679151
6306,341.681294
6307,341.683336
6308,341.685187
6309,341.686752
6310,341.68793
6311,341.688614
6312,341.688699
6313,341.688081
6314,341.68666
6315,341.684339
6316,341.681029
6317,341.676648
6318,341.671124
6319,341.664391
6320,341.656401
6321,341.647114
6322,341.636509
6323,341.624578
6324,341.611329
6325,341.596785
6326,341.580981
6327,341.563962
6328,341.545782
6329,341.526497
6330,341.506166
6331,341.48485
6332,341.46261
6333,341.439506
6334,341.415597
6335,341.390937
6336,341.434549
6337,341.455752
6338,341.475868
6339,341.494842
6340,341.51263
6341,341.529198
6342,341.544529
6343,341.558614
6344,341.571459
6345,341.583084
6346,341.593519
6347,341.602809
6348,341.611013
6349,341.6182
6350,341.624452
6351,341.629862
6352,341.634527
6353,341.638553
6354,341.642044
6355,341.645105
6356,341.647836
6357,341.650331
6358,341.652675
6359,341.654945
6360,341.657208
6361,341.659519
6362,341.661924
6363,341.664454
6364,341.667129
6365,341.669955
6366,341.672922
6367,341.676004
6368,341.67916
6369,341.68233
6370,341.68544
6371,341.6884
6372,341.691104
6373,341.693439
6374,341.695284
6375,341.696516
6376,341.697011
6377,341.696653
6378,341.695329
6379,341.692938
6380,341.689391
6381,341.68461
6382,341.67853
6383,341.671103
6384,341.662295
6385,341.652091
6386,341.640492
6387,341.627519
6388,341.613208
6389,341.597611
6390,341.580791
6391,341.56282
6392,341.543775
6393,341.523733
6394,341.502769
6395,341.480958
6396,341.458368
6397,341.435064
6398,341.411106
6399,341.386547
6400,341.415346
6401,341.435637
6402,341.455002
6403,341.473393
6404,341.490767
6405,341.507095
6406,341.522355
6407,341.536538
6408,341.549644
6409,341.561685
6410,341.572684
6411,341.582672
6412,341.591694
6413,341.599806
6414,341.607072
6415,341.613567
6416,341.619372
6417,341.624574
6418,341.629262
6419,341.633528
6420,341.637459
6421,341.641142
6422,341.644658
6423,341.648081
6424,341.651478
6425,341.654909
6426,341.658423
6427,341.662058
6428,341.66584
6429,341.669779
6430,341.673868
6431,341.678085
6432,341.682382
6433,341.686694
6434,341.690934
6435,341.694994
6436,341.698749
6437,341.702063
6438,341.704789
6439,341.706779
6440,341.707887
6441,341.707978
6442,341.706926
6443,341.704621
6444,341.70097
6445,341.695896
6446,341.689344
6447,341.681276
6448,341.671675
6449,341.660547
6450,341.647919
6451,341.633841
6452,341.61838
6453,341.601621
6454,341.583661
6455,341.564603
6456,341.544554
6457,341.523614
6458,341.50188
6459,341.47944
6460,341.456371
6461,341.432745
6462,341.408621
6463,341.384052
6464,341.398296
6465,341.417777
6466,341.43648
6467,341.454359
6468,341.471375
6469,341.487499
6470,341.50271
6471,341.516994
6472,341.530348
6473,341.542774
6474,341.554286
6475,341.564906
6476,341.574664
6477,341.583602
6478,341.591769
6479,341.599226
6480,341.606039
6481,341.612282
6482,341.618032
6483,341.623369
6484,341.628375
6485,341.63313
6486,341.637711
6487,341.642195
6488,341.646651
6489,341.651145
6490,341.655732
6491,341.66046
6492,341.665363
6493,341.670458
6494,341.675746
6495,341.681202
6496,341.686779
6497,341.692403
6498,341.697971
6499,341.703356
6500,341.708405
6501,341.71295
6502,341.71681
6503,341.719806
6504,341.721761
6505,341.722515
6506,341.721923
6507,341.719863
6508,341.716235
6509,341.710964
6510,341.703997
6511,341.695309
6512,341.6849
6513,341.672795
6514,341.65905
6515,341.643745
6516,341.626985
6517,341.608894
6518,341.589611
6519,341.569278
6520,341.548036
6521,341.526018
6522,341.503343
6523,341.480115
6524,341.456423
6525,341.432344
6526,341.407937
6527,341.383252
6528,341.383067
6529,341.401829
6530,341.419947
6531,341.437378
6532,341.454089
6533,341.470049
6534,341.485237
6535,341.499637
6536,341.513239
6537,341.526039
6538,341.538039
6539,341.549249
6540,341.559688
6541,341.569383
6542,341.57837
6543,341.586696
6544,341.594416
6545,341.601593
6546,341.608295
6547,341.614595
6548,341.620569
6549,341.626294
6550,341.631849
6551,341.637312
6552,341.642759
6553,341.648264
6554,341.653894
6555,341.659708
6556,341.665753
6557,341.672059
6558,341.678633
6559,341.685458
6560,341.692484
6561,341.699628
6562,341.706771
6563,341.713757
6564,341.720399
6565,341.726487
6566,341.731794
6567,341.736095
6568,341.739174
6569,341.740838
6570,341.740916
6571,341.739271
6572,341.735795
6573,341.730409
6574,341.723065
6575,341.713748
6576,341.702473
6577,341.689288
6578,341.674276
6579,341.657556
6580,341.639277
6581,341.619611
6582,341.598749
6583,341.576884
6584,341.554203
6585,341.530875
6586,341.507048
6587,341.482845
6588,341.458366
6589,341.43369
6590,341.408878
6591,341.383974
6592,341.369386
6593,341.387506
6594,341.405107
6595,341.422151
6596,341.438607
6597,341.454446
6598,341.469646
6599,341.484187
6600,341.498055
6601,341.511235
6602,341.52372
6603,341.535506
6604,341.546597
6605,341.557007
6606,341.566759
6607,341.575888
6608,341.584439
6609,341.592467
6610,341.600032
6611,341.607204
6612,341.614054
6613,341.620661
6614,341.627106
6615,341.633471
6616,341.639843
6617,341.646308
6618,341.652949
6619,341.659844
6620,341.667057
6621,341.674636
6622,341.682604
6623,341.690951
6624,341.69963
6625,341.70855
6626,341.717572
6627,341.726506
6628,341.735119
6629,341.743141
6630,341.750284
6631,341.756261
6632,341.760801
6633,341.763667
6634,341.764658
6635,341.763618
6636,341.760425
6637,341.755
6638,341.747297
6639,341.737309
6640,341.725067
6641,341.71064
6642,341.694145
6643,341.675742
6644,341.655633
6645,341.634056
6646,341.611269
6647,341.587532
6648,341.56309
6649,341.538159
6650,341.512921
6651,341.48752
6652,341.462064
6653,341.436636
6654,341.411291
6655,341.386067
6656,341.35702
6657,341.374566
6658,341.391712
6659,341.408425
6660,341.424677
6661,341.440442
6662,341.455696
6663,341.470417
6664,341.484585
6665,341.498175
6666,341.511166
6667,341.523539
6668,341.535282
6669,341.546392
6670,341.55688
6671,341.566769
6672,341.576097
6673,341.58491
6674,341.593267
6675,341.601232
6676,341.608879
6677,341.616285
6678,341.623538
6679,341.63073
6680,341.637959
6681,341.645328
6682,341.652943
6683,341.660907
6684,341.669313
6685,341.678234
6686,341.687715
6687,341.697765
6688,341.708342
6689,341.719352
6690,341.730631
6691,341.741952
6692,341.753016
6693,341.763475
6694,341.772951
6695,341.781069
6696,341.787486
6697,341.791908
6698,341.794098
6699,341.793875
6700,341.791109
6701,341.785716
6702,341.777653
6703,341.76692
6704,341.75356
6705,341.737666
6706,341.719387
6707,341.698933
6708,341.676574
6709,341.65263
6710,341.627453
6711,341.601394
6712,341.574777
6713,341.547876
6714,341.520911
6715,341.494046
6716,341.467398
6717,341.441044
6718,341.415033
6719,341.389389
6720,341.345773
6721,341.362804
6722,341.37955
6723,341.395986
6724,341.412086
6725,341.427827
6726,341.443188
6727,341.458143
6728,341.472665
6729,341.48672
6730,341.500267
6731,341.513269
6732,341.525692
6733,341.537515
6734,341.548733
6735,341.559362
6736,341.56943
6737,341.57898
6738,341.588069
6739,341.59676
6740,341.605129
6741,341.613257
6742,341.621238
6743,341.629174
6744,341.637181
6745,341.645384
6746,341.653922
6747,341.662931
6748,341.672545
6749,341.682876
6750,341.694003
6751,341.705962
6752,341.718728
6753,341.732208
6754,341.74622
6755,341.760485
6756,341.774624
6757,341.788172
6758,341.800623
6759,341.811478
6760,341.820293
6761,341.826703
6762,341.830429
6763,341.83127
6764,341.829087
6765,341.823794
6766,341.815352
6767,341.803766
6768,341.789087
6769,341.771426
6770,341.750964
6771,341.727967
6772,341.70279
6773,341.675865
6774,341.647677
6775,341.618704
6776,341.589377
6777,341.560046
6778,341.53097
6779,341.502332
6780,341.474245
6781,341.446776
6782,341.419958
6783,341.393797
6784,341.335475
6785,341.352041
6786,341.368439
6787,341.384648
6788,341.400648
6789,341.416423
6790,341.431953
6791,341.447213
6792,341.462169
6793,341.476773
6794,341.490963
6795,341.504672
6796,341.517837
6797,341.530415
6798,341.542384
6799,341.55375
6800,341.564538
6801,341.57479
6802,341.584561
6803,341.593919
6804,341.602939
6805,341.611711
6806,341.620333
6807,341.628922
6808,341.637611
6809,341.646558
6810,341.655939
6811,341.665944
6812,341.676762
6813,341.68856
6814,341.701469
6815,341.715566
6816,341.73086
6817,341.747271
6818,341.764607
6819,341.782533
6820,341.800562
6821,341.818066
6822,341.83434
6823,341.848701
6824,341.860569
6825,341.869494
6826,341.875158
6827,341.877344
6828,341.875915
6829,341.870791
6830,341.861935
6831,341.849353
6832,341.833097
6833,341.813286
6834,341.790125
6835,341.763936
6836,341.735178
6837,341.704441
6838,341.672404
6839,341.639736
6840,341.607016
6841,341.574683
6842,341.543039
6843,341.512268
6844,341.48247
6845,341.453684
6846,341.425914
6847,341.39914
6848,341.325974
6849,341.342121
6850,341.358217
6851,341.374247
6852,341.390202
6853,341.406071
6854,341.421844
6855,341.437499
6856,341.452997
6857,341.468274
6858,341.483239
6859,341.497782
6860,341.511795
6861,341.525203
6862,341.537968
6863,341.550089
6864,341.56159
6865,341.572518
6866,341.58293
6867,341.592898
6868,341.602502
6869,341.611836
6870,341.621005
6871,341.630138
6872,341.63939
6873,341.648953
6874,341.659056
6875,341.669961
6876,341.681941
6877,341.69524
6878,341.710061
6879,341.726541
6880,341.744746
6881,341.764636
6882,341.786027
6883,341.808538
6884,341.831544
6885,341.854175
6886,341.87541
6887,341.894284
6888,341.910028
6889,341.922107
6890,341.930175
6891,341.934025
6892,341.933539
6893,341.92865
6894,341.919331
6895,341.905579
6896,341.887435
6897,341.865002
6898,341.838489
6899,341.808261
6900,341.774897
6901,341.739211
6902,341.702184
6903,341.664784
6904,341.627797
6905,341.591765
6906,341.557016
6907,341.523712
6908,341.491907
6909,341.461594
6910,341.432728
6911,341.40525
6912,341.317137
6913,341.332903
6914,341.348736
6915,341.364633
6916,341.380594
6917,341.396624
6918,341.412724
6919,341.428882
6920,341.445064
6921,341.461192
6922,341.477131
6923,341.492701
6924,341.507721
6925,341.522073
6926,341.535704
6927,341.548612
6928,341.560831
6929,341.572415
6930,341.583432
6931,341.593957
6932,341.604078
6933,341.613888
6934,341.6235
6935,341.63305
6936,341.64271
6937,341.65271
6938,341.663345
6939,341.674985
6940,341.688023
6941,341.702816
6942,341.719655
6943,341.738766
6944,341.760298
6945,341.784293
6946,341.810628
6947,341.83891
6948,341.868364
6949,341.897755
6950,341.925514
6951,341.950221
6952,341.970869
6953,341.986855
6954,341.997854
6955,342.003713
6956,342.004365
6957,341.999779
6958,341.989936
6959,341.974821
6960,341.954434
6961,341.928827
6962,341.898162
6963,341.862806
6964,341.823452
6965,341.781224
6966,341.737622
6967,341.694105
6968,341.651747
6969,341.611187
6970,341.572727
6971,341.536458
6972,341.502344
6973,341.470295
6974,341.440197
6975,341.411936
6976,341.30884
6977,341.324257
6978,341.339863
6979,341.355665
6980,341.371681
6981,341.387935
6982,341.404449
6983,341.421239
6984,341.438285
6985,341.455509
6986,341.472721
6987,341.489614
6988,341.505873
6989,341.521323
6990,341.535909
6991,341.549648
6992,341.562594
6993,341.57482
6994,341.586406
6995,341.597438
6996,341.608006
6997,341.618206
6998,341.628148
6999,341.637967
7000,341.647841
7001,341.658028
7002,341.668902
7003,341.68099
7004,341.694891
7005,341.711105
7006,341.73003
7007,341.751996
7008,341.777274
7009,341.806056
7010,341.83837
7011,341.873922
7012,341.911838
7013,341.950356
7014,341.986847
7015,342.019118
7016,342.04591
7017,342.066648
7018,342.081137
7019,342.089355
7020,342.091339
7021,342.087119
7022,342.076691
7023,342.060013
7024,342.037012
7025,342.007627
7026,341.971884
7027,341.930037
7028,341.882813
7029,341.831741
7030,341.779294
7031,341.72781
7032,341.678726
7033,341.632693
7034,341.589883
7035,341.550218
7036,341.513509
7037,341.479536
7038,341.448088
7039,341.418979
7040,341.300971
7041,341.316063
7042,341.331467
7043,341.347206
7044,341.363316
7045,341.379848
7046,341.396861
7047,341.414413
7048,341.432536
7049,341.451185
7050,341.470128
7051,341.488817
7052,341.506636
7053,341.523372
7054,341.539012
7055,341.553624
7056,341.567303
7057,341.580153
7058,341.592274
7059,341.603762
7060,341.614712
7061,341.625217
7062,341.635375
7063,341.645303
7064,341.65516
7065,341.665195
7066,341.675848
7067,341.687901
7068,341.702338
7069,341.719824
7070,341.740845
7071,341.765838
7072,341.795236
7073,341.829463
7074,341.868859
7075,341.913476
7076,341.962612
7077,342.013903
7078,342.06235
7079,342.104397
7080,342.138727
7081,342.165079
7082,342.183585
7083,342.194479
7084,342.197963
7085,342.194162
7086,342.183097
7087,342.16468
7088,342.138725
7089,342.104979
7090,342.063184
7091,342.013248
7092,341.955628
7093,341.892184
7094,341.827524
7095,341.76565
7096,341.708277
7097,341.6558
7098,341.608038
7099,341.5646
7100,341.525059
7101,341.489016
7102,341.456132
7103,341.426135
7104,341.293421
7105,341.308206
7106,341.323426
7107,341.339121
7108,341.35535
7109,341.372196
7110,341.389766
7111,341.408188
7112,341.427596
7113,341.448075
7114,341.469472
7115,341.490774
7116,341.510565
7117,341.528771
7118,341.54554
7119,341.561047
7120,341.575453
7121,341.588902
7122,341.60152
7123,341.613415
7124,341.624686
7125,341.635418
7126,341.645689
7127,341.655578
7128,341.665177
7129,341.674642
7130,341.684346
7131,341.695505
7132,341.710004
7133,341.728552
7134,341.751626
7135,341.779737
7136,341.813502
7137,341.853672
7138,341.901101
7139,341.956621
7140,342.020534
7141,342.090764
7142,342.156068
7143,342.21046
7144,342.253637
7145,342.286302
7146,342.30922
7147,342.323012
7148,342.328116
7149,342.324775
7150,342.313039
7151,342.292767
7152,342.263621
7153,342.225074
7154,342.176411
7155,342.116804
7156,342.045609
7157,341.963835
7158,341.881775
7159,341.806608
7160,341.739435
7161,341.679715
7162,341.626561
7163,341.579102
7164,341.536585
7165,341.498391
7166,341.464031
7167,341.433132
7168,341.28609
7169,341.300577
7170,341.315621
7171,341.331277
7172,341.347628
7173,341.364794
7174,341.382934
7175,341.402262
7176,341.423056
7177,341.445689
7178,341.470674
7179,341.496259
7180,341.518366
7181,341.538111
7182,341.556012
7183,341.572394
7184,341.587495
7185,341.601505
7186,341.614576
7187,341.626831
7188,341.638369
7189,341.649269
7190,341.659581
7191,341.669332
7192,341.678506
7193,341.687014
7194,341.694572
7195,341.703195
7196,341.717281
7197,341.736721
7198,341.761781
7199,341.792997
7200,341.831175
7201,341.87743
7202,341.933264
7203,342.000713
7204,342.082664
7205,342.183672
7206,342.273646
7207,342.342343
7208,342.394987
7209,342.434219
7210,342.461676
7211,342.478439
7212,342.485204
7213,342.482343
7214,342.469937
7215,342.447787
7216,342.415392
7217,342.371916
7218,342.316097
7219,342.24602
7220,342.158449
7221,342.046389
7222,341.939045
7223,341.848295
7224,341.770568
7225,341.703321
7226,341.644657
7227,341.59313
7228,341.547626
7229,341.507288
7230,341.471467
7231,341.439686
7232,341.278887
7233,341.293078
7234,341.307941
7235,341.323547
7236,341.340003
7237,341.357459
7238,341.376121
7239,341.396268
7240,341.418274
7241,341.442633
7242,341.469931
7243,341.497982
7244,341.521928
7245,341.543022
7246,341.561939
7247,341.579107
7248,341.594827
7249,341.60933
7250,341.622792
7251,341.635349
7252,341.647106
7253,341.658131
7254,341.668458
7255,341.678078
7256,341.686914
7257,341.694793
7258,341.701385
7259,341.709135
7260,341.723243
7261,341.743663
7262,341.770666
7263,341.80487
7264,341.847262
7265,341.899267
7266,341.962867
7267,342.040804
7268,342.13681
7269,342.255578
7270,342.36145
7271,342.441882
7272,342.502969
7273,342.548242
7274,342.57993
7275,342.599485
7276,342.60782
7277,342.605424
7278,342.592406
7279,342.568512
7280,342.533099
7281,342.485071
7282,342.422731
7283,342.343476
7284,342.24306
7285,342.113807
7286,341.990106
7287,341.886714
7288,341.799575
7289,341.725338
7290,341.661467
7291,341.606066
7292,341.557708
7293,341.515323
7294,341.478116
7295,341.44551
7296,341.271725
7297,341.285615
7298,341.300284
7299,341.315817
7300,341.332339
7301,341.350026
7302,341.369117
7303,341.389933
7304,341.412894
7305,341.438523
7306,341.467369
7307,341.497012
7308,341.522308
7309,341.544481
7310,341.564248
7311,341.582087
7312,341.598339
7313,341.613263
7314,341.627056
7315,341.639866
7316,341.651801
7317,341.662929
7318,341.673274
7319,341.68281
7320,341.691449
7321,341.699015
7322,341.70525
7323,341.712843
7324,341.72733
7325,341.748826
7326,341.777699
7327,341.814672
7328,341.860887
7329,341.917987
7330,341.988231
7331,342.074645
7332,342.181062
7333,342.311568
7334,342.428396
7335,342.517839
7336,342.585914
7337,342.636418
7338,342.67187
7339,342.69395
7340,342.703726
7341,342.701771
7342,342.688217
7343,342.662768
7344,342.624675
7345,342.572663
7346,342.504784
7347,342.418128
7348,342.308227
7349,342.167715
7350,342.03281
7351,341.919811
7352,341.824957
7353,341.744708
7354,341.676225
7355,341.617332
7356,341.56638
7357,341.52213
7358,341.483665
7359,341.450323
7360,341.264527
7361,341.278105
7362,341.292559
7363,341.307984
7364,341.32452
7365,341.342362
7366,341.36177
7367,341.383087
7368,341.406749
7369,341.433278
7370,341.463174
7371,341.493889
7372,341.520149
7373,341.543139
7374,341.563576
7375,341.581956
7376,341.598642
7377,341.613909
7378,341.627971
7379,341.640984
7380,341.653062
7381,341.664274
7382,341.674646
7383,341.684153
7384,341.692713
7385,341.700182
7386,341.706384
7387,341.714153
7388,341.72921
7389,341.751806
7390,341.782412
7391,341.821854
7392,341.871393
7393,341.932803
7394,342.008479
7395,342.101516
7396,342.215635
7397,342.354429
7398,342.479112
7399,342.575365
7400,342.649002
7401,342.703838
7402,342.742494
7403,342.766768
7404,342.777818
7405,342.77627
7406,342.762272
7407,342.735501
7408,342.695141
7409,342.639816
7410,342.567457
7411,342.475065
7412,342.358207
7413,342.209821
7414,342.066966
7415,341.946789
7416,341.845871
7417,341.760702
7418,341.688336
7419,341.626449
7420,341.573251
7421,341.527382
7422,341.487831
7423,341.45387
7424,341.257225
7425,341.270476
7426,341.284687
7427,341.299963
7428,341.316454
7429,341.334366
7430,341.353973
7431,341.375628
7432,341.399771
7433,341.426909
7434,341.457506
7435,341.488943
7436,341.515871
7437,341.539449
7438,341.560383
7439,341.579172
7440,341.596187
7441,341.611717
7442,341.62598
7443,341.639145
7444,341.651329
7445,341.662608
7446,341.67301
7447,341.682523
7448,341.691081
7449,341.698579
7450,341.704904
7451,341.712994
7452,341.728681
7453,341.752317
7454,341.784461
7455,341.826022
7456,341.878341
7457,341.94327
7458,342.023254
7459,342.121374
7460,342.241207
7461,342.38602
7462,342.516443
7463,342.617812
7464,342.695771
7465,342.754077
7466,342.795365
7467,342.821477
7468,342.833616
7469,342.832438
7470,342.818098
7471,342.790257
7472,342.748066
7473,342.6901
7474,342.614251
7475,342.517521
7476,342.395572
7477,342.241548
7478,342.092967
7479,341.967479
7480,341.861924
7481,341.772881
7482,341.697388
7483,341.633052
7484,341.578
7485,341.530798
7486,341.490366
7487,341.455924
7488,341.24976
7489,341.262664
7490,341.276602
7491,341.291683
7492,341.308066
7493,341.325964
7494,341.345657
7495,341.367502
7496,341.391936
7497,341.419456
7498,341.450497
7499,341.482395
7500,341.509762
7501,341.533734
7502,341.555007
7503,341.574077
7504,341.59132
7505,341.607027
7506,341.621425
7507,341.634686
7508,341.646935
7509,341.658254
7510,341.668679
7511,341.678209
7512,341.686799
7513,341.694379
7514,341.700886
7515,341.709328
7516,341.725613
7517,341.750163
7518,341.783606
7519,341.82691
7520,341.88147
7521,341.949176
7522,342.032485
7523,342.134437
7524,342.258491
7525,342.4077
7526,342.542326
7527,342.647504
7528,342.728754
7529,342.789762
7530,342.833143
7531,342.860745
7532,342.873788
7533,342.87294
7534,342.858359
7535,342.829701
7536,342.7861
7537,342.726117
7538,342.647643
7539,342.547716
7540,342.422085
7541,342.264028
7542,342.111341
7543,341.981988
7544,341.872989
7545,341.781013
7546,341.703113
7547,341.636875
7548,341.580382
7549,341.532152
7550,341.491061
7551,341.456294
7552,341.242082
7553,341.254617
7554,341.268247
7555,341.283087
7556,341.299299
7557,341.3171
7558,341.336774
7559,341.358678
7560,341.383246
7561,341.410962
7562,341.442245
7563,341.474403
7564,341.502022
7565,341.526224
7566,341.547696
7567,341.566928
7568,341.584297
7569,341.600098
7570,341.61456
7571,341.62786
7572,341.640129
7573,341.651452
7574,341.661877
7575,341.671413
7576,341.680035
7577,341.687698
7578,341.694377
7579,341.703133
7580,341.719921
7581,341.745215
7582,341.77969
7583,341.824356
7584,341.880638
7585,341.950448
7586,342.036235
7587,342.141
7588,342.268112
7589,342.420486
7590,342.558147
7591,342.666101
7592,342.74979
7593,342.812835
7594,342.857823
7595,342.886591
7596,342.90036
7597,342.899804
7598,342.88508
7599,342.855843
7600,342.811222
7601,342.74978
7602,342.669423
7603,342.567228
7604,342.439015
7605,342.278146
7606,342.122593
7607,341.990522
7608,341.879076
7609,341.784992
7610,341.705352
7611,341.637738
7612,341.580214
7613,341.531269
7614,341.489752
7615,341.454822
7616,341.234148
7617,341.246289
7618,341.259577
7619,341.274128
7620,341.290107
7621,341.307734
7622,341.327293
7623,341.34914
7624,341.373704
7625,341.401463
7626,341.432823
7627,341.465077
7628,341.492792
7629,341.517081
7630,341.538625
7631,341.55791
7632,341.57531
7633,341.591121
7634,341.605576
7635,341.618855
7636,341.63109
7637,341.642376
7638,341.652764
7639,341.662276
7640,341.670899
7641,341.67861
7642,341.68541
7643,341.694394
7644,341.711551
7645,341.73739
7646,341.772615
7647,341.818263
7648,341.875781
7649,341.947085
7650,342.034616
7651,342.141341
7652,342.270571
7653,342.425131
7654,342.564894
7655,342.674787
7656,342.760199
7657,342.824706
7658,342.870868
7659,342.900508
7660,342.914841
7661,342.914541
7662,342.899765
7663,342.870168
7664,342.824881
7665,342.762473
7666,342.68087
7667,342.577179
7668,342.447274
7669,342.284567
7670,342.127145
7671,341.993298
7672,341.880249
7673,341.784785
7674,341.704014
7675,341.635521
7676,341.577365
7677,341.528016
7678,341.48631
7679,341.451387
7680,341.225922
7681,341.237644
7682,341.250554
7683,341.26477
7684,341.280457
7685,341.297836
7686,341.31719
7687,341.338874
7688,341.363315
7689,341.390984
7690,341.422281
7691,341.454489
7692,341.482166
7693,341.506417
7694,341.527918
7695,341.54715
7696,341.564489
7697,341.580229
7698,341.594605
7699,341.607799
7700,341.619946
7701,341.631143
7702,341.641449
7703,341.65089
7704,341.659466
7705,341.667164
7706,341.674005
7707,341.683102
7708,341.700469
7709,341.726634
7710,341.76232
7711,341.808581
7712,341.866872
7713,341.939113
7714,342.027735
7715,342.135686
7716,342.266238
7717,342.422164
7718,342.563248
7719,342.674372
7720,342.760891
7721,342.826355
7722,342.873303
7723,342.903545
7724,342.918292
7725,342.918215
7726,342.903472
7727,342.873717
7728,342.828086
7729,342.765154
7730,342.682861
7731,342.578339
7732,342.447491
7733,342.283765
7734,342.125311
7735,341.990493
7736,341.87658
7737,341.780391
7738,341.69905
7739,341.63015
7740,341.571745
7741,341.5223
7742,341.48064
7743,341.445899
7744,341.217372
7745,341.22865
7746,341.241147
7747,341.254983
7748,341.270321
7749,341.287381
7750,341.306448
7751,341.327873
7752,341.352081
7753,341.37954
7754,341.410648
7755,341.442684
7756,341.4702
7757,341.494298
7758,341.515647
7759,341.534729
7760,341.551917
7761,341.567506
7762,341.581731
7763,341.594775
7764,341.606775
7765,341.617828
7766,341.627998
7767,341.637313
7768,341.645778
7769,341.653388
7770,341.66017
7771,341.669249
7772,341.686651
7773,341.712914
7774,341.748772
7775,341.795282
7776,341.853905
7777,341.926559
7778,342.015674
7779,342.124185
7780,342.255349
7781,342.411918
7782,342.553632
7783,342.665355
7784,342.752429
7785,342.818391
7786,342.865766
7787,342.896362
7788,342.911383
7789,342.911499
7790,342.896867
7791,342.867144
7792,342.821466
7793,342.758415
7794,342.675939
7795,342.571181
7796,342.440059
7797,342.276038
7798,342.117298
7799,341.98223
7800,341.868125
7801,341.771816
7802,341.690434
7803,341.621576
7804,341.563296
7805,341.514057
7806,341.47268
7807,341.438293
7808,341.208475
7809,341.219281
7810,341.231331
7811,341.244742
7812,341.259676
7813,341.276352
7814,341.29505
7815,341.316124
7816,341.339995
7817,341.367133
7818,341.397933
7819,341.429678
7820,341.45692
7821,341.480753
7822,341.501847
7823,341.520682
7824,341.537632
7825,341.552991
7826,341.566993
7827,341.579821
7828,341.591612
7829,341.602465
7830,341.61244
7831,341.621568
7832,341.629854
7833,341.637291
7834,341.643907
7835,341.652826
7836,341.670081
7837,341.696211
7838,341.731948
7839,341.778349
7840,341.836873
7841,341.909436
7842,341.998468
7843,342.106906
7844,342.238011
7845,342.394541
7846,342.536236
7847,342.647964
7848,342.735069
7849,342.801089
7850,342.848552
7851,342.879261
7852,342.894422
7853,342.894701
7854,342.880258
7855,342.850747
7856,342.805308
7857,342.742525
7858,342.660346
7859,342.555915
7860,342.425151
7861,342.261518
7862,342.103194
7863,341.968563
7864,341.854908
7865,341.75906
7866,341.678148
7867,341.609771
7868,341.551984
7869,341.50325
7870,341.46239
7871,341.428534
7872,341.199207
7873,341.209516
7874,341.221086
7875,341.234029
7876,341.248506
7877,341.264732
7878,341.282984
7879,341.303615
7880,341.327047
7881,341.353752
7882,341.384128
7883,341.415466
7884,341.442318
7885,341.465777
7886,341.486513
7887,341.505006
7888,341.52163
7889,341.53668
7890,341.550387
7891,341.562934
7892,341.574456
7893,341.585049
7894,341.594773
7895,341.603653
7896,341.61169
7897,341.618869
7898,341.625208
7899,341.633824
7900,341.650749
7901,341.676515
7902,341.711841
7903,341.757775
7904,341.815769
7905,341.887736
7906,341.976107
7907,342.083835
7908,342.214203
7909,342.370005
7910,342.511027
7911,342.62216
7912,342.708769
7913,342.774411
7914,342.821621
7915,342.852206
7916,342.867372
7917,342.867786
7918,342.853605
7919,342.824486
7920,342.77957
7921,342.717441
7922,342.636041
7923,342.532505
7924,342.402733
7925,342.240175
7926,342.082977
7927,341.949473
7928,341.836914
7929,341.74211
7930,341.662182
7931,341.594724
7932,341.537795
7933,341.489864
7934,341.449757
7935,341.416607
7936,341.189549
7937,341.199336
7938,341.210395
7939,341.222831
7940,341.2368
7941,341.252511
7942,341.270239
7943,341.290333
7944,341.31322
7945,341.339373
7946,341.369204
7947,341.400014
7948,341.426358
7949,341.449329
7950,341.469599
7951,341.487654
7952,341.503865
7953,341.518526
7954,341.531868
7955,341.544069
7956,341.555262
7957,341.56554
7958,341.574957
7959,341.583533
7960,341.591256
7961,341.598098
7962,341.604056
7963,341.612228
7964,341.628648
7965,341.653823
7966,341.688451
7967,341.73356
7968,341.790584
7969,341.861431
7970,341.948535
7971,342.05487
7972,342.183771
7973,342.338105
7974,342.477746
7975,342.587636
7976,342.673189
7977,342.737991
7978,342.784593
7979,342.814809
7980,342.829843
7981,342.830361
7982,342.816519
7983,342.787976
7984,342.743876
7985,342.682801
7986,342.602688
7987,342.500652
7988,342.372558
7989,342.211815
7990,342.056508
7991,341.924873
7992,341.814096
7993,341.720946
7994,341.642528
7995,341.576436
7996,341.520736
7997,341.473909
7998,341.43479
7999,341.402523
8000,341.179481
8001,341.188725
8002,341.199246
8003,341.211142
8004,341.224554
8005,341.239686
8006,341.256807
8007,341.276266
8008,341.298488
8009,341.323961
8010,341.353111
8011,341.383261
8012,341.408964
8013,341.431321
8014,341.451013
8015,341.468527
8016,341.484235
8017,341.498429
8018,341.511334
8019,341.523126
8020,341.533934
8021,341.543845
8022,341.552907
8023,341.561131
8024,341.568491
8025,341.574933
8026,341.580418
8027,341.588018
8028,341.603772
8029,341.628144
8030,341.661793
8031,341.705714
8032,341.761316
8033,341.830487
8034,341.915659
8035,342.019835
8036,342.146424
8037,342.298431
8038,342.435869
8039,342.543773
8040,342.627638
8041,342.691095
8042,342.736711
8043,342.766298
8044,342.781056
8045,342.781644
8046,342.76822
8047,342.740446
8048,342.69747
8049,342.637881
8050,342.559615
8051,342.459764
8052,342.334139
8053,342.176066
8054,342.023533
8055,341.894616
8056,341.786382
8057,341.695544
8058,341.619193
8059,341.55493
8060,341.500838
8061,341.455418
8062,341.417524
8063,341.386315
8064,341.168977
8065,341.177666
8066,341.187635
8067,341.19896
8068,341.211771
8069,341.22626
8070,341.24269
8071,341.261403
8072,341.282827
8073,341.30746
8074,341.335765
8075,341.365097
8076,341.389997
8077,341.411595
8078,341.430584
8079,341.447451
8080,341.462564
8081,341.476209
8082,341.488608
8083,341.49993
8084,341.510298
8085,341.519796
8086,341.528464
8087,341.536303
8088,341.54327
8089,341.54928
8090,341.554232
8091,341.56116
8092,341.576122
8093,341.599504
8094,341.631906
8095,341.674278
8096,341.727986
8097,341.794883
8098,341.877381
8099,341.978494
8100,342.101725
8101,342.250321
8102,342.38452
8103,342.489527
8104,342.570965
8105,342.632509
8106,342.676723
8107,342.705404
8108,342.719733
8109,342.720359
8110,342.707436
8111,342.680632
8112,342.639111
8113,342.581483
8114,342.505697
8115,342.40884
8116,342.286664
8117,342.132337
8118,341.983687
8119,341.858513
8120,341.753699
8121,341.6659
8122,341.592209
8123,341.530254
8124,341.478157
8125,341.43445
8126,341.398019
8127,341.368043
8128,341.157996
8129,341.166142
8130,341.17556
8131,341.186297
8132,341.198466
8133,341.212249
8134,341.227898
8135,341.245746
8136,341.266212
8137,341.289802
8138,341.317025
8139,341.345301
8140,341.369183
8141,341.389848
8142,341.407991
8143,341.424094
8144,341.438514
8145,341.451528
8146,341.463349
8147,341.474139
8148,341.484016
8149,341.493057
8150,341.501298
8151,341.508734
8152,341.515309
8153,341.52091
8154,341.525351
8155,341.531593
8156,341.545708
8157,341.567952
8158,341.598859
8159,341.639323
8160,341.690655
8161,341.754642
8162,341.833633
8163,341.930599
8164,342.049092
8165,342.192694
8166,342.322179
8167,342.423112
8168,342.501244
8169,342.560231
8170,342.60259
8171,342.630067
8172,342.643805
8173,342.644433
8174,342.632097
8175,342.60648
8176,342.566773
8177,342.511628
8178,342.439049
8179,342.346171
8180,342.228745
8181,342.079731
8182,341.936516
8183,341.816385
8184,341.716014
8185,341.632051
8186,341.561644
8187,341.502492
8188,341.452778
8189,341.411091
8190,341.37636
8191,341.347792
8192,341.473343
8193,341.496355
8194,341.516979
8195,341.535123
8196,341.550728
8197,341.563763
8198,341.574223
8199,341.582128
8200,341.587523
8201,341.590478
8202,341.591092
8203,341.589491
8204,341.585832
8205,341.580303
8206,341.573127
8207,341.564552
8208,341.554849
8209,341.544297
8210,341.533166
8211,341.521709
8212,341.510149
8213,341.498677
8214,341.487453
8215,341.476607
8216,341.46624
8217,341.456433
8218,341.447247
8219,341.438724
8220,341.430894
8221,341.423779
8222,341.417386
8223,341.411721
8224,341.406779
8225,341.402551
8226,341.399025
8227,341.396182
8228,341.393999
8229,341.392447
8230,341.391491
8231,341.39109
8232,341.391191
8233,341.391734
8234,341.392645
8235,341.393835
8236,341.3952
8237,341.396619
8238,341.397953
8239,341.399049
8240,341.399742
8241,341.399865
8242,341.399254
8243,341.39776
8244,341.395247
8245,341.391598
8246,341.386714
8247,341.380511
8248,341.372924
8249,341.363898
8250,341.353393
8251,341.34138
8252,341.327837
8253,341.312753
8254,341.29612
8255,341.277923
8256,341.499926
8257,341.524254
8258,341.546039
8259,341.565195
8260,341.581661
8261,341.595408
8262,341.606429
8263,341.614749
8264,341.620412
8265,341.623493
8266,341.624093
8267,341.622344
8268,341.61841
8269,341.612491
8270,341.60482
8271,341.595664
8272,341.585314
8273,341.574073
8274,341.562234
8275,341.550067
8276,341.537807
8277,341.525657
8278,341.513782
8279,341.502317
8280,341.491369
8281,341.481018
8282,341.471328
8283,341.462342
8284,341.454091
8285,341.446594
8286,341.439862
8287,341.433898
8288,341.428697
8289,341.42425
8290,341.420543
8291,341.417557
8292,341.415268
8293,341.413646
8294,341.412654
8295,341.412249
8296,341.412379
8297,341.412979
8298,341.413972
8299,341.415267
8300,341.416756
8301,341.418309
8302,341.419781
8303,341.421008
8304,341.421812
8305,341.422012
8306,341.421433
8307,341.419913
8308,341.417311
8309,341.413504
8310,341.408386
8311,341.401874
8312,341.393896
8313,341.384398
8314,341.373337
8315,341.360685
8316,341.346421
8317,341.330538
8318,341.313035
8319,341.293922
8320,341.526622
8321,341.552275
8322,341.575227
8323,341.595389
8324,341.612706
8325,341.627146
8326,341.638709
8327,341.647415
8328,341.653314
8329,341.656482
8330,341.657022
8331,341.65507
8332,341.650795
8333,341.644404
8334,341.636146
8335,341.626305
8336,341.615203
8337,341.603174
8338,341.590541
8339,341.577594
8340,341.564584
8341,341.551719
8342,341.539172
8343,341.527079
8344,341.515547
8345,341.504658
8346,341.494474
8347,341.485039
8348,341.476383
8349,341.468523
8350,341.46147
8351,341.455225
8352,341.449782
8353,341.445133
8354,341.441262
8355,341.438149
8356,341.435769
8357,341.434093
8358,341.433082
8359,341.432693
8360,341.432872
8361,341.433554
8362,341.434661
8363,341.436099
8364,341.437756
8365,341.439498
8366,341.441171
8367,341.442599
8368,341.443587
8369,341.443934
8370,341.443451
8371,341.441964
8372,341.439323
8373,341.4354
8374,341.430088
8375,341.423299
8376,341.414963
8377,341.405023
8378,341.393437
8379,341.380176
8380,341.365223
8381,341.348575
8382,341.33024
8383,341.310244
8384,341.553253
8385,341.580227
8386,341.604335
8387,341.625491
8388,341.64364
8389,341.658754
8390,341.670833
8391,341.679901
8392,341.686007
8393,341.689227
8394,341.689667
8395,341.687464
8396,341.682791
8397,341.675861
8398,341.666933
8399,341.656314
8400,341.64436
8401,341.631453
8402,341.617952
8403,341.604169
8404,341.590369
8405,341.576767
8406,341.563535
8407,341.550812
8408,341.538702
8409,341.527287
8410,341.516626
8411,341.50676
8412,341.497718
8413,341.489516
8414,341.482162
8415,341.475655
8416,341.46999
8417,341.465157
8418,341.461138
8419,341.457914
8420,341.455459
8421,341.453743
8422,341.452729
8423,341.452372
8424,341.452619
8425,341.453405
8426,341.454652
8427,341.456265
8428,341.458129
8429,341.460108
8430,341.46204
8431,341.463733
8432,341.464974
8433,341.465536
8434,341.465207
8435,341.463803
8436,341.461168
8437,341.457169
8438,341.451697
8439,341.444664
8440,341.435999
8441,341.425647
8442,341.413564
8443,341.399725
8444,341.384114
8445,341.36673
8446,341.347589
8447,341.326726
8448,341.57951
8449,341.607782
8450,341.633022
8451,341.655145
8452,341.674101
8453,341.689864
8454,341.702434
8455,341.711838
8456,341.718125
8457,341.721372
8458,341.721684
8459,341.719198
8460,341.714087
8461,341.70657
8462,341.696913
8463,341.685445
8464,341.672559
8465,341.658705
8466,341.644286
8467,341.629636
8468,341.615028
8469,341.600681
8470,341.586769
8471,341.573426
8472,341.560756
8473,341.548834
8474,341.537718
8475,341.527446
8476,341.518042
8477,341.509522
8478,341.501889
8479,341.495144
8480,341.489277
8481,341.484278
8482,341.480129
8483,341.476809
8484,341.474293
8485,341.472551
8486,341.471546
8487,341.471234
8488,341.471563
8489,341.472469
8490,341.473875
8491,341.475685
8492,341.477786
8493,341.480037
8494,341.482271
8495,341.484283
8496,341.485838
8497,341.486667
8498,341.486539
8499,341.485259
8500,341.482663
8501,341.478618
8502,341.473016
8503,341.465766
8504,341.4568
8505,341.446062
8506,341.433512
8507,341.419123
8508,341.402882
8509,341.384792
8510,341.364871
8511,341.343158
8512,341.604928
8513,341.634453
8514,341.660782
8515,341.683835
8516,341.703562
8517,341.719942
8518,341.732977
8519,341.742694
8520,341.749144
8521,341.752401
8522,341.752571
8523,341.749789
8524,341.744228
8525,341.736107
8526,341.725702
8527,341.713355
8528,341.699494
8529,341.684669
8530,341.669321
8531,341.653806
8532,341.638401
8533,341.623329
8534,341.608759
8535,341.594823
8536,341.581621
8537,341.569224
8538,341.557684
8539,341.547036
8540,341.537301
8541,341.52849
8542,341.520607
8543,341.513646
8544,341.5076
8545,341.502454
8546,341.498192
8547,341.494792
8548,341.492228
8549,341.49047
8550,341.489483
8551,341.489225
8552,341.489644
8553,341.490678
8554,341.49225
8555,341.494269
8556,341.496618
8557,341.499159
8558,341.501717
8559,341.504079
8560,341.505985
8561,341.507114
8562,341.507212
8563,341.506077
8564,341.503541
8565,341.49947
8566,341.493756
8567,341.486312
8568,341.477067
8569,341.465968
8570,341.452977
8571,341.438068
8572,341.421229
8573,341.402464
8574,341.381792
8575,341.359256
8576,341.628866
8577,341.65957
8578,341.686926
8579,341.710854
8580,341.731308
8581,341.748268
8582,341.76174
8583,341.771751
8584,341.778351
8585,341.781615
8586,341.781645
8587,341.778576
8588,341.772582
8589,341.763883
8590,341.752761
8591,341.739574
8592,341.724789
8593,341.70904
8594,341.692811
8595,341.676475
8596,341.660319
8597,341.644565
8598,341.629383
8599,341.6149
8600,341.601209
8601,341.588379
8602,341.576456
8603,341.565471
8604,341.555441
8605,341.546374
8606,341.538269
8607,341.531121
8608,341.524919
8609,341.519648
8610,341.51529
8611,341.511822
8612,341.509221
8613,341.507456
8614,341.506493
8615,341.506291
8616,341.5068
8617,341.50796
8618,341.509697
8619,341.511919
8620,341.514513
8621,341.517336
8622,341.52021
8623,341.522912
8624,341.525157
8625,341.526577
8626,341.526898
8627,341.525907
8628,341.523435
8629,341.519345
8630,341.51353
8631,341.505904
8632,341.496398
8633,341.484961
8634,341.471555
8635,341.456155
8636,341.438752
8637,341.419348
8638,341.397964
8639,341.374643
8640,341.650748
8641,341.682534
8642,341.710834
8643,341.735569
8644,341.756694
8645,341.774194
8646,341.788073
8647,341.79836
8648,341.805106
8649,341.808383
8650,341.808294
8651,341.804971
8652,341.798589
8653,341.789373
8654,341.777612
8655,341.763684
8656,341.748091
8657,341.731526
8658,341.714511
8659,341.69744
8660,341.680611
8661,341.664249
8662,341.648522
8663,341.633554
8664,341.619434
8665,341.606226
8666,341.593971
8667,341.582696
8668,341.572413
8669,341.563128
8670,341.554836
8671,341.547531
8672,341.541198
8673,341.535823
8674,341.531386
8675,341.527864
8676,341.525234
8677,341.523467
8678,341.522528
8679,341.522379
8680,341.522972
8681,341.524248
8682,341.526134
8683,341.528542
8684,341.531356
8685,341.534433
8686,341.537588
8687,341.540587
8688,341.543122
8689,341.544793
8690,341.545308
8691,341.544441
8692,341.542019
8693,341.537904
8694,341.531988
8695,341.524187
8696,341.514433
8697,341.502676
8698,341.48888
8699,341.473021
8700,341.455089
8701,341.435089
8702,341.413041
8703,341.388987
8704,341.670151
8705,341.702901
8706,341.732046
8707,341.757507
8708,341.779242
8709,341.797234
8710,341.811491
8711,341.822041
8712,341.828933
8713,341.832242
8714,341.832068
8715,341.828543
8716,341.821844
8717,341.8122
8718,341.79991
8719,341.785372
8720,341.769117
8721,341.751877
8722,341.734205
8723,341.716518
8724,341.699122
8725,341.682248
8726,341.666064
8727,341.650691
8728,341.636216
8729,341.622696
8730,341.61017
8731,341.598659
8732,341.588172
8733,341.578712
8734,341.570272
8735,341.562841
8736,341.556406
8737,341.550948
8738,341.546449
8739,341.542886
8740,341.540234
8741,341.538466
8742,341.537548
8743,341.537444
8744,341.538106
8745,341.539478
8746,341.541489
8747,341.54405
8748,341.547046
8749,341.550331
8750,341.553714
8751,341.556948
8752,341.559708
8753,341.561573
8754,341.562233
8755,341.561454
8756,341.559055
8757,341.554898
8758,341.548873
8759,341.540896
8760,341.530902
8761,341.518842
8762,341.50468
8763,341.488394
8764,341.469973
8765,341.449424
8766,341.426767
8767,341.402044
8768,341.686764
8769,341.720345
8770,341.750223
8771,341.776321
8772,341.798594
8773,341.817029
8774,341.831632
8775,341.842433
8776,341.849481
8777,341.852849
8778,341.852637
8779,341.848978
8780,341.84205
8781,341.832088
8782,341.8194
8783,341.804401
8784,341.787644
8785,341.769889
8786,341.751713
8787,341.733549
8788,341.715715
8789,341.698446
8790,341.68191
8791,341.666228
8792,341.651483
8793,341.637729
8794,341.625001
8795,341.613316
8796,341.602681
8797,341.593094
8798,341.584546
8799,341.577026
8800,341.570516
8801,341.565
8802,341.560455
8803,341.556861
8804,341.554192
8805,341.552422
8806,341.551518
8807,341.551444
8808,341.552155
8809,341.553596
8810,341.555698
8811,341.55837
8812,341.561498
8813,341.564933
8814,341.568477
8815,341.571874
8816,341.574787
8817,341.576778
8818,341.577525
8819,341.576785
8820,341.574372
8821,341.570145
8822,341.563995
8823,341.555837
8824,341.545607
8825,341.533257
8826,341.518752
8827,341.502072
8828,341.483205
8829,341.462159
8830,341.438954
8831,341.413634
8832,341.700361
8833,341.734628
8834,341.765119
8835,341.791754
8836,341.814491
8837,341.833315
8838,341.848235
8839,341.859278
8840,341.866494
8841,341.869956
8842,341.869763
8843,341.866049
8844,341.858994
8845,341.848837
8846,341.835896
8847,341.820596
8848,341.803507
8849,341.785408
8850,341.766893
8851,341.748408
8852,341.730279
8853,341.712746
8854,341.695979
8855,341.680095
8856,341.665177
8857,341.651276
8858,341.638423
8859,341.626633
8860,341.615909
8861,341.606247
8862,341.597637
8863,341.590064
8864,341.583511
8865,341.577958
8866,341.573385
8867,341.56977
8868,341.567087
8869,341.565311
8870,341.56441
8871,341.564349
8872,341.565084
8873,341.56656
8874,341.56871
8875,341.571444
8876,341.574646
8877,341.578163
8878,341.581796
8879,341.585279
8880,341.588265
8881,341.590308
8882,341.591076
8883,341.590318
8884,341.587846
8885,341.583516
8886,341.577219
8887,341.568869
8888,341.558403
8889,341.545775
8890,341.53095
8891,341.513908
8892,341.494641
8893,341.473153
8894,341.449468
8895,341.423628
8896,341.710784
8897,341.745584
8898,341.776558
8899,341.803628
8900,341.826749
8901,341.845908
8902,341.861112
8903,341.872391
8904,341.879792
8905,341.883388
8906,341.883278
8907,341.879598
8908,341.872527
8909,341.862308
8910,341.849265
8911,341.83383
8912,341.816585
8913,341.79832
8914,341.779641
8915,341.761001
8916,341.742733
8917,341.725078
8918,341.708208
8919,341.692241
8920,341.677255
8921,341.663301
8922,341.650407
8923,341.638585
8924,341.627836
8925,341.618155
8926,341.60953
8927,341.601943
8928,341.595378
8929,341.589813
8930,341.585229
8931,341.581601
8932,341.578907
8933,341.577119
8934,341.576208
8935,341.576138
8936,341.576866
8937,341.57834
8938,341.580491
8939,341.583231
8940,341.586442
8941,341.589971
8942,341.593613
8943,341.5971
8944,341.600079
8945,341.602095
8946,341.602812
8947,341.601976
8948,341.599395
8949,341.594924
8950,341.588451
8951,341.579895
8952,341.569191
8953,341.556294
8954,341.541171
8955,341.523802
8956,341.504179
8957,341.482308
8958,341.458212
8959,341.431935
8960,341.717928
8961,341.753103
8962,341.784428
8963,341.811824
8964,341.835249
8965,341.854686
8966,341.870145
8967,341.881653
8968,341.889259
8969,341.893034
8970,341.893077
8971,341.889523
8972,341.882554
8973,341.872411
8974,341.859422
8975,341.844024
8976,341.826803
8977,341.808554
8978,341.78989
8979,341.771267
8980,341.753022
8981,341.735396
8982,341.71856
8983,341.702633
8984,341.687692
8985,341.673784
8986,341.660936
8987,341.64916
8988,341.638454
8989,341.628812
8990,341.62022
8991,341.61266
8992,341.606115
8993,341.600564
8994,341.595984
8995,341.592354
8996,341.589648
8997,341.587842
8998,341.586904
8999,341.586801
9000,341.587491
9001,341.58892
9002,341.591022
9003,341.593707
9004,341.59686
9005,341.600324
9006,341.603895
9007,341.607302
9008,341.610189
9009,341.612098
9010,341.612691
9011,341.611712
9012,341.608967
9013,341.604311
9014,341.597634
9015,341.588854
9016,341.577908
9017,341.56475
9018,341.54935
9019,341.531687
9020,341.511754
9021,341.489559
9022,341.465125
9023,341.438497
9024,341.721736
9025,341.757125
9026,341.788666
9027,341.81628
9028,341.839924
9029,341.859584
9030,341.875266
9031,341.886999
9032,341.894831
9033,341.898832
9034,341.899101
9035,341.895771
9036,341.889023
9037,341.879098
9038,341.866323
9039,341.851135
9040,341.83412
9041,341.816073
9042,341.797607
9043,341.779177
9044,341.761121
9045,341.743678
9046,341.727019
9047,341.71126
9048,341.696478
9049,341.682719
9050,341.670009
9051,341.658358
9052,341.647765
9053,341.638221
9054,341.629713
9055,341.622222
9056,341.61573
9057,341.610216
9058,341.605658
9059,341.602033
9060,341.599317
9061,341.597484
9062,341.596504
9063,341.596342
9064,341.596958
9065,341.598299
9066,341.600298
9067,341.602867
9068,341.60589
9069,341.609213
9070,341.61263
9071,341.615871
9072,341.61858
9073,341.6203
9074,341.620693
9075,341.619503
9076,341.616538
9077,341.611653
9078,341.604739
9079,341.595715
9080,341.58452
9081,341.571108
9082,341.555451
9083,341.537527
9084,341.517333
9085,341.494874
9086,341.470175
9087,341.443281
9088,341.722192
9089,341.757633
9090,341.789255
9091,341.816977
9092,341.840758
9093,341.860584
9094,341.87646
9095,341.888414
9096,341.896495
9097,341.900771
9098,341.901339
9099,341.898331
9100,341.891926
9101,341.882362
9102,341.869963
9103,341.85516
9104,341.838534
9105,341.820877
9106,341.802792
9107,341.784735
9108,341.767035
9109,341.749931
9110,341.733591
9111,341.71813
9112,341.703624
9113,341.690118
9114,341.677638
9115,341.666193
9116,341.655783
9117,341.646398
9118,341.638024
9119,341.630644
9120,341.624239
9121,341.618788
9122,341.614268
9123,341.610657
9124,341.60793
9125,341.606062
9126,341.605022
9127,341.604776
9128,341.605284
9129,341.606492
9130,341.608334
9131,341.610724
9132,341.613546
9133,341.616648
9134,341.619827
9135,341.622815
9136,341.625259
9137,341.626707
9138,341.626823
9139,341.625354
9140,341.62211
9141,341.61695
9142,341.609765
9143,341.600477
9144,341.589024
9145,341.575365
9146,341.559469
9147,341.541318
9148,341.520908
9149,341.498245
9150,341.473355
9151,341.446281
9152,341.719324
9153,341.754657
9154,341.786223
9155,341.813946
9156,341.837783
9157,341.857718
9158,341.873758
9159,341.885931
9160,341.894282
9161,341.898881
9162,341.899822
9163,341.897236
9164,341.891295
9165,341.882236
9166,341.870374
9167,341.856132
9168,341.84008
9169,341.822998
9170,341.805482
9171,341.787973
9172,341.770797
9173,341.754188
9174,341.73831
9175,341.723276
9176,341.709161
9177,341.696012
9178,341.683852
9179,341.672694
9180,341.662535
9181,341.653369
9182,341.64518
9183,341.637953
9184,341.631668
9185,341.626304
9186,341.62184
9187,341.618251
9188,341.615515
9189,341.613603
9190,341.612487
9191,341.612132
9192,341.612495
9193,341.613527
9194,341.615159
9195,341.617307
9196,341.619857
9197,341.622659
9198,341.625516
9199,341.628163
9200,341.630255
9201,341.631347
9202,341.631107
9203,341.62929
9204,341.62571
9205,341.620227
9206,341.612738
9207,341.603163
9208,341.591446
9209,341.577543
9210,341.561428
9211,341.543081
9212,341.5225
9213,341.499692
9214,341.474682
9215,341.447515
9216,341.713201
9217,341.748269
9218,341.77965
9219,341.807268
9220,341.831079
9221,341.85107
9222,341.867246
9223,341.879633
9224,341.888278
9225,341.893246
9226,341.894632
9227,341.892562
9228,341.887207
9229,341.878794
9230,341.867629
9231,341.854123
9232,341.838829
9233,341.82251
9234,341.805743
9235,341.788959
9236,341.772472
9237,341.756508
9238,341.74123
9239,341.726749
9240,341.713138
9241,341.700444
9242,341.688695
9243,341.6779
9244,341.668062
9245,341.659172
9246,341.651218
9247,341.644185
9248,341.638053
9249,341.632801
9250,341.628409
9251,341.624852
9252,341.622107
9253,341.620146
9254,341.618938
9255,341.618449
9256,341.618637
9257,341.619449
9258,341.62082
9259,341.622665
9260,341.624873
9261,341.627298
9262,341.629748
9263,341.631968
9264,341.633621
9265,341.634272
9266,341.633599
9267,341.631365
9268,341.62739
9269,341.621539
9270,341.613711
9271,341.603829
9272,341.591838
9273,341.577697
9274,341.561379
9275,341.542867
9276,341.522159
9277,341.499262
9278,341.474203
9279,341.447025
9280,341.703944
9281,341.738597
9282,341.769667
9283,341.797078
9284,341.820789
9285,341.840783
9286,341.857066
9287,341.869664
9288,341.878621
9289,341.884003
9290,341.885902
9291,341.884441
9292,341.879786
9293,341.872156
9294,341.861846
9295,341.849248
9296,341.834894
9297,341.819521
9298,341.803683
9299,341.787793
9300,341.772152
9301,341.756979
9302,341.742433
9303,341.728622
9304,341.715621
9305,341.703479
9306,341.692223
9307,341.681867
9308,341.672413
9309,341.663856
9310,341.656184
9311,341.649384
9312,341.643437
9313,341.638323
9314,341.634021
9315,341.630506
9316,341.627755
9317,341.625739
9318,341.624427
9319,341.623783
9320,341.623764
9321,341.624319
9322,341.62538
9323,341.626865
9324,341.628665
9325,341.630638
9326,341.6326
9327,341.634306
9328,341.635432
9329,341.635559
9330,341.634378
9331,341.63166
9332,341.627234
9333,341.62097
9334,341.612771
9335,341.602562
9336,341.590289
9337,341.575914
9338,341.559409
9339,341.54076
9340,341.519966
9341,341.497035
9342,341.471993
9343,341.444884
9344,341.691735
9345,341.725832
9346,341.756473
9347,341.783583
9348,341.807121
9349,341.82707
9350,341.843434
9351,341.856237
9352,341.865523
9353,341.871358
9354,341.873831
9355,341.873063
9356,341.869215
9357,341.862498
9358,341.853192
9359,341.841669
9360,341.828432
9361,341.814183
9362,341.799445
9363,341.784609
9364,341.769961
9365,341.755714
9366,341.74202
9367,341.728989
9368,341.716696
9369,341.705192
9370,341.694508
9371,341.684659
9372,341.67565
9373,341.667478
9374,341.660135
9375,341.653606
9376,341.647876
9377,341.642924
9378,341.638729
9379,341.635267
9380,341.632514
9381,341.63044
9382,341.629014
9383,341.628198
9384,341.627948
9385,341.62821
9386,341.62892
9387,341.629993
9388,341.631324
9389,341.632776
9390,341.634172
9391,341.63528
9392,341.635795
9393,341.635317
9394,341.633553
9395,341.630289
9396,341.625361
9397,341.618643
9398,341.610043
9399,341.599488
9400,341.586927
9401,341.572321
9402,341.555644
9403,341.536886
9404,341.516042
9405,341.493126
9406,341.468163
9407,341.441197
9408,341.676831
9409,341.710244
9410,341.740349
9411,341.767073
9412,341.790373
9413,341.810231
9414,341.826649
9415,341.839652
9416,341.84928
9417,341.855599
9418,341.858698
9419,341.858696
9420,341.855749
9421,341.85006
9422,341.841896
9423,341.831605
9424,341.819655
9425,341.806696
9426,341.793215
9427,341.779577
9428,341.766053
9429,341.752849
9430,341.740115
9431,341.727961
9432,341.716464
9433,341.705676
9434,341.695633
9435,341.686354
9436,341.677845
9437,341.670108
9438,341.663134
9439,341.656913
9440,341.651429
9441,341.646663
9442,341.642594
9443,341.639198
9444,341.636449
9445,341.634318
9446,341.632771
9447,341.63177
9448,341.631269
9449,341.631213
9450,341.631535
9451,341.632153
9452,341.632963
9453,341.633831
9454,341.634591
9455,341.635024
9456,341.634847
9457,341.633688
9458,341.631276
9459,341.627409
9460,341.621932
9461,341.614726
9462,341.6057
9463,341.594785
9464,341.581928
9465,341.567095
9466,341.550262
9467,341.531416
9468,341.510558
9469,341.487701
9470,341.462871
9471,341.436114
9472,341.659587
9473,341.692205
9474,341.721683
9475,341.747947
9476,341.770952
9477,341.790678
9478,341.807126
9479,341.820318
9480,341.830297
9481,341.837124
9482,341.84089
9483,341.841711
9484,341.839739
9485,341.835174
9486,341.828267
9487,341.819345
9488,341.808832
9489,341.79731
9490,341.785219
9491,341.772899
9492,341.760609
9493,341.748546
9494,341.736862
9495,341.725665
9496,341.715037
9497,341.705033
9498,341.695692
9499,341.687037
9500,341.679078
9501,341.671819
9502,341.665254
9503,341.659374
9504,341.654165
9505,341.649609
9506,341.645684
9507,341.642368
9508,341.639633
9509,341.637448
9510,341.635779
9511,341.634585
9512,341.633819
9513,341.633426
9514,341.633336
9515,341.633466
9516,341.633714
9517,341.63395
9518,341.634016
9519,341.633707
9520,341.632766
9521,341.630861
9522,341.627745
9523,341.62323
9524,341.617169
9525,341.609447
9526,341.599975
9527,341.588688
9528,341.575533
9529,341.560478
9530,341.543499
9531,341.524586
9532,341.503742
9533,341.48098
9534,341.456331
9535,341.429839
9536,341.640488
9537,341.672222
9538,341.700999
9539,341.726742
9540,341.749405
9541,341.768964
9542,341.785419
9543,341.798791
9544,341.80912
9545,341.81647
9546,341.820927
9547,341.822608
9548,341.821664
9549,341.818286
9550,341.812717
9551,341.805262
9552,341.796307
9553,341.786329
9554,341.775724
9555,341.764808
9556,341.75383
9557,341.742983
9558,341.732415
9559,341.72224
9560,341.71254
9561,341.703375
9562,341.694787
9563,341.686802
9564,341.679436
9565,341.672693
9566,341.666572
9567,341.661064
9568,341.656157
9569,341.651834
9570,341.648074
9571,341.644852
9572,341.642142
9573,341.639911
9574,341.638123
9575,341.636736
9576,341.635701
9577,341.634959
9578,341.634443
9579,341.634066
9580,341.633728
9581,341.633302
9582,341.632636
9583,341.631539
9584,341.62978
9585,341.627084
9586,341.623228
9587,341.618035
9588,341.611366
9589,341.60311
9590,341.593181
9591,341.581515
9592,341.568061
9593,341.552788
9594,341.535674
9595,341.516711
9596,341.495903
9597,341.473266
9598,341.448833
9599,341.422649
9600,341.620199
9601,341.65099
9602,341.679013
9603,341.70419
9604,341.726472
9605,341.745834
9606,341.762275
9607,341.775813
9608,341.786488
9609,341.794362
9610,341.79952
9611,341.802079
9612,341.802183
9613,341.80002
9614,341.795819
9615,341.789863
9616,341.782494
9617,341.774097
9618,341.765019
9619,341.755552
9620,341.745932
9621,341.736346
9622,341.726941
9623,341.717832
9624,341.709103
9625,341.700818
9626,341.693023
9627,341.685747
9628,341.679009
9629,341.672816
9630,341.667169
9631,341.662061
9632,341.657482
9633,341.653415
9634,341.649839
9635,341.64673
9636,341.644059
9637,341.641794
9638,341.639895
9639,341.638321
9640,341.637019
9641,341.635931
9642,341.634985
9643,341.634097
9644,341.633166
9645,341.63207
9646,341.630664
9647,341.628772
9648,341.626189
9649,341.622693
9650,341.618087
9651,341.612208
9652,341.604923
9653,341.596126
9654,341.585736
9655,341.573689
9656,341.559939
9657,341.544453
9658,341.527212
9659,341.508211
9660,341.487455
9661,341.464964
9662,341.44077
9663,341.414921
9664,341.599337
9665,341.629152
9666,341.656388
9667,341.680968
9668,341.702843
9669,341.721986
9670,341.738393
9671,341.752081
9672,341.763089
9673,341.771478
9674,341.777331
9675,341.78076
9676,341.781908
9677,341.780949
9678,341.778099
9679,341.773616
9680,341.767795
9681,341.760955
9682,341.753397
9683,341.745383
9684,341.737133
9685,341.728826
9686,341.720607
9687,341.712589
9688,341.70486
9689,341.697485
9690,341.690511
9691,341.683973
9692,341.677891
9693,341.672276
9694,341.66713
9695,341.662449
9696,341.658222
9697,341.654433
9698,341.651062
9699,341.648084
9700,341.64547
9701,341.643186
9702,341.641191
9703,341.639442
9704,341.637885
9705,341.636459
9706,341.635094
9707,341.633705
9708,341.632193
9709,341.630442
9710,341.628314
9711,341.625651
9712,341.622276
9713,341.618004
9714,341.612663
9715,341.606107
9716,341.598212
9717,341.58888
9718,341.578032
9719,341.565609
9720,341.551565
9721,341.535872
9722,341.518512
9723,341.499481
9724,341.478787
9725,341.456452
9726,341.432508
9727,341.407006
9728,341.578369
9729,341.607196
9730,341.633631
9731,341.657598
9732,341.679047
9733,341.697952
9734,341.714308
9735,341.728129
9736,341.739453
9737,341.748337
9738,341.754864
9739,341.75914
9740,341.761299
9741,341.761507
9742,341.75996
9743,341.756888
9744,341.752548
9745,341.747207
9746,341.741125
9747,341.734535
9748,341.72764
9749,341.720607
9750,341.713577
9751,341.706659
9752,341.699942
9753,341.693493
9754,341.687361
9755,341.681581
9756,341.676178
9757,341.671163
9758,341.666541
9759,341.662309
9760,341.658456
9761,341.654969
9762,341.651825
9763,341.648999
9764,341.646462
9765,341.644178
9766,341.642107
9767,341.640201
9768,341.638407
9769,341.636664
9770,341.6349
9771,341.633033
9772,341.630966
9773,341.62859
9774,341.625778
9775,341.622389
9776,341.618268
9777,341.61326
9778,341.607217
9779,341.600008
9780,341.591522
9781,341.581669
9782,341.570374
9783,341.557582
9784,341.543251
9785,341.527356
9786,341.509881
9787,341.490824
9788,341.470196
9789,341.448019
9790,341.424327
9791,341.399171
9792,341.557635
9793,341.585481
9794,341.611114
9795,341.634463
9796,341.655478
9797,341.674132
9798,341.69042
9799,341.704355
9800,341.715972
9801,341.725326
9802,341.732494
9803,341.737577
9804,341.740701
9805,341.742018
9806,341.741705
9807,341.739967
9808,341.737023
9809,341.733105
9810,341.728435
9811,341.72322
9812,341.717643
9813,341.711861
9814,341.706005
9815,341.700182
9816,341.694478
9817,341.68896
9818,341.683679
9819,341.678672
9820,341.673963
9821,341.669566
9822,341.665488
9823,341.661725
9824,341.658269
9825,341.655104
9826,341.652209
9827,341.649559
9828,341.647121
9829,341.644861
9830,341.642736
9831,341.640699
9832,341.638694
9833,341.636661
9834,341.634528
9835,341.632215
9836,341.629631
9837,341.626673
9838,341.623225
9839,341.619161
9840,341.614349
9841,341.608655
9842,341.601951
9843,341.594124
9844,341.585074
9845,341.574718
9846,341.562991
9847,341.549842
9848,341.535233
9849,341.51914
9850,341.501553
9851,341.482471
9852,341.461906
9853,341.439882
9854,341.416435
9855,341.391613
9856,341.53738
9857,341.564265
9858,341.589107
9859,341.61184
9860,341.632418
9861,341.650813
9862,341.667019
9863,341.681048
9864,341.692932
9865,341.702723
9866,341.710493
9867,341.716335
9868,341.720366
9869,341.722723
9870,341.723567
9871,341.723074
9872,341.721438
9873,341.718856
9874,341.715523
9875,341.711621
9876,341.707313
9877,341.702743
9878,341.698034
9879,341.693287
9880,341.688586
9881,341.683996
9882,341.679569
9883,341.67534
9884,341.671337
9885,341.667573
9886,341.664054
9887,341.66078
9888,341.65774
9889,341.654919
9890,341.652297
9891,341.649846
9892,341.647534
9893,341.645324
9894,341.643174
9895,341.641034
9896,341.638849
9897,341.636559
9898,341.634094
9899,341.631376
9900,341.628319
9901,341.624827
9902,341.620797
9903,341.616116
9904,341.610669
9905,341.604342
9906,341.597024
9907,341.588616
9908,341.579033
9909,341.5682
9910,341.556059
9911,341.542564
9912,341.527685
9913,341.511399
9914,341.4937
9915,341.474589
9916,341.454081
9917,341.432201
9918,341.408983
9919,341.384475
9920,341.517776
9921,341.543725
9922,341.567795
9923,341.589924
9924,341.610067
9925,341.628198
9926,341.644309
9927,341.658412
9928,341.670536
9929,341.680728
9930,341.689055
9931,341.695603
9932,341.700476
9933,341.7038
9934,341.705716
9935,341.706381
9936,341.705961
9937,341.704628
9938,341.702552
9939,341.699891
9940,341.696793
9941,341.693388
9942,341.68979
9943,341.686093
9944,341.682377
9945,341.678705
9946,341.675127
9947,341.671679
9948,341.668386
9949,341.665265
9950,341.66232
9951,341.659551
9952,341.656947
9953,341.654493
9954,341.652167
9955,341.649941
9956,341.647783
9957,341.645653
9958,341.643508
9959,341.641299
9960,341.638971
9961,341.636462
9962,341.633706
9963,341.630628
9964,341.627146
9965,341.623174
9966,341.618617
9967,341.613375
9968,341.60735
9969,341.600442
9970,341.592557
9971,341.58361
9972,341.573525
9973,341.56224
9974,341.549704
9975,341.535878
9976,341.520734
9977,341.504258
9978,341.486445
9979,341.4673
9980,341.446838
9981,341.425085
9982,341.402078
9983,341.377861
9984,341.498932
9985,341.52398
9986,341.547302
9987,341.568841
9988,341.588555
9989,341.606419
9990,341.622425
9991,341.636583
9992,341.648918
9993,341.659474
9994,341.668312
9995,341.675509
9996,341.68116
9997,341.685376
9998,341.688282
9999,341.690015
10000,341.690722
10001,341.690551
10002,341.689649
10003,341.688158
10004,341.686207
10005,341.683915
10006,341.681384
10007,341.678705
10008,341.67595
10009,341.673179
10010,341.670441
10011,341.667771
10012,341.665193
10013,341.662722
10014,341.660363
10015,341.658115
10016,341.655966
10017,341.653901
10018,341.651896
10019,341.649923
10020,341.647948
10021,341.64593
10022,341.643825
10023,341.641583
10024,341.63915
10025,341.636465
10026,341.633462
10027,341.630071
10028,341.626217
10029,341.621817
10030,341.616788
10031,341.611042
10032,341.604493
10033,341.597055
10034,341.588648
10035,341.579199
10036,341.568646
10037,341.556933
10038,341.54402
10039,341.529874
10040,341.514473
10041,341.497807
10042,341.479875
10043,341.460686
10044,341.440256
10045,341.418613
10046,341.395792
10047,341.371837
10048,341.480917
10049,341.5051
10050,341.527702
10051,341.54867
10052,341.567964
10053,341.585561
10054,341.601452
10055,341.615645
10056,341.628164
10057,341.639047
10058,341.648349
10059,341.65614
10060,341.662503
10061,341.667538
10062,341.671354
10063,341.674072
10064,341.675819
10065,341.676725
10066,341.676918
10067,341.676523
10068,341.675656
10069,341.674421
10070,341.672913
10071,341.671214
10072,341.669392
10073,341.667504
10074,341.665594
10075,341.663695
10076,341.661831
10077,341.660016
10078,341.658254
10079,341.656541
10080,341.654867
10081,341.653213
10082,341.651556
10083,341.649864
10084,341.648103
10085,341.646232
10086,341.644204
10087,341.641969
10088,341.639472
10089,341.636655
10090,341.633452
10091,341.629798
10092,341.62562
10093,341.620846
10094,341.615398
10095,341.609201
10096,341.602178
10097,341.594258
10098,341.585371
10099,341.575457
10100,341.564464
10101,341.552347
10102,341.539073
10103,341.524616
10104,341.508962
10105,341.492105
10106,341.474047
10107,341.454802
10108,341.434387
10109,341.412832
10110,341.390171
10111,341.366448
10112,341.463764
10113,341.487121
10114,341.509033
10115,341.52945
10116,341.548335
10117,341.565666
10118,341.581435
10119,341.595647
10120,341.608323
10121,341.619497
10122,341.629218
10123,341.637548
10124,341.644561
10125,341.650345
10126,341.654995
10127,341.658618
10128,341.661324
10129,341.663227
10130,341.664439
10131,341.665069
10132,341.665221
10133,341.664988
10134,341.664457
10135,341.663699
10136,341.66278
10137,341.661751
10138,341.660654
10139,341.65952
10140,341.658369
10141,341.657214
10142,341.656058
10143,341.654895
10144,341.653715
10145,341.652496
10146,341.651213
10147,341.649834
10148,341.648321
10149,341.646632
10150,341.64472
10151,341.642533
10152,341.640017
10153,341.637112
10154,341.633757
10155,341.629888
10156,341.625438
10157,341.620339
10158,341.614524
10159,341.607924
10160,341.600475
10161,341.592115
10162,341.582786
10163,341.57244
10164,341.561032
10165,341.54853
10166,341.534908
10167,341.520147
10168,341.504241
10169,341.487188
10170,341.468995
10171,341.449679
10172,341.42926
10173,341.407769
10174,341.385241
10175,341.361716
10176,341.447481
10177,341.470052
10178,341.491305
10179,341.511192
10180,341.529681
10181,341.546749
10182,341.562388
10183,341.576604
10184,341.589412
10185,341.600844
10186,341.610941
10187,341.619759
10188,341.627364
10189,341.63383
10190,341.639244
10191,341.643697
10192,341.647287
10193,341.650111
10194,341.65227
10195,341.653858
10196,341.654968
10197,341.655683
10198,341.65608
10199,341.656226
10200,341.656178
10201,341.655985
10202,341.655685
10203,341.655305
10204,341.654864
10205,341.654373
10206,341.653833
10207,341.653236
10208,341.652569
10209,341.651809
10210,341.650928
10211,341.649894
10212,341.648664
10213,341.647196
10214,341.645441
10215,341.643345
10216,341.640854
10217,341.637909
10218,341.634449
10219,341.630414
10220,341.62574
10221,341.620366
10222,341.61423
10223,341.607273
10224,341.599439
10225,341.590677
10226,341.580939
10227,341.570187
10228,341.558387
10229,341.545515
10230,341.531554
10231,341.516493
10232,341.500331
10233,341.483075
10234,341.464735
10235,341.445331
10236,341.424887
10237,341.403434
10238,341.381008
10239,341.35765
10240,341.432058
10241,341.453882
10242,341.474506
10243,341.493886
10244,341.511991
10245,341.528801
10246,341.544307
10247,341.558511
10248,341.571429
10249,341.583087
10250,341.593521
10251,341.60278
10252,341.610921
10253,341.61801
10254,341.624122
10255,341.629337
10256,341.633739
10257,341.637415
10258,341.640453
10259,341.642935
10260,341.644944
10261,341.646555
10262,341.647835
10263,341.648846
10264,341.649639
10265,341.650258
10266,341.650738
10267,341.651103
10268,341.65137
10269,341.651546
10270,341.65163
10271,341.651614
10272,341.651481
10273,341.651205
10274,341.650758
10275,341.650101
10276,341.649193
10277,341.647986
10278,341.64643
10279,341.64447
10280,341.642049
10281,341.639111
10282,341.635594
10283,341.63144
10284,341.626589
10285,341.620985
10286,341.614572
10287,341.607299
10288,341.599118
10289,341.589986
10290,341.579867
10291,341.568731
10292,341.556554
10293,341.543323
10294,341.529026
10295,341.513664
10296,341.497242
10297,341.479771
10298,341.461269
10299,341.441757
10300,341.421265
10301,341.399824
10302,341.37747
10303,341.354243
10304,341.417469
10305,341.438586
10306,341.458611
10307,341.477506
10308,341.495242
10309,341.511798
10310,341.527166
10311,341.541348
10312,341.554355
10313,341.566211
10314,341.576946
10315,341.586601
10316,341.595228
10317,341.602884
10318,341.609634
10319,341.615548
10320,341.620698
10321,341.625163
10322,341.629016
10323,341.632334
10324,341.635187
10325,341.637643
10326,341.639762
10327,341.6416
10328,341.643204
10329,341.644611
10330,341.645854
10331,341.646955
10332,341.647926
10333,341.648774
10334,341.649494
10335,341.650074
10336,341.650496
10337,341.650732
10338,341.650749
10339,341.650506
10340,341.649957
10341,341.649054
10342,341.647741
10343,341.645963
10344,341.643661
10345,341.640776
10346,341.637249
10347,341.633023
10348,341.62804
10349,341.622249
10350,341.615599
10351,341.608045
10352,341.599548
10353,341.590074
10354,341.579595
10355,341.568092
10356,341.55555
10357,341.541963
10358,341.527332
10359,341.511663
10360,341.49497
10361,341.47727
10362,341.458587
10363,341.438946
10364,341.41838
10365,341.396923
10366,341.37461
10367,341.351482
10368,341.40368
10369,341.424126
10370,341.443584
10371,341.462016
10372,341.479395
10373,341.495703
10374,341.510932
10375,341.525081
10376,341.538159
10377,341.550187
10378,341.561189
10379,341.571203
10380,341.580271
10381,341.588443
10382,341.595776
10383,341.602331
10384,341.608171
10385,341.613364
10386,341.617976
10387,341.622073
10388,341.625719
10389,341.628973
10390,341.63189
10391,341.634519
10392,341.636903
10393,341.639077
10394,341.641067
10395,341.642894
10396,341.644568
10397,341.646091
10398,341.647457
10399,341.648651
10400,341.649652
10401,341.650428
10402,341.650942
10403,341.65115
10404,341.651003
10405,341.650447
10406,341.649424
10407,341.647875
10408,341.64574
10409,341.642957
10410,341.639467
10411,341.635213
10412,341.630141
10413,341.624202
10414,341.61735
10415,341.609548
10416,341.600762
10417,341.590967
10418,341.580145
10419,341.568284
10420,341.555381
10421,341.541439
10422,341.526467
10423,341.510481
10424,341.493503
10425,341.475556
10426,341.45667
10427,341.436876
10428,341.41621
10429,341.394706
10430,341.372404
10431,341.349341
10432,341.39065
10433,341.410461
10434,341.429378
10435,341.447368
10436,341.464405
10437,341.480472
10438,341.49556
10439,341.509667
10440,341.522802
10441,341.534978
10442,341.546219
10443,341.556555
10444,341.566023
10445,341.574666
10446,341.582532
10447,341.589676
10448,341.596152
10449,341.60202
10450,341.607337
10451,341.612162
10452,341.616552
10453,341.620561
10454,341.624236
10455,341.627623
10456,341.630759
10457,341.633676
10458,341.636399
10459,341.638943
10460,341.641317
10461,341.643521
10462,341.645545
10463,341.647371
10464,341.648975
10465,341.650321
10466,341.651368
10467,341.652068
10468,341.652366
10469,341.652204
10470,341.65152
10471,341.65025
10472,341.64833
10473,341.645697
10474,341.64229
10475,341.638053
10476,341.632932
10477,341.626882
10478,341.619861
10479,341.611837
10480,341.602784
10481,341.592684
10482,341.581528
10483,341.569314
10484,341.556049
10485,341.541744
10486,341.526421
10487,341.510102
10488,341.492819
10489,341.474603
10490,341.45549
10491,341.435517
10492,341.414721
10493,341.393143
10494,341.37082
10495,341.347791
10496,341.378331
10497,341.397541
10498,341.415946
10499,341.433514
10500,341.450222
10501,341.466054
10502,341.481001
10503,341.49506
10504,341.508237
10505,341.520542
10506,341.531995
10507,341.542622
10508,341.552453
10509,341.561525
10510,341.569881
10511,341.577566
10512,341.584629
10513,341.591122
10514,341.597095
10515,341.602602
10516,341.607691
10517,341.612412
10518,341.616808
10519,341.62092
10520,341.624782
10521,341.628422
10522,341.631862
10523,341.635115
10524,341.638188
10525,341.641078
10526,341.643773
10527,341.646252
10528,341.648485
10529,341.650433
10530,341.652052
10531,341.653286
10532,341.654075
10533,341.654357
10534,341.654062
10535,341.653121
10536,341.651468
10537,341.649034
10538,341.645757
10539,341.641579
10540,341.636449
10541,341.630321
10542,341.62316
10543,341.614936
10544,341.605632
10545,341.595237
10546,341.583751
10547,341.571182
10548,341.557546
10549,341.542867
10550,341.527174
10551,341.510502
10552,341.49289
10553,341.474379
10554,341.455012
10555,341.43483
10556,341.413876
10557,341.392192
10558,341.369818
10559,341.346792
10560,341.366676
10561,341.385316
10562,341.403232
10563,341.420398
10564,341.436791
10565,341.452395
10566,341.467202
10567,341.481207
10568,341.494414
10569,341.506831
10570,341.518473
10571,341.529362
10572,341.539524
10573,341.548989
10574,341.557794
10575,341.565977
10576,341.573583
10577,341.580655
10578,341.58724
10579,341.593383
10580,341.59913
10581,341.604524
10582,341.609606
10583,341.614411
10584,341.618972
10585,341.623315
10586,341.627458
10587,341.631413
10588,341.635185
10589,341.638767
10590,341.642146
10591,341.645298
10592,341.648188
10593,341.650774
10594,341.653004
10595,341.654818
10596,341.656148
10597,341.656925
10598,341.657072
10599,341.656516
10600,341.655181
10601,341.652996
10602,341.649896
10603,341.64582
10604,341.640717
10605,341.634543
10606,341.627265
10607,341.618861
10608,341.609317
10609,341.598632
10610,341.586813
10611,341.57388
10612,341.55986
10613,341.544786
10614,341.5287
10615,341.511649
10616,341.49368
10617,341.474844
10618,341.455191
10619,341.434769
10620,341.413626
10621,341.391806
10622,341.369352
10623,341.3463
10624,341.355631
10625,341.373729
10626,341.391182
10627,341.407963
10628,341.424053
10629,341.439437
10630,341.454105
10631,341.468052
10632,341.481279
10633,341.493793
10634,341.505605
10635,341.516732
10636,341.527194
10637,341.537019
10638,341.546236
10639,341.55488
10640,341.562987
10641,341.570597
10642,341.577751
10643,341.58449
10644,341.590856
10645,341.596886
10646,341.602619
10647,341.608088
10648,341.613323
10649,341.618348
10650,341.62318
10651,341.62783
10652,341.632299
10653,341.636581
10654,341.640659
10655,341.644505
10656,341.648083
10657,341.651342
10658,341.654226
10659,341.656668
10660,341.658592
10661,341.659919
10662,341.660566
10663,341.660449
10664,341.659487
10665,341.657603
10666,341.654726
10667,341.650794
10668,341.645753
10669,341.639562
10670,341.63219
10671,341.623618
10672,341.613841
10673,341.602864
10674,341.590705
10675,341.577393
10676,341.562966
10677,341.547472
10678,341.530965
10679,341.513502
10680,341.495142
10681,341.475947
10682,341.455975
10683,341.435281
10684,341.413917
10685,341.391932
10686,341.369367
10687,341.346263
10688,341.345144
10689,341.362728
10690,341.379738
10691,341.396152
10692,341.411951
10693,341.427121
10694,341.441652
10695,341.455537
10696,341.468777
10697,341.481375
10698,341.493339
10699,341.504682
10700,341.515419
10701,341.525574
10702,341.535171
10703,341.544239
10704,341.55281
10705,341.56092
10706,341.568605
10707,341.575901
10708,341.582847
10709,341.589478
10710,341.59583
10711,341.601934
10712,341.607818
10713,341.613504
10714,341.619011
10715,341.624347
10716,341.629513
10717,341.634501
10718,341.639292
10719,341.643856
10720,341.648151
10721,341.652123
10722,341.655706
10723,341.658827
10724,341.6614
10725,341.663337
10726,341.664543
10727,341.664925
10728,341.664393
10729,341.662862
10730,341.660255
10731,341.656507
10732,341.651563
10733,341.645381
10734,341.637933
10735,341.629205
10736,341.619196
10737,341.60792
10738,341.595406
10739,341.581693
10740,341.566834
10741,341.550887
10742,341.533922
10743,341.51601
10744,341.497222
10745,341.47763
10746,341.457302
10747,341.436301
10748,341.414685
10749,341.392504
10750,341.369804
10751,341.346622
10752,341.335162
10753,341.352256
10754,341.368844
10755,341.384906
10756,341.400425
10757,341.415387
10758,341.429783
10759,341.443605
10760,341.456851
10761,341.469522
10762,341.481622
10763,341.493161
10764,341.504151
10765,341.514609
10766,341.524556
10767,341.534016
10768,341.543017
10769,341.55159
10770,341.559768
10771,341.567585
10772,341.575075
10773,341.582273
10774,341.589211
10775,341.595921
10776,341.602428
10777,341.608756
10778,341.614922
10779,341.620935
10780,341.626796
10781,341.632496
10782,341.638015
10783,341.643319
10784,341.648363
10785,341.653086
10786,341.657417
10787,341.661271
10788,341.664553
10789,341.667161
10790,341.668989
10791,341.669933
10792,341.669889
10793,341.668765
10794,341.666477
10795,341.662954
10796,341.658139
10797,341.651991
10798,341.644482
10799,341.635603
10800,341.62536
10801,341.613775
10802,341.600885
10803,341.586744
10804,341.571417
10805,341.55498
10806,341.537516
10807,341.519111
10808,341.499852
10809,341.479823
10810,341.459101
10811,341.437759
10812,341.415858
10813,341.393454
10814,341.370593
10815,341.347312
10816,341.325633
10817,341.342257
10818,341.35844
10819,341.374164
10820,341.389413
10821,341.404174
10822,341.418437
10823,341.432194
10824,341.44544
10825,341.458175
10826,341.470399
10827,341.482117
10828,341.493339
10829,341.504076
10830,341.514345
10831,341.524167
10832,341.533565
10833,341.542568
10834,341.551205
10835,341.559507
10836,341.567507
10837,341.575237
10838,341.58273
10839,341.590015
10840,341.597119
10841,341.604067
10842,341.610875
10843,341.617554
10844,341.624107
10845,341.630523
10846,341.636782
10847,341.642848
10848,341.648672
10849,341.654188
10850,341.659315
10851,341.663959
10852,341.668012
10853,341.671357
10854,341.673874
10855,341.675443
10856,341.675949
10857,341.675287
10858,341.673366
10859,341.670109
10860,341.665455
10861,341.659362
10862,341.651806
10863,341.64278
10864,341.632296
10865,341.620384
10866,341.607095
10867,341.592492
10868,341.576658
10869,341.559685
10870,341.541674
10871,341.522729
10872,341.502953
10873,341.482443
10874,341.461289
10875,341.439569
10876,341.417354
10877,341.3947
10878,341.371656
10879,341.348258
10880,341.316502
10881,341.332676
10882,341.34847
10883,341.363869
10884,341.378856
10885,341.393421
10886,341.407552
10887,341.421242
10888,341.434485
10889,341.447275
10890,341.459611
10891,341.471494
10892,341.482928
10893,341.493922
10894,341.504488
10895,341.514644
10896,341.524409
10897,341.533809
10898,341.542871
10899,341.551624
10900,341.560099
10901,341.568328
10902,341.576342
10903,341.584172
10904,341.591846
10905,341.599389
10906,341.60682
10907,341.614152
10908,341.621389
10909,341.628523
10910,341.635532
10911,341.64238
10912,341.649014
10913,341.655363
10914,341.661336
10915,341.666829
10916,341.671718
10917,341.675869
10918,341.679145
10919,341.681407
10920,341.682524
10921,341.682381
10922,341.680874
10923,341.677921
10924,341.673458
10925,341.667442
10926,341.659849
10927,341.650677
10928,341.639942
10929,341.627686
10930,341.613966
10931,341.598864
10932,341.582478
10933,341.564918
10934,341.546308
10935,341.526771
10936,341.506429
10937,341.485394
10938,341.463768
10939,341.441638
10940,341.419079
10941,341.396153
10942,341.372908
10943,341.34938
10944,341.307717
10945,341.323458
10946,341.338877
10947,341.353959
10948,341.368693
10949,341.383066
10950,341.397067
10951,341.410689
10952,341.423922
10953,341.43676
10954,341.449198
10955,341.461232
10956,341.472862
10957,341.484092
10958,341.494932
10959,341.505394
10960,341.515497
10961,341.525262
10962,341.534715
10963,341.543885
10964,341.552801
10965,341.561494
10966,341.569997
10967,341.57834
10968,341.586554
10969,341.594665
10970,341.602697
10971,341.610664
10972,341.618575
10973,341.626424
10974,341.63419
10975,341.641836
10976,341.649308
10977,341.656527
10978,341.663396
10979,341.669796
10980,341.675587
10981,341.680616
10982,341.684721
10983,341.687745
10984,341.689537
10985,341.689966
10986,341.688921
10987,341.68631
10988,341.682067
10989,341.676146
10990,341.668526
10991,341.659206
10992,341.64821
10993,341.635587
10994,341.621406
10995,341.605763
10996,341.588774
10997,341.570574
10998,341.551309
10999,341.531126
11000,341.510168
11001,341.488564
11002,341.466429
11003,341.443858
11004,341.420932
11005,341.397714
11006,341.374254
11007,341.350586
11008,341.299228
11009,341.314548
11010,341.329602
11011,341.344377
11012,341.358862
11013,341.373046
11014,341.386918
11015,341.400469
11016,341.413689
11017,341.426568
11018,341.439097
11019,341.451269
11020,341.463079
11021,341.474526
11022,341.485615
11023,341.496358
11024,341.506769
11025,341.516868
11026,341.526681
11027,341.536233
11028,341.545554
11029,341.554677
11030,341.563633
11031,341.572456
11032,341.581177
11033,341.589827
11034,341.598432
11035,341.607014
11036,341.615583
11037,341.624139
11038,341.632663
11039,341.641119
11040,341.64945
11041,341.657573
11042,341.665383
11043,341.672747
11044,341.679506
11045,341.685484
11046,341.690492
11047,341.694345
11048,341.696872
11049,341.697927
11050,341.697386
11051,341.695152
11052,341.691154
11053,341.685346
11054,341.677706
11055,341.668238
11056,341.65697
11057,341.643958
11058,341.629284
11059,341.613058
11060,341.595416
11061,341.576519
11062,341.55654
11063,341.535657
11064,341.514036
11065,341.491823
11066,341.469146
11067,341.446109
11068,341.422796
11069,341.399274
11070,341.375591
11071,341.35178
11072,341.290981
11073,341.305893
11074,341.32059
11075,341.335064
11076,341.349304
11077,341.363299
11078,341.37704
11079,341.390517
11080,341.403718
11081,341.416631
11082,341.429243
11083,341.44154
11084,341.453513
11085,341.465157
11086,341.476473
11087,341.487469
11088,341.498159
11089,341.508561
11090,341.518699
11091,341.528599
11092,341.538291
11093,341.547807
11094,341.557181
11095,341.566447
11096,341.575641
11097,341.584795
11098,341.593944
11099,341.603112
11100,341.612319
11101,341.621567
11102,341.630844
11103,341.640113
11104,341.649317
11105,341.658371
11106,341.66716
11107,341.675538
11108,341.683328
11109,341.690323
11110,341.696302
11111,341.701049
11112,341.704367
11113,341.706094
11114,341.706096
11115,341.704269
11116,341.700539
11117,341.694858
11118,341.687207
11119,341.67759
11120,341.666042
11121,341.652623
11122,341.637427
11123,341.620578
11124,341.602234
11125,341.582584
11126,341.561837
11127,341.540203
11128,341.517875
11129,341.49502
11130,341.471776
11131,341.448256
11132,341.424547
11133,341.400715
11134,341.376808
11135,341.352858
11136,341.282928
11137,341.297439
11138,341.311786
11139,341.325962
11140,341.339957
11141,341.353763
11142,341.36737
11143,341.380767
11144,341.393942
11145,341.406879
11146,341.419563
11147,341.431973
11148,341.444092
11149,341.455912
11150,341.46743
11151,341.478653
11152,341.489591
11153,341.500263
11154,341.510692
11155,341.520905
11156,341.530931
11157,341.540803
11158,341.550557
11159,341.560229
11160,341.569857
11161,341.57948
11162,341.589135
11163,341.598858
11164,341.608674
11165,341.618594
11166,341.628608
11167,341.638685
11168,341.648766
11169,341.658763
11170,341.668557
11171,341.677989
11172,341.686862
11173,341.694937
11174,341.701949
11175,341.707642
11176,341.711797
11177,341.714233
11178,341.714807
11179,341.71341
11180,341.709966
11181,341.704426
11182,341.696771
11183,341.687009
11184,341.675176
11185,341.66134
11186,341.645602
11187,341.6281
11188,341.609012
11189,341.588559
11190,341.566994
11191,341.544568
11192,341.521504
11193,341.497986
11194,341.474164
11195,341.450155
11196,341.426049
11197,341.401911
11198,341.377788
11199,341.353708
11200,341.275019
11201,341.289135
11202,341.303136
11203,341.317014
11204,341.330762
11205,341.344374
11206,341.35784
11207,341.371149
11208,341.384287
11209,341.397238
11210,341.40998
11211,341.422488
11212,341.434735
11213,341.446707
11214,341.458401
11215,341.46982
11216,341.480975
11217,341.491884
11218,341.502569
11219,341.513058
11220,341.52338
11221,341.53357
11222,341.543665
11223,341.553704
11224,341.563727
11225,341.573778
11226,341.583901
11227,341.594139
11228,341.604531
11229,341.615093
11230,341.625822
11231,341.636688
11232,341.647634
11233,341.658572
11234,341.669378
11235,341.679884
11236,341.689872
11237,341.699072
11238,341.70716
11239,341.713836
11240,341.718854
11241,341.72202
11242,341.723183
11243,341.72223
11244,341.719084
11245,341.713696
11246,341.706047
11247,341.696147
11248,341.684034
11249,341.669782
11250,341.653496
11251,341.635327
11252,341.615471
11253,341.594181
11254,341.571766
11255,341.548528
11256,341.524717
11257,341.500535
11258,341.476139
11259,341.451651
11260,341.42716
11261,341.402731
11262,341.378408
11263,341.354216
11264,341.267208
11265,341.280932
11266,341.294585
11267,341.308164
11268,341.321661
11269,341.335071
11270,341.348386
11271,341.361594
11272,341.374681
11273,341.387629
11274,341.400412
11275,341.412997
11276,341.425347
11277,341.437445
11278,341.449284
11279,341.460868
11280,341.472206
11281,341.483316
11282,341.494221
11283,341.504947
11284,341.515527
11285,341.525996
11286,341.536392
11287,341.546757
11288,341.557135
11289,341.567572
11290,341.578121
11291,341.588834
11292,341.599762
11293,341.610931
11294,341.62234
11295,341.633964
11296,341.645748
11297,341.657603
11298,341.669401
11299,341.680968
11300,341.692069
11301,341.702405
11302,341.711579
11303,341.71924
11304,341.725121
11305,341.729017
11306,341.730771
11307,341.730267
11308,341.727425
11309,341.722197
11310,341.714565
11311,341.70454
11312,341.692163
11313,341.677509
11314,341.660693
11315,341.641871
11316,341.621256
11317,341.599126
11318,341.575866
11319,341.551828
11320,341.527291
11321,341.502467
11322,341.477523
11323,341.452581
11324,341.427732
11325,341.40304
11326,341.378544
11327,341.354265
11328,341.259447
11329,341.27278
11330,341.286084
11331,341.299358
11332,341.312597
11333,341.325795
11334,341.338944
11335,341.352034
11336,341.36505
11337,341.377971
11338,341.390767
11339,341.403397
11340,341.415819
11341,341.42801
11342,341.439962
11343,341.451675
11344,341.46316
11345,341.474434
11346,341.485519
11347,341.496444
11348,341.507242
11349,341.517949
11350,341.528605
11351,341.539255
11352,341.549946
11353,341.56073
11354,341.571665
11355,341.582814
11356,341.594238
11357,341.605969
11358,341.618015
11359,341.630352
11360,341.642928
11361,341.655653
11362,341.668395
11363,341.68097
11364,341.693126
11365,341.704529
11366,341.71473
11367,341.723332
11368,341.730044
11369,341.734646
11370,341.736975
11371,341.736912
11372,341.734374
11373,341.729313
11374,341.721711
11375,341.71158
11376,341.698965
11377,341.683945
11378,341.666638
11379,341.647214
11380,341.6259
11381,341.603007
11382,341.578973
11383,341.5542
11384,341.528992
11385,341.503579
11386,341.478134
11387,341.452784
11388,341.42762
11389,341.402702
11390,341.37807
11391,341.35374
11392,341.251695
11393,341.264634
11394,341.277584
11395,341.290546
11396,341.303515
11397,341.316487
11398,341.329454
11399,341.342405
11400,341.355325
11401,341.368189
11402,341.380965
11403,341.393606
11404,341.406064
11405,341.418312
11406,341.430338
11407,341.442143
11408,341.453736
11409,341.465134
11410,341.476361
11411,341.487444
11412,341.498418
11413,341.509321
11414,341.520195
11415,341.531087
11416,341.542049
11417,341.553138
11418,341.564416
11419,341.575957
11420,341.58783
11421,341.600075
11422,341.612703
11423,341.625696
11424,341.639001
11425,341.652528
11426,341.666139
11427,341.679639
11428,341.692759
11429,341.705132
11430,341.716269
11431,341.725737
11432,341.733221
11433,341.738486
11434,341.74136
11435,341.741719
11436,341.739478
11437,341.734588
11438,341.727032
11439,341.716822
11440,341.704006
11441,341.688667
11442,341.670932
11443,341.650981
11444,341.62906
11445,341.60551
11446,341.580808
11447,341.555395
11448,341.529602
11449,341.503676
11450,341.477799
11451,341.452103
11452,341.426679
11453,341.401588
11454,341.376866
11455,341.352527
11456,341.243909
11457,341.25645
11458,341.26904
11459,341.281679
11460,341.294365
11461,341.307094
11462,341.319859
11463,341.332647
11464,341.345443
11465,341.358219
11466,341.37094
11467,341.383554
11468,341.396009
11469,341.408274
11470,341.420335
11471,341.432192
11472,341.443853
11473,341.455334
11474,341.466659
11475,341.477858
11476,341.488965
11477,341.50002
11478,341.511068
11479,341.522159
11480,341.533347
11481,341.544694
11482,341.55627
11483,341.568154
11484,341.580423
11485,341.593123
11486,341.606269
11487,341.619847
11488,341.633804
11489,341.648048
11490,341.662436
11491,341.67676
11492,341.690733
11493,341.703963
11494,341.71593
11495,341.726173
11496,341.734355
11497,341.740225
11498,341.743603
11499,341.744358
11500,341.742403
11501,341.737686
11502,341.730191
11503,341.719933
11504,341.706961
11505,341.691365
11506,341.673278
11507,341.652891
11508,341.630471
11509,341.606383
11510,341.581134
11511,341.555195
11512,341.528923
11513,341.502578
11514,341.476355
11515,341.450389
11516,341.424775
11517,341.399573
11518,341.374817
11519,341.350518
11520,341.236052
11521,341.248188
11522,341.260408
11523,341.272712
11524,341.2851
11525,341.297568
11526,341.310108
11527,341.322708
11528,341.335349
11529,341.348004
11530,341.360632
11531,341.373181
11532,341.385592
11533,341.397834
11534,341.409889
11535,341.421756
11536,341.433442
11537,341.444964
11538,341.456345
11539,341.467615
11540,341.478811
11541,341.489973
11542,341.501148
11543,341.51239
11544,341.523755
11545,341.535311
11546,341.547133
11547,341.559304
11548,341.571909
11549,341.584997
11550,341.598589
11551,341.612672
11552,341.627193
11553,341.642058
11554,341.657116
11555,341.672151
11556,341.686858
11557,341.700826
11558,341.71351
11559,341.724428
11560,341.733222
11561,341.739631
11562,341.743462
11563,341.744581
11564,341.742895
11565,341.738354
11566,341.730938
11567,341.720666
11568,341.70759
11569,341.691804
11570,341.673449
11571,341.652729
11572,341.629925
11573,341.605424
11574,341.579757
11575,341.553417
11576,341.526782
11577,341.500127
11578,341.473655
11579,341.447508
11580,341.421784
11581,341.396542
11582,341.371816
11583,341.347615
11584,341.228087
11585,341.23981
11586,341.251648
11587,341.263604
11588,341.275677
11589,341.287864
11590,341.300155
11591,341.312539
11592,341.324995
11593,341.337494
11594,341.349994
11595,341.362437
11596,341.374764
11597,341.38694
11598,341.398947
11599,341.410781
11600,341.422449
11601,341.433967
11602,341.445358
11603,341.456655
11604,341.467893
11605,341.479114
11606,341.490369
11607,341.501712
11608,341.513203
11609,341.524914
11610,341.536924
11611,341.549321
11612,341.562194
11613,341.575598
11614,341.589555
11615,341.604053
11616,341.619041
11617,341.634421
11618,341.650037
11619,341.665662
11620,341.680981
11621,341.695564
11622,341.708849
11623,341.720336
11624,341.729653
11625,341.736527
11626,341.740758
11627,341.742204
11628,341.74077
11629,341.736403
11630,341.729086
11631,341.718837
11632,341.705711
11633,341.689807
11634,341.671275
11635,341.650327
11636,341.627259
11637,341.602473
11638,341.576518
11639,341.549909
11640,341.523034
11641,341.496185
11642,341.469572
11643,341.443342
11644,341.417596
11645,341.392394
11646,341.367768
11647,341.343727
11648,341.219981
11649,341.231281
11650,341.242726
11651,341.254318
11652,341.266058
11653,341.277941
11654,341.28996
11655,341.3021
11656,341.314339
11657,341.326648
11658,341.338981
11659,341.351279
11660,341.363481
11661,341.37555
11662,341.387465
11663,341.399222
11664,341.410827
11665,341.422296
11666,341.433653
11667,341.444928
11668,341.45616
11669,341.467393
11670,341.478676
11671,341.490067
11672,341.50163
11673,341.513438
11674,341.525573
11675,341.53813
11676,341.551199
11677,341.564838
11678,341.579072
11679,341.593892
11680,341.609243
11681,341.625027
11682,341.641083
11683,341.657176
11684,341.67298
11685,341.688054
11686,341.701823
11687,341.713773
11688,341.723521
11689,341.730784
11690,341.735356
11691,341.73709
11692,341.735888
11693,341.731696
11694,341.724495
11695,341.714307
11696,341.701188
11697,341.685242
11698,341.666624
11699,341.645556
11700,341.622344
11701,341.597402
11702,341.571293
11703,341.544545
11704,341.517561
11705,341.490639
11706,341.463998
11707,341.437789
11708,341.412115
11709,341.387038
11710,341.36259
11711,341.338776
11712,341.211704
11713,341.222569
11714,341.233607
11715,341.244819
11716,341.256207
11717,341.267766
11718,341.279486
11719,341.291353
11720,341.303345
11721,341.315428
11722,341.327558
11723,341.339672
11724,341.351708
11725,341.363626
11726,341.375406
11727,341.387042
11728,341.398539
11729,341.409913
11730,341.421188
11731,341.432395
11732,341.443572
11733,341.454765
11734,341.466024
11735,341.477408
11736,341.488985
11737,341.500828
11738,341.513024
11739,341.525669
11740,341.538856
11741,341.552646
11742,341.567066
11743,341.582106
11744,341.597713
11745,341.613786
11746,341.63016
11747,341.646596
11748,341.662759
11749,341.678201
11750,341.692336
11751,341.704642
11752,341.714728
11753,341.722303
11754,341.727156
11755,341.729137
11756,341.728146
11757,341.724127
11758,341.717063
11759,341.706973
11760,341.693919
11761,341.678007
11762,341.659397
11763,341.638317
11764,341.61508
11765,341.59011
11766,341.563981
11767,341.537229
11768,341.510265
11769,341.483396
11770,341.456844
11771,341.430765
11772,341.405263
11773,341.380401
11774,341.356211
11775,341.332696
11776,341.203228
11777,341.213646
11778,341.224261
11779,341.235078
11780,341.246094
11781,341.257306
11782,341.268703
11783,341.28027
11784,341.291982
11785,341.303806
11786,341.315695
11787,341.327586
11788,341.339415
11789,341.351141
11790,341.362742
11791,341.374212
11792,341.385556
11793,341.396789
11794,341.407934
11795,341.419023
11796,341.430096
11797,341.441196
11798,341.452377
11799,341.463698
11800,341.475228
11801,341.487043
11802,341.49923
11803,341.511888
11804,341.525112
11805,341.538965
11806,341.553475
11807,341.568632
11808,341.584384
11809,341.600628
11810,341.617198
11811,341.63385
11812,341.650246
11813,341.665932
11814,341.680317
11815,341.692871
11816,341.7032
11817,341.71101
11818,341.716084
11819,341.718271
11820,341.71747
11821,341.713622
11822,341.706712
11823,341.69676
11824,341.683829
11825,341.668027
11826,341.649518
11827,341.628534
11828,341.605392
11829,341.580523
11830,341.554505
11831,341.527883
11832,341.501071
11833,341.474381
11834,341.448039
11835,341.422202
11836,341.396976
11837,341.372423
11838,341.348574
11839,341.325433
11840,341.194527
11841,341.204483
11842,341.214662
11843,341.225066
11844,341.235692
11845,341.246536
11846,341.257585
11847,341.268823
11848,341.280226
11849,341.291757
11850,341.303369
11851,341.314998
11852,341.326579
11853,341.33807
11854,341.34945
11855,341.360709
11856,341.371854
11857,341.382899
11858,341.393867
11859,341.404789
11860,341.415706
11861,341.426661
11862,341.437708
11863,341.448908
11864,341.460329
11865,341.472049
11866,341.484157
11867,341.496751
11868,341.509928
11869,341.523753
11870,341.538254
11871,341.553423
11872,341.569207
11873,341.585503
11874,341.602143
11875,341.618885
11876,341.635387
11877,341.651194
11878,341.665711
11879,341.678408
11880,341.688887
11881,341.696852
11882,341.702087
11883,341.704438
11884,341.703803
11885,341.700126
11886,341.693389
11887,341.683613
11888,341.670863
11889,341.655248
11890,341.636932
11891,341.616151
11892,341.593223
11893,341.568582
11894,341.54281
11895,341.516451
11896,341.489924
11897,341.463542
11898,341.437532
11899,341.412052
11900,341.387206
11901,341.363059
11902,341.339639
11903,341.316949
11904,341.185575
11905,341.195057
11906,341.204785
11907,341.214759
11908,341.224978
11909,341.235432
11910,341.246111
11911,341.256994
11912,341.268056
11913,341.279261
11914,341.290561
11915,341.30189
11916,341.313183
11917,341.324398
11918,341.335512
11919,341.346517
11920,341.357417
11921,341.368226
11922,341.378969
11923,341.389675
11924,341.400385
11925,341.411142
11926,341.422
11927,341.433019
11928,341.444269
11929,341.455827
11930,341.467782
11931,341.480233
11932,341.493279
11933,341.506983
11934,341.521376
11935,341.536449
11936,341.55215
11937,341.568377
11938,341.584964
11939,341.601667
11940,341.618149
11941,341.633952
11942,341.648484
11943,341.661216
11944,341.671751
11945,341.679793
11946,341.685127
11947,341.687599
11948,341.687109
11949,341.6836
11950,341.677054
11951,341.667494
11952,341.654983
11953,341.63963
11954,341.621601
11955,341.60113
11956,341.578536
11957,341.554251
11958,341.528856
11959,341.502895
11960,341.476787
11961,341.450843
11962,341.425288
11963,341.40028
11964,341.375924
11965,341.35228
11966,341.329377
11967,341.307217
11968,341.17635
11969,341.185343
11970,341.194606
11971,341.204138
11972,341.213932
11973,341.223979
11974,341.234263
11975,341.244765
11976,341.255458
11977,341.266305
11978,341.277256
11979,341.288248
11980,341.299214
11981,341.310111
11982,341.320917
11983,341.331623
11984,341.342233
11985,341.352761
11986,341.363231
11987,341.373672
11988,341.384123
11989,341.394629
11990,341.405242
11991,341.416022
11992,341.427037
11993,341.438365
11994,341.450094
11995,341.462325
11996,341.475153
11997,341.488644
11998,341.502827
11999,341.517696
12000,341.533199
12001,341.549236
12002,341.565643
12003,341.582181
12004,341.598513
12005,341.614188
12006,341.628618
12007,341.641277
12008,341.651772
12009,341.659813
12010,341.665184
12011,341.667735
12012,341.667367
12013,341.664023
12014,341.657686
12015,341.64838
12016,341.636166
12017,341.621152
12018,341.603503
12019,341.58345
12020,341.561309
12021,341.537508
12022,341.512624
12023,341.487197
12024,341.461642
12025,341.436266
12026,341.411291
12027,341.386873
12028,341.363113
12029,341.340072
12030,341.317776
12031,341.296226
12032,341.166826
12033,341.175318
12034,341.184105
12035,341.193182
12036,341.202539
12037,341.21216
12038,341.22203
12039,341.232127
12040,341.242423
12041,341.25288
12042,341.263449
12043,341.274066
12044,341.284665
12045,341.295204
12046,341.305659
12047,341.316023
12048,341.326299
12049,341.3365
12050,341.346649
12051,341.356777
12052,341.366919
12053,341.37712
12054,341.387433
12055,341.397915
12056,341.408633
12057,341.419665
12058,341.431096
12059,341.443026
12060,341.455552
12061,341.468736
12062,341.48261
12063,341.497167
12064,341.512357
12065,341.528083
12066,341.544184
12067,341.560426
12068,341.576479
12069,341.5919
12070,341.606108
12071,341.618586
12072,341.628947
12073,341.636905
12074,341.642251
12075,341.644838
12076,341.644568
12077,341.641387
12078,341.635278
12079,341.626264
12080,341.614404
12081,341.599807
12082,341.582632
12083,341.563104
12084,341.541537
12085,341.518349
12086,341.494111
12087,341.469355
12088,341.444488
12089,341.41981
12090,341.395541
12091,341.371829
12092,341.348776
12093,341.326437
12094,341.304838
12095,341.283978
12096,341.156974
12097,341.164955
12098,341.173262
12099,341.181878
12100,341.190787
12101,341.19997
12102,341.209407
12103,341.219075
12104,341.228946
12105,341.238983
12106,341.249136
12107,341.259342
12108,341.269536
12109,341.279676
12110,341.28974
12111,341.299719
12112,341.309616
12113,341.319445
12114,341.329228
12115,341.338993
12116,341.348777
12117,341.358623
12118,341.368581
12119,341.378707
12120,341.389067
12121,341.399737
12122,341.4108
12123,341.422353
12124,341.434492
12125,341.447279
12126,341.460744
12127,341.474882
12128,341.489644
12129,341.504937
12130,341.520606
12131,341.536422
12132,341.552067
12133,341.567106
12134,341.580972
12135,341.593157
12136,341.603286
12137,341.611082
12138,341.61634
12139,341.618919
12140,341.618725
12141,341.615703
12142,341.60984
12143,341.601155
12144,341.589709
12145,341.575605
12146,341.558997
12147,341.540105
12148,341.519233
12149,341.496789
12150,341.473334
12151,341.449386
12152,341.425342
12153,341.401495
12154,341.378055
12155,341.355168
12156,341.332929
12157,341.311392
12158,341.29058
12159,341.27049
12160,341.146757
12161,341.154228
12162,341.162057
12163,341.170214
12164,341.17867
12165,341.187403
12166,341.196392
12167,341.205611
12168,341.215031
12169,341.224618
12170,341.234322
12171,341.244081
12172,341.253832
12173,341.263534
12174,341.273165
12175,341.282717
12176,341.292193
12177,341.301607
12178,341.310978
12179,341.320335
12180,341.329712
12181,341.339152
12182,341.348702
12183,341.358417
12184,341.368361
12185,341.378604
12186,341.38923
12187,341.400332
12188,341.412003
12189,341.424304
12190,341.437264
12191,341.450877
12192,341.4651
12193,341.47984
12194,341.49495
12195,341.51021
12196,341.525314
12197,341.539841
12198,341.553242
12199,341.565023
12200,341.574823
12201,341.582375
12202,341.587483
12203,341.590011
12204,341.589868
12205,341.587004
12206,341.581403
12207,341.573087
12208,341.562111
12209,341.548576
12210,341.532629
12211,341.514483
12212,341.494429
12213,341.472863
12214,341.450328
12215,341.427327
12216,341.404242
12217,341.381356
12218,341.35887
12219,341.336923
12220,341.315606
12221,341.29497
12222,341.275035
12223,341.255794
12224,341.13612
12225,341.143103
12226,341.150476
12227,341.158183
12228,341.166189
12229,341.174466
12230,341.182991
12231,341.191741
12232,341.200687
12233,341.209794
12234,341.219016
12235,341.228293
12236,341.237564
12237,341.246789
12238,341.255948
12239,341.265033
12240,341.274047
12241,341.283002
12242,341.291918
12243,341.300822
12244,341.309747
12245,341.318732
12246,341.327824
12247,341.337075
12248,341.346545
12249,341.356302
12250,341.366425
12251,341.377005
12252,341.38813
12253,341.399859
12254,341.41222
12255,341.425208
12256,341.43878
12257,341.45285
12258,341.467276
12259,341.481852
12260,341.496282
12261,341.510167
12262,341.522977
12263,341.534242
12264,341.543616
12265,341.550844
12266,341.55574
12267,341.558173
12268,341.558059
12269,341.555349
12270,341.550028
12271,341.542116
12272,341.531668
12273,341.518777
12274,341.503586
12275,341.486295
12276,341.467184
12277,341.446629
12278,341.425152
12279,341.403236
12280,341.381245
12281,341.359449
12282,341.338038
12283,341.317145
12284,341.296856
12285,341.277219
12286,341.258249
12287,341.239939
12288,341.035348
12289,340.935517
12290,341.011413
12291,340.950664
12292,341.01961
12293,340.922332
12294,340.999102
12295,340.935712
12296,340.451948
12297,340.357084
12298,340.431949
12299,340.370132
