0,340.874054
1,340.872899
2,340.872265
3,340.872439
4,340.873372
5,340.874955
6,340.877087
7,340.879685
8,340.882684
9,340.886036
10,340.889706
11,340.893671
12,340.897917
13,340.902438
14,340.907241
15,340.912338
16,340.91775
17,340.923508
18,340.929652
19,340.936231
20,340.943302
21,340.950932
22,340.959193
23,340.968166
24,340.977929
25,340.98856
26,341.000124
27,341.012669
28,341.026214
29,341.040735
30,341.056109
31,341.071967
32,341.087461
33,341.101353
34,341.113145
35,341.122636
36,341.129691
37,341.134209
38,341.136126
39,341.135409
40,341.132047
41,341.126048
42,341.117436
43,341.106258
44,341.092592
45,341.076553
46,341.058292
47,341.038024
48,341.016256
49,340.994239
50,340.972838
51,340.952447
52,340.93321
53,340.915178
54,340.898354
55,340.88272
56,340.868243
57,340.854885
58,340.842612
59,340.831409
60,340.821296
61,340.812373
62,340.804954
63,340.799937
64,340.888659
65,340.887778
66,340.887399
67,340.887787
68,340.888907
69,340.890664
70,340.892964
71,340.895727
72,340.898892
73,340.902413
74,340.906255
75,340.910396
76,340.914823
77,340.919532
78,340.924528
79,340.929828
80,340.935453
81,340.941438
82,340.947825
83,340.954666
84,340.962025
85,340.969975
86,340.978596
87,340.98798
88,340.998222
89,341.009421
90,341.021679
91,341.035106
92,341.049845
93,341.066099
94,341.084098
95,341.103751
96,341.123621
97,341.140303
98,341.153779
99,341.164365
100,341.172158
101,341.177152
102,341.179322
103,341.178658
104,341.175158
105,341.168831
106,341.159691
107,341.147764
108,341.133091
109,341.115698
110,341.095505
111,341.072213
112,341.045838
113,341.01978
114,340.995506
115,340.973138
116,340.952471
117,340.933325
118,340.915585
119,340.899167
120,340.884002
121,340.87003
122,340.857202
123,340.845488
124,340.834897
125,340.825521
126,340.817671
127,340.812291
128,340.907048
129,340.9066
130,340.906666
131,340.907439
132,340.908892
133,340.910947
134,340.913521
135,340.916546
136,340.919965
137,340.923735
138,340.927825
139,340.932215
140,340.936893
141,340.941858
142,340.947118
143,340.95269
144,340.958601
145,340.964888
146,340.971599
147,340.978793
148,340.986542
149,340.99493
150,341.004054
151,341.014024
152,341.024964
153,341.03702
154,341.050371
155,341.065285
156,341.08225
157,341.102224
158,341.126903
159,341.158044
160,341.193005
161,341.216708
162,341.233601
163,341.246232
164,341.255381
165,341.261249
166,341.263899
167,341.263365
168,341.259669
169,341.252817
170,341.242805
171,341.229617
172,341.213211
173,341.193415
174,341.169488
175,341.138915
176,341.097201
177,341.059321
178,341.028014
179,341.001584
180,340.978362
181,340.957411
182,340.938268
183,340.920691
184,340.904532
185,340.889685
186,340.876069
187,340.863631
188,340.852361
189,340.842336
190,340.83387
191,340.827989
192,340.926086
193,340.926153
194,340.92678
195,340.928059
196,340.929955
197,340.932402
198,340.935333
199,340.938689
200,340.942421
201,340.946493
202,340.950877
203,340.955555
204,340.96052
205,340.965773
206,340.971325
207,340.977197
208,340.98342
209,340.990037
210,340.997102
211,341.004683
212,341.012862
213,341.02174
214,341.031432
215,341.042078
216,341.053844
217,341.066941
218,341.081683
219,341.09864
220,341.119077
221,341.146024
222,341.186308
223,341.251501
224,341.343036
225,341.380457
226,341.402309
227,341.417933
228,341.429153
229,341.436387
230,341.439804
231,341.439505
232,341.435548
233,341.427942
234,341.416649
235,341.401588
236,341.382623
237,341.359395
238,341.330198
239,341.28585
240,341.187591
241,341.115219
242,341.067846
243,341.034026
244,341.006949
245,340.98359
246,340.9627
247,340.943734
248,340.926408
249,340.910545
250,340.896021
251,340.882751
252,340.8707
253,340.859929
254,340.850763
255,340.844326
256,340.944936
257,340.945558
258,340.946819
259,340.948685
260,340.951104
261,340.954017
262,340.957369
263,340.961112
264,340.965206
265,340.969619
266,340.97433
267,340.979325
268,340.9846
269,340.99016
270,340.996019
271,341.002204
272,341.008749
273,341.015705
274,341.023134
275,341.031112
276,341.039738
277,341.049127
278,341.05942
279,341.070789
280,341.083452
281,341.09771
282,341.114061
283,341.133553
284,341.158888
285,341.197735
286,341.271882
287,341.436419
288,341.772728
289,341.81185
290,341.83648
291,341.856249
292,341.870879
293,341.88044
294,341.885175
295,341.885298
296,341.880929
297,341.872077
298,341.858647
299,341.840454
300,341.817308
301,341.78927
302,341.756981
303,341.711763
304,341.370243
305,341.197466
306,341.115464
307,341.069216
308,341.036806
309,341.01051
310,340.987624
311,340.967116
312,340.948516
313,340.931554
314,340.916052
315,340.901888
316,340.888999
317,340.877433
318,340.867527
319,340.860515
320,340.96344
321,340.964637
322,340.966572
323,340.969081
324,340.97208
325,340.975516
326,340.979341
327,340.983517
328,340.988011
329,340.992799
330,340.997864
331,341.003198
332,341.008799
333,341.014678
334,341.020854
335,341.027357
336,341.034228
337,341.041524
338,341.049315
339,341.057691
340,341.066761
341,341.076663
342,341.087563
343,341.09967
344,341.113256
345,341.12872
346,341.146764
347,341.168992
348,341.199939
349,341.254238
350,341.383101
351,341.778385
352,341.862997
353,341.8868
354,341.911347
355,341.931682
356,341.946757
357,341.956613
358,341.961512
359,341.961687
360,341.957266
361,341.948258
362,341.93456
363,341.915971
364,341.892282
365,341.863586
366,341.831324
367,341.801664
368,341.715231
369,341.30614
370,341.167857
371,341.105463
372,341.066952
373,341.037488
374,341.012494
375,340.990373
376,340.970443
377,340.952339
378,340.935822
379,340.920731
380,340.906976
381,340.894591
382,340.88393
383,340.876338
384,340.981626
385,340.983409
386,340.986045
387,340.989232
388,340.992855
389,340.996856
390,341.001194
391,341.00584
392,341.010766
393,341.015956
394,341.021398
395,341.027087
396,341.033028
397,341.039235
398,341.045731
399,341.052552
400,341.059746
401,341.067375
402,341.07552
403,341.084281
404,341.093784
405,341.104184
406,341.115673
407,341.128499
408,341.142986
409,341.159618
410,341.179262
411,341.20389
412,341.238966
413,341.301453
414,341.446687
415,341.857303
416,341.90794
417,341.933579
418,341.960301
419,341.982338
420,341.99861
421,342.009241
422,342.014569
423,342.014874
424,342.010307
425,342.000878
426,341.986461
427,341.966808
428,341.941638
429,341.910963
430,341.876265
431,341.844571
432,341.792614
433,341.366307
434,341.210659
435,341.139456
436,341.096322
437,341.064006
438,341.036974
439,341.013251
440,340.991991
441,340.972737
442,340.955197
443,340.93917
444,340.92454
445,340.91133
446,340.899913
447,340.891747
448,340.99957
449,341.001945
450,341.005298
451,341.00919
452,341.013467
453,341.018065
454,341.022949
455,341.028093
456,341.033478
457,341.039092
458,341.044927
459,341.050985
460,341.057274
461,341.063813
462,341.07063
463,341.077765
464,341.085273
465,341.093223
466,341.101705
467,341.11083
468,341.120739
469,341.131604
470,341.143645
471,341.15714
472,341.172462
473,341.190164
474,341.211224
475,341.237814
476,341.275758
477,341.342527
478,341.493171
479,341.903787
480,341.953132
481,341.981035
482,342.010092
483,342.033989
484,342.051599
485,342.063106
486,342.068915
487,342.069353
488,342.064595
489,342.05465
490,342.039371
491,342.018462
492,341.991577
493,341.958673
494,341.921294
495,341.887062
496,341.836312
497,341.408831
498,341.247029
499,341.170978
500,341.124481
501,341.089733
502,341.060825
503,341.035578
504,341.013029
505,340.992651
506,340.974104
507,340.957152
508,340.941656
509,340.927629
510,340.915467
511,340.906734
512,341.017354
513,341.020325
514,341.024409
515,341.029023
516,341.033977
517,341.039198
518,341.044652
519,341.050318
520,341.056182
521,341.062236
522,341.068478
523,341.074913
524,341.081555
525,341.088426
526,341.095559
527,341.102999
528,341.110807
529,341.119059
530,341.127854
531,341.137312
532,341.147588
533,341.158872
534,341.171405
535,341.185494
536,341.201551
537,341.220181
538,341.242437
539,341.270598
540,341.310641
541,341.380195
542,341.534298
543,341.948843
544,341.998558
545,342.028394
546,342.059528
547,342.085143
548,342.104015
549,342.116357
550,342.122616
551,342.123156
552,342.118171
553,342.107673
554,342.091492
555,342.069299
556,342.040705
557,342.005647
558,341.965779
559,341.929294
560,341.878095
561,341.445679
562,341.279747
563,341.200361
564,341.15126
565,341.114453
566,341.083869
567,341.057217
568,341.033458
569,341.012011
570,340.992495
571,340.974647
572,340.958307
573,340.943482
574,340.930591
575,340.921306
576,341.035059
577,341.038631
578,341.043454
579,341.048806
580,341.054455
581,341.060318
582,341.066361
583,341.072566
584,341.078925
585,341.085432
586,341.092089
587,341.098907
588,341.105902
589,341.1131
590,341.120541
591,341.128272
592,341.136361
593,341.14489
594,341.153965
595,341.163717
596,341.174311
597,341.185953
598,341.198901
599,341.213486
600,341.230151
601,341.249539
602,341.272754
603,341.302135
604,341.343736
605,341.415284
606,341.57198
607,341.990391
608,342.040444
609,342.071702
610,342.104416
611,342.131371
612,342.151245
613,342.164245
614,342.170843
615,342.171424
616,342.166195
617,342.155169
618,342.138162
619,342.114826
620,342.08475
621,342.047878
622,342.005987
623,341.967738
624,341.916121
625,341.478854
626,341.309665
627,341.227729
628,341.176548
629,341.138015
630,341.105972
631,341.078063
632,341.053199
633,341.030759
634,341.010331
635,340.991631
636,340.974481
637,340.958886
638,340.945288
639,340.935468
640,341.052765
641,341.056942
642,341.062514
643,341.068616
644,341.074973
645,341.081493
646,341.088141
647,341.094899
648,341.101763
649,341.108731
650,341.115809
651,341.123009
652,341.130354
653,341.137872
654,341.145606
655,341.153611
656,341.161956
657,341.170731
658,341.180047
659,341.190045
660,341.200898
661,341.212823
662,341.226095
663,341.241063
664,341.258191
665,341.27815
666,341.302074
667,341.332342
668,341.375051
669,341.447991
670,341.606523
671,342.027781
672,342.078071
673,342.110291
674,342.144091
675,342.171979
676,342.192548
677,342.20599
678,342.212788
679,342.213337
680,342.207852
681,342.196346
682,342.178628
683,342.154339
684,342.123061
685,342.08476
686,342.041319
687,342.001749
688,341.949813
689,341.508693
690,341.33699
691,341.253087
692,341.20026
693,341.160312
694,341.127037
695,341.098038
696,341.072193
697,341.048854
698,341.027587
699,341.008088
700,340.990172
701,340.973841
702,340.959564
703,340.949226
704,341.07055
705,341.075339
706,341.081668
707,341.088531
708,341.09561
709,341.102799
710,341.110063
711,341.117385
712,341.124761
713,341.132194
714,341.139693
715,341.147274
716,341.15496
717,341.162786
718,341.170797
719,341.179051
720,341.187622
721,341.196606
722,341.206118
723,341.216306
724,341.22735
725,341.239477
726,341.252971
727,341.268194
728,341.285627
729,341.305956
730,341.330338
731,341.36117
732,341.404576
733,341.478384
734,341.638056
735,342.061082
736,342.111516
737,342.144308
738,342.178753
739,342.207188
740,342.228148
741,342.241812
742,342.248664
743,342.249105
744,342.243353
745,342.231421
746,342.213116
747,342.188073
748,342.155875
749,342.11651
750,342.071939
751,342.031424
752,341.979258
753,341.535332
754,341.361789
755,341.276424
756,341.222339
757,341.181278
758,341.147002
759,341.117091
760,341.090402
761,341.066268
762,341.044243
763,341.02401
764,341.005378
765,340.988351
766,340.973425
767,340.962589
768,341.088495
769,341.093902
770,341.101
771,341.108635
772,341.116447
773,341.124317
774,341.132205
775,341.140098
776,341.147991
777,341.155891
778,341.163808
779,341.171762
780,341.179778
781,341.187895
782,341.19616
783,341.204636
784,341.213399
785,341.222549
786,341.232206
787,341.242522
788,341.253682
789,341.265919
790,341.279524
791,341.294867
792,341.312437
793,341.332931
794,341.357515
795,341.388598
796,341.432314
797,341.506508
798,341.666686
799,342.090487
800,342.140982
801,342.174008
802,342.208704
803,342.237328
804,342.258389
805,342.272059
806,342.278819
807,342.279075
808,342.273046
809,342.260744
810,342.241976
811,342.216375
812,342.183526
813,342.143432
814,342.098108
815,342.056972
816,342.004656
817,341.558879
818,341.384104
819,341.297736
820,341.242759
821,341.200876
822,341.165831
823,341.135191
824,341.107802
825,341.082988
826,341.060293
827,341.039397
828,341.020103
829,341.002421
830,340.986879
831,340.975566
832,341.106686
833,341.112721
834,341.120598
835,341.129018
836,341.137574
837,341.146134
838,341.154656
839,341.163123
840,341.171536
841,341.179901
842,341.18823
843,341.196546
844,341.204877
845,341.213263
846,341.221756
847,341.23042
848,341.239336
849,341.248605
850,341.25835
851,341.268726
852,341.279921
853,341.292172
854,341.305771
855,341.321091
856,341.338625
857,341.359073
858,341.383603
859,341.414627
860,341.458278
861,341.5324
862,341.692486
863,342.116132
864,342.166613
865,342.199562
866,342.23414
867,342.262614
868,342.283496
869,342.296959
870,342.303485
871,342.303479
872,342.297162
873,342.284546
874,342.265437
875,342.239469
876,342.206229
877,342.165725
878,342.119996
879,342.078537
880,342.026142
881,341.579403
882,341.403967
883,341.31703
884,341.261511
885,341.219093
886,341.183512
887,341.15233
888,341.124389
889,341.099013
890,341.075741
891,341.054254
892,341.034356
893,341.016066
894,340.999941
895,340.988171
896,341.125214
897,341.131889
898,341.140559
899,341.149778
900,341.15909
901,341.168351
902,341.177511
903,341.186558
904,341.195489
905,341.204313
906,341.213045
907,341.221708
908,341.230335
909,341.238966
910,341.247655
911,341.256471
912,341.265494
913,341.274829
914,341.284601
915,341.294964
916,341.306109
917,341.318271
918,341.331742
919,341.346894
920,341.364214
921,341.384401
922,341.408618
923,341.43927
924,341.482483
925,341.556077
926,341.715476
927,342.138048
928,342.188441
929,342.221005
930,342.2551
931,342.283089
932,342.303514
933,342.316557
934,342.322703
935,342.322359
936,342.315743
937,342.302869
938,342.283543
939,342.257399
940,342.224025
941,342.183426
942,342.137638
943,342.096146
944,342.043744
945,341.596919
946,341.421386
947,341.334311
948,341.2786
949,341.235935
950,341.200051
951,341.168516
952,341.140175
953,341.114355
954,341.090602
955,341.068598
956,341.048154
957,341.029301
958,341.012627
959,341.000423
960,341.144184
961,341.151512
962,341.160993
963,341.171025
964,341.181107
965,341.191077
966,341.200883
967,341.21051
968,341.219957
969,341.229233
970,341.238355
971,341.247347
972,341.256245
973,341.265091
974,341.273941
975,341.282864
976,341.291946
977,341.30129
978,341.311022
979,341.321296
980,341.332302
981,341.34427
982,341.357488
983,341.372321
984,341.389249
985,341.408957
986,341.432596
987,341.462558
988,341.504945
989,341.577534
990,341.73562
991,342.156141
992,342.206366
993,342.238221
994,342.271452
995,342.298606
996,342.318285
997,342.330692
998,342.336313
999,342.335553
1000,342.328628
1001,342.315552
1002,342.296133
1003,342.270009
1004,342.236765
1005,342.1964
1006,342.150913
1007,342.109698
1008,342.057365
1009,341.611384
1010,341.436351
1011,341.349588
1012,341.294046
1013,341.251426
1014,341.215476
1015,341.183777
1016,341.155187
1017,341.129043
1018,341.104902
1019,341.082455
1020,341.061523
1021,341.042151
1022,341.024961
1023,341.012342
1024,341.16371
1025,341.171709
1026,341.182021
1027,341.192886
1028,341.203751
1029,341.214442
1030,341.224899
1031,341.235107
1032,341.245065
1033,341.254782
1034,341.264277
1035,341.273576
1036,341.282715
1037,341.291741
1038,341.30071
1039,341.309693
1040,341.318778
1041,341.328068
1042,341.337689
1043,341.347794
1044,341.358567
1045,341.370234
1046,341.383075
1047,341.39744
1048,341.413794
1049,341.432804
1050,341.455596
1051,341.484535
1052,341.525683
1053,341.596745
1054,341.752816
1055,342.170186
1056,342.220152
1057,342.250932
1058,342.282878
1059,342.30882
1060,342.327453
1061,342.338999
1062,342.343946
1063,342.342691
1064,342.335447
1065,342.322226
1066,342.302843
1067,342.27694
1068,342.244109
1069,342.204331
1070,342.159546
1071,342.118957
1072,342.06678
1073,341.622694
1074,341.448827
1075,341.362868
1076,341.307882
1077,341.265611
1078,341.229835
1079,341.19816
1080,341.169468
1081,341.143116
1082,341.118678
1083,341.095859
1084,341.074494
1085,341.054645
1086,341.036969
1087,341.023955
1088,341.183926
1089,341.192616
1090,341.203784
1091,341.215503
1092,341.22717
1093,341.238592
1094,341.249707
1095,341.260495
1096,341.270957
1097,341.281102
1098,341.290949
1099,341.300528
1100,341.309874
1101,341.319037
1102,341.328077
1103,341.337066
1104,341.346091
1105,341.355259
1106,341.364694
1107,341.374545
1108,341.384991
1109,341.39625
1110,341.408586
1111,341.422336
1112,341.437939
1113,341.456032
1114,341.477705
1115,341.505271
1116,341.544727
1117,341.613661
1118,341.766895
1119,342.179826
1120,342.229426
1121,342.258701
1122,342.288885
1123,342.313207
1124,342.330477
1125,342.340936
1126,342.345061
1127,342.343235
1128,342.335663
1129,342.322355
1130,342.303136
1131,342.277662
1132,342.245538
1133,342.206736
1134,342.163109
1135,342.123559
1136,342.071641
1137,341.630672
1138,341.458755
1139,341.37417
1140,341.320163
1141,341.27856
1142,341.2432
1143,341.211734
1144,341.183081
1145,341.15663
1146,341.131979
1147,341.108853
1148,341.087105
1149,341.066818
1150,341.048686
1151,341.035293
1152,341.204985
1153,341.214394
1154,341.226446
1155,341.239044
1156,341.251533
1157,341.263701
1158,341.275479
1159,341.286846
1160,341.297803
1161,341.308358
1162,341.318533
1163,341.328358
1164,341.337871
1165,341.347123
1166,341.356177
1167,341.365108
1168,341.374006
1169,341.382976
1170,341.392142
1171,341.40165
1172,341.411673
1173,341.422415
1174,341.434126
1175,341.447118
1176,341.461799
1177,341.478764
1178,341.499043
1179,341.524866
1180,341.562111
1181,341.628178
1182,341.777546
1183,342.184599
1184,342.233706
1185,342.260971
1186,342.288871
1187,342.311155
1188,342.326756
1189,342.335919
1190,342.339092
1191,342.336631
1192,342.328724
1193,342.315384
1194,342.296448
1195,342.2716
1196,342.240475
1197,342.203053
1198,342.161091
1199,342.123071
1200,342.071531
1201,341.635011
1202,341.466017
1203,341.383514
1204,341.330975
1205,341.290378
1206,341.255673
1207,341.22459
1208,341.196106
1209,341.169654
1210,341.144865
1211,341.12149
1212,341.099404
1213,341.078712
1214,341.060148
1215,341.046392
1216,341.22707
1217,341.237227
1218,341.250199
1219,341.263709
1220,341.277043
1221,341.289971
1222,341.302419
1223,341.314364
1224,341.325803
1225,341.336749
1226,341.347221
1227,341.357251
1228,341.366882
1229,341.376165
1230,341.385168
1231,341.393968
1232,341.402658
1233,341.411347
1234,341.420156
1235,341.429228
1236,341.438727
1237,341.448847
1238,341.459815
1239,341.471917
1240,341.485518
1241,341.501157
1242,341.519774
1243,341.543458
1244,341.577845
1245,341.639964
1246,341.783906
1247,342.183985
1248,342.232557
1249,342.257303
1250,342.282458
1251,342.302381
1252,342.316107
1253,342.323847
1254,342.325998
1255,342.322872
1256,342.31464
1257,342.301311
1258,342.282744
1259,342.258665
1260,342.22876
1261,342.19305
1262,342.153219
1263,342.117237
1264,342.066095
1265,341.634836
1266,341.470255
1267,341.390887
1268,341.340435
1269,341.30121
1270,341.26739
1271,341.236845
1272,341.208642
1273,341.182272
1274,341.157406
1275,341.13383
1276,341.111442
1277,341.090374
1278,341.071398
1279,341.057291
1280,341.250396
1281,341.261339
1282,341.275273
1283,341.28973
1284,341.303937
1285,341.317644
1286,341.33077
1287,341.343289
1288,341.355198
1289,341.366508
1290,341.37724
1291,341.387429
1292,341.397117
1293,341.406362
1294,341.415235
1295,341.423818
1296,341.43221
1297,341.44052
1298,341.448873
1299,341.457408
1300,341.466283
1301,341.475675
1302,341.485792
1303,341.496883
1304,341.509267
1305,341.523406
1306,341.540112
1307,341.561221
1308,341.591836
1309,341.64791
1310,341.782329
1311,342.17527
1312,342.226171
1313,342.248331
1314,342.270783
1315,342.28847
1316,342.300469
1317,342.306925
1318,342.308168
1319,342.304464
1320,342.295959
1321,342.282664
1322,342.264459
1323,342.241113
1324,342.212384
1325,342.178361
1326,342.140704
1327,342.106875
1328,342.052985
1329,341.626346
1330,341.470271
1331,341.396156
1332,341.348697
1333,341.311248
1334,341.278523
1335,341.248643
1336,341.220806
1337,341.194578
1338,341.169682
1339,341.145939
1340,341.123276
1341,341.101852
1342,341.082479
1343,341.068031
1344,341.275222
1345,341.286995
1346,341.301941
1347,341.317389
1348,341.332503
1349,341.34701
1350,341.360823
1351,341.373912
1352,341.386273
1353,341.397917
1354,341.408866
1355,341.419154
1356,341.428829
1357,341.437952
1358,341.446599
1359,341.454862
1360,341.462845
1361,341.470665
1362,341.47845
1363,341.486339
1364,341.494482
1365,341.503043
1366,341.512206
1367,341.522184
1368,341.533242
1369,341.545747
1370,341.560337
1371,341.57843
1372,341.603961
1373,341.649358
1374,341.756837
1375,342.077967
1376,342.201717
1377,342.22345
1378,342.243994
1379,342.260004
1380,342.270722
1381,342.276238
1382,342.276822
1383,342.272703
1384,342.264007
1385,342.250745
1386,342.232814
1387,342.210023
1388,342.182184
1389,342.149438
1390,342.113274
1391,342.079384
1392,341.946858
1393,341.592432
1394,341.463152
1395,341.399137
1396,341.356008
1397,341.320752
1398,341.289282
1399,341.260149
1400,341.232728
1401,341.206678
1402,341.181779
1403,341.157889
1404,341.134967
1405,341.1132
1406,341.09344
1407,341.078657
1408,341.301861
1409,341.314518
1410,341.330536
1411,341.347027
1412,341.363086
1413,341.378419
1414,341.39293
1415,341.406584
1416,341.419378
1417,341.43132
1418,341.442432
1419,341.452749
1420,341.462322
1421,341.47122
1422,341.479525
1423,341.487339
1424,341.49478
1425,341.501975
1426,341.509061
1427,341.51618
1428,341.523476
1429,341.531103
1430,341.539218
1431,341.547999
1432,341.557652
1433,341.568449
1434,341.580822
1435,341.595661
1436,341.615201
1437,341.645634
1438,341.703989
1439,341.831208
1440,342.078469
1441,342.116771
1442,342.137018
1443,342.151637
1444,342.161181
1445,342.165816
1446,342.165777
1447,342.161262
1448,342.152382
1449,342.139147
1450,342.121468
1451,342.099182
1452,342.072131
1453,342.040355
1454,342.003856
1455,341.950922
1456,341.678869
1457,341.528673
1458,341.450124
1459,341.400798
1460,341.362933
1461,341.330076
1462,341.299914
1463,341.271544
1464,341.244548
1465,341.218683
1466,341.193786
1467,341.169755
1468,341.146579
1469,341.124472
1470,341.10433
1471,341.089214
1472,341.330701
1473,341.344307
1474,341.361468
1475,341.379064
1476,341.396115
1477,341.412303
1478,341.427524
1479,341.441739
1480,341.454942
1481,341.467139
1482,341.478349
1483,341.488611
1484,341.497976
1485,341.506519
1486,341.514334
1487,341.521539
1488,341.528269
1489,341.534672
1490,341.5409
1491,341.547104
1492,341.553427
1493,341.56001
1494,341.56699
1495,341.574507
1496,341.582713
1497,341.591789
1498,341.601994
1499,341.613789
1500,341.628183
1501,341.647544
1502,341.677051
1503,341.72505
1504,341.791325
1505,341.818886
1506,341.833389
1507,341.842194
1508,341.84687
1509,341.847789
1510,341.845097
1511,341.838886
1512,341.829203
1513,341.816056
1514,341.799411
1515,341.779199
1516,341.755304
1517,341.727419
1518,341.694047
1519,341.64762
1520,341.560634
1521,341.492065
1522,341.442664
1523,341.403884
1524,341.370359
1525,341.339633
1526,341.310671
1527,341.28301
1528,341.256406
1529,341.230703
1530,341.205793
1531,341.181611
1532,341.158174
1533,341.135724
1534,341.115196
1535,341.099747
1536,341.362246
1537,341.376877
1538,341.395266
1539,341.414039
1540,341.432136
1541,341.449215
1542,341.465161
1543,341.479933
1544,341.493517
1545,341.505919
1546,341.517154
1547,341.527256
1548,341.53628
1549,341.544307
1550,341.551443
1551,341.557827
1552,341.563624
1553,341.569016
1554,341.574184
1555,341.579296
1556,341.584498
1557,341.589921
1558,341.59568
1559,341.601879
1560,341.608622
1561,341.616015
1562,341.624189
1563,341.633339
1564,341.643829
1565,341.656378
1566,341.672234
1567,341.6926
1568,341.715319
1569,341.729573
1570,341.73817
1571,341.742979
1572,341.744608
1573,341.743217
1574,341.738856
1575,341.731552
1576,341.721321
1577,341.708167
1578,341.692087
1579,341.673066
1580,341.651069
1581,341.625952
1582,341.597108
1583,341.562573
1584,341.519249
1585,341.478306
1586,341.44207
1587,341.409331
1588,341.378803
1589,341.349742
1590,341.321777
1591,341.294713
1592,341.26843
1593,341.242843
1594,341.217886
1595,341.193528
1596,341.169813
1597,341.147008
1598,341.126086
1599,341.110301
1600,341.397206
1601,341.412952
1602,341.43267
1603,341.452705
1604,341.471912
1605,341.489923
1606,341.506613
1607,341.521936
1608,341.535875
1609,341.548424
1610,341.559595
1611,341.569415
1612,341.577934
1613,341.585237
1614,341.591441
1615,341.59671
1616,341.601254
1617,341.605325
1618,341.60916
1619,341.612953
1620,341.616856
1621,341.620987
1622,341.625435
1623,341.630271
1624,341.635552
1625,341.641325
1626,341.647632
1627,341.654523
1628,341.662071
1629,341.6704
1630,341.679658
1631,341.68975
1632,341.699601
1633,341.706766
1634,341.711162
1635,341.713005
1636,341.712366
1637,341.709234
1638,341.703586
1639,341.695408
1640,341.684698
1641,341.671459
1642,341.655703
1643,341.637453
1644,341.616739
1645,341.593578
1646,341.567898
1647,341.539458
1648,341.508297
1649,341.476927
1650,341.446473
1651,341.417035
1652,341.388457
1653,341.360607
1654,341.333404
1655,341.306794
1656,341.280738
1657,341.255197
1658,341.230144
1659,341.205574
1660,341.181554
1661,341.158374
1662,341.137047
1663,341.120917
1664,341.436766
1665,341.453736
1666,341.4749
1667,341.496297
1668,341.516688
1669,341.535679
1670,341.553138
1671,341.569011
1672,341.583273
1673,341.595909
1674,341.606916
1675,341.616306
1676,341.624117
1677,341.630423
1678,341.635337
1679,341.639035
1680,341.641795
1681,341.644041
1682,341.646128
1683,341.648287
1684,341.650664
1685,341.653346
1686,341.656387
1687,341.659817
1688,341.663646
1689,341.66787
1690,341.672472
1691,341.677418
1692,341.682659
1693,341.688126
1694,341.693696
1695,341.699113
1696,341.703842
1697,341.70712
1698,341.708623
1699,341.708205
1700,341.705757
1701,341.701194
1702,341.694455
1703,341.685504
1704,341.674327
1705,341.660926
1706,341.645324
1707,341.627562
1708,341.607705
1709,341.585843
1710,341.562085
1711,341.536574
1712,341.509624
1713,341.482015
1714,341.45429
1715,341.426706
1716,341.399374
1717,341.372354
1718,341.345679
1719,341.319369
1720,341.293426
1721,341.26785
1722,341.242639
1723,341.21781
1724,341.193449
1725,341.169869
1726,341.148118
1727,341.131635
1728,341.483401
1729,341.501725
1730,341.524476
1731,341.547352
1732,341.569016
1733,341.589048
1734,341.607307
1735,341.623735
1736,341.638294
1737,341.650952
1738,341.661683
1739,341.670472
1740,341.677324
1741,341.682264
1742,341.68534
1743,341.68664
1744,341.686491
1745,341.685897
1746,341.685498
1747,341.685539
1748,341.686079
1749,341.687122
1750,341.688648
1751,341.690628
1752,341.69302
1753,341.695769
1754,341.69881
1755,341.702061
1756,341.705416
1757,341.708746
1758,341.711874
1759,341.714563
1760,341.716488
1761,341.717284
1762,341.716681
1763,341.714485
1764,341.710552
1765,341.704772
1766,341.697072
1767,341.687407
1768,341.675756
1769,341.662122
1770,341.64653
1771,341.629028
1772,341.609695
1773,341.588639
1774,341.566008
1775,341.541993
1776,341.51686
1777,341.490975
1778,341.464657
1779,341.438134
1780,341.411566
1781,341.385061
1782,341.358697
1783,341.332525
1784,341.306576
1785,341.280873
1786,341.255432
1787,341.230289
1788,341.205546
1789,341.181536
1790,341.15934
1791,341.14249
1792,341.543474
1793,341.563315
1794,341.587828
1795,341.612329
1796,341.635379
1797,341.656532
1798,341.675642
1799,341.692643
1800,341.707483
1801,341.720103
1802,341.730442
1803,341.738433
1804,341.744012
1805,341.747081
1806,341.747419
1807,341.744563
1808,341.738378
1809,341.732379
1810,341.727931
1811,341.725001
1812,341.723252
1813,341.722414
1814,341.722305
1815,341.722792
1816,341.723764
1817,341.725112
1818,341.726725
1819,341.728482
1820,341.730251
1821,341.731877
1822,341.733182
1823,341.733958
1824,341.733966
1825,341.732964
1826,341.730736
1827,341.727104
1828,341.721927
1829,341.715097
1830,341.706538
1831,341.696202
1832,341.684064
1833,341.670128
1834,341.654417
1835,341.636983
1836,341.617903
1837,341.597284
1838,341.575268
1839,341.552027
1840,341.527772
1841,341.502738
1842,341.477151
1843,341.4512
1844,341.425037
1845,341.398782
1846,341.372525
1847,341.346333
1848,341.320253
1849,341.294324
1850,341.268576
1851,341.243059
1852,341.217887
1853,341.19341
1854,341.170744
1855,341.153514
1856,341.635592
1857,341.657181
1858,341.683711
1859,341.71006
1860,341.734671
1861,341.757081
1862,341.777139
1863,341.794771
1864,341.809902
1865,341.822438
1866,341.83226
1867,341.839227
1868,341.843149
1869,341.843681
1870,341.839865
1871,341.828889
1872,341.805789
1873,341.786823
1874,341.774589
1875,341.767053
1876,341.762316
1877,341.759291
1878,341.757416
1879,341.756375
1880,341.755951
1881,341.755972
1882,341.756278
1883,341.756716
1884,341.757128
1885,341.75735
1886,341.757204
1887,341.756504
1888,341.75505
1889,341.752649
1890,341.749119
1891,341.744306
1892,341.738077
1893,341.730333
1894,341.720997
1895,341.710021
1896,341.697381
1897,341.683077
1898,341.667134
1899,341.649598
1900,341.630545
1901,341.610073
1902,341.588308
1903,341.5654
1904,341.541521
1905,341.516852
1906,341.49157
1907,341.465837
1908,341.439793
1909,341.413553
1910,341.387212
1911,341.360845
1912,341.334509
1913,341.308251
1914,341.282115
1915,341.256158
1916,341.230506
1917,341.205524
1918,341.18236
1919,341.164734
1920,341.817694
1921,341.841484
1922,341.870544
1923,341.899195
1924,341.925748
1925,341.94972
1926,341.970963
1927,341.989389
1928,342.004893
1929,342.017325
1930,342.026486
1931,342.032116
1932,342.033875
1933,342.031132
1934,342.021797
1935,341.996046
1936,341.91177
1937,341.856358
1938,341.827347
1939,341.81212
1940,341.803349
1941,341.797774
1942,341.794012
1943,341.791423
1944,341.789642
1945,341.788414
1946,341.787531
1947,341.786802
1948,341.786049
1949,341.785096
1950,341.783766
1951,341.781881
1952,341.779262
1953,341.775738
1954,341.771148
1955,341.765352
1956,341.758228
1957,341.74968
1958,341.739635
1959,341.728045
1960,341.714885
1961,341.700153
1962,341.683872
1963,341.666086
1964,341.646864
1965,341.626298
1966,341.6045
1967,341.581604
1968,341.557755
1969,341.533107
1970,341.507812
1971,341.482013
1972,341.455839
1973,341.429402
1974,341.402798
1975,341.376104
1976,341.349385
1977,341.322695
1978,341.296085
1979,341.269619
1980,341.243433
1981,341.217903
1982,341.194212
1983,341.176172
1984,342.275003
1985,342.30234
1986,342.335349
1987,342.367547
1988,342.39709
1989,342.423487
1990,342.446592
1991,342.466303
1992,342.482461
1993,342.494825
1994,342.503055
1995,342.506715
1996,342.505306
1997,342.498415
1998,342.485942
1999,342.459888
2000,342.111807
2001,341.952152
2002,341.88795
2003,341.860292
2004,341.846258
2005,341.837809
2006,341.832091
2007,341.827971
2008,341.824894
2009,341.822509
2010,341.820552
2011,341.818799
2012,341.817049
2013,341.815114
2014,341.812811
2015,341.809965
2016,341.806407
2017,341.801974
2018,341.796517
2019,341.789902
2020,341.782014
2021,341.772758
2022,341.762062
2023,341.749877
2024,341.736177
2025,341.720959
2026,341.704242
2027,341.686068
2028,341.666503
2029,341.645633
2030,341.623562
2031,341.600411
2032,341.576313
2033,341.551406
2034,341.52583
2035,341.499716
2036,341.473188
2037,341.446355
2038,341.419313
2039,341.392144
2040,341.364916
2041,341.337687
2042,341.310515
2043,341.283469
2044,341.25669
2045,341.230569
2046,341.206318
2047,341.187845
2048,342.328234
2049,342.355923
2050,342.389275
2051,342.42177
2052,342.451563
2053,342.478163
2054,342.501428
2055,342.521251
2056,342.537471
2057,342.549839
2058,342.558003
2059,342.561509
2060,342.55984
2061,342.552585
2062,342.540074
2063,342.525605
2064,342.466128
2065,342.072362
2066,341.953406
2067,341.91033
2068,341.890596
2069,341.879249
2070,341.871629
2071,341.866057
2072,341.861775
2073,341.858339
2074,341.855429
2075,341.85279
2076,341.850197
2077,341.847448
2078,341.844354
2079,341.840738
2080,341.83643
2081,341.83127
2082,341.825111
2083,341.81782
2084,341.809282
2085,341.799402
2086,341.788105
2087,341.77534
2088,341.761079
2089,341.745316
2090,341.728069
2091,341.709379
2092,341.689308
2093,341.66794
2094,341.645376
2095,341.621732
2096,341.597136
2097,341.57172
2098,341.545618
2099,341.518959
2100,341.491863
2101,341.464441
2102,341.436791
2103,341.408997
2104,341.38113
2105,341.353254
2106,341.325428
2107,341.297726
2108,341.270295
2109,341.243535
2110,341.218691
2111,341.199766
2112,342.374188
2113,342.403254
2114,342.438075
2115,342.471882
2116,342.5028
2117,342.530346
2118,342.554382
2119,342.574797
2120,342.591408
2121,342.603932
2122,342.611968
2123,342.614992
2124,342.612393
2125,342.603661
2126,342.589113
2127,342.572554
2128,342.525202
2129,342.140012
2130,342.009478
2131,341.959281
2132,341.93566
2133,341.921925
2134,341.912622
2135,341.905744
2136,341.900383
2137,341.896017
2138,341.892282
2139,341.888891
2140,341.8856
2141,341.882195
2142,341.878477
2143,341.874262
2144,341.869375
2145,341.863652
2146,341.856941
2147,341.849105
2148,341.840024
2149,341.829598
2150,341.817746
2151,341.804414
2152,341.789569
2153,341.773203
2154,341.755332
2155,341.735996
2156,341.715259
2157,341.693205
2158,341.669937
2159,341.645571
2160,341.620238
2161,341.594071
2162,341.567205
2163,341.539773
2164,341.511899
2165,341.483695
2166,341.455263
2167,341.426691
2168,341.398053
2169,341.369416
2170,341.340841
2171,341.312405
2172,341.284259
2173,341.256812
2174,341.23134
2175,341.211942
2176,342.426588
2177,342.457247
2178,342.493865
2179,342.529336
2180,342.561722
2181,342.590538
2182,342.615648
2183,342.636928
2184,342.654173
2185,342.667059
2186,342.675125
2187,342.677773
2188,342.674302
2189,342.664129
2190,342.647616
2191,342.62908
2192,342.581823
2193,342.196188
2194,342.061444
2195,342.007617
2196,341.981423
2197,341.965844
2198,341.955143
2199,341.947148
2200,341.940859
2201,341.935699
2202,341.93127
2203,341.927262
2204,341.923417
2205,341.919506
2206,341.915323
2207,341.910673
2208,341.905371
2209,341.899244
2210,341.892129
2211,341.883878
2212,341.874359
2213,341.863464
2214,341.851103
2215,341.837214
2216,341.82176
2217,341.804729
2218,341.786136
2219,341.766023
2220,341.744455
2221,341.721522
2222,341.697331
2223,341.67201
2224,341.645694
2225,341.618528
2226,341.590656
2227,341.562218
2228,341.533345
2229,341.504159
2230,341.474765
2231,341.445255
2232,341.415708
2233,341.386191
2234,341.356768
2235,341.327516
2236,341.298588
2237,341.270404
2238,341.244266
2239,341.224374
2240,342.475189
2241,342.507371
2242,342.545784
2243,342.582979
2244,342.616941
2245,342.647173
2246,342.673531
2247,342.695882
2248,342.713994
2249,342.727503
2250,342.735895
2251,342.738506
2252,342.73457
2253,342.723461
2254,342.705609
2255,342.685728
2256,342.638174
2257,342.249511
2258,342.112125
2259,342.056072
2260,342.028123
2261,342.011168
2262,341.999364
2263,341.990462
2264,341.983409
2265,341.977598
2266,341.972608
2267,341.968117
2268,341.963857
2269,341.959591
2270,341.955102
2271,341.950184
2272,341.944637
2273,341.938271
2274,341.930905
2275,341.922374
2276,341.91253
2277,341.901248
2278,341.888426
2279,341.873993
2280,341.857903
2281,341.840141
2282,341.820721
2283,341.799687
2284,341.777109
2285,341.753087
2286,341.72774
2287,341.701209
2288,341.673647
2289,341.645215
2290,341.616073
2291,341.586376
2292,341.55627
2293,341.525886
2294,341.495336
2295,341.464718
2296,341.434114
2297,341.403592
2298,341.373215
2299,341.34306
2300,341.313282
2301,341.284306
2302,341.257465
2303,341.237058
2304,342.51769
2305,342.551267
2306,342.591382
2307,342.630279
2308,342.66586
2309,342.697609
2310,342.725374
2311,342.749006
2312,342.768247
2313,342.782696
2314,342.79179
2315,342.79481
2316,342.790939
2317,342.779526
2318,342.761048
2319,342.740466
2320,342.692716
2321,342.30172
2322,342.162653
2323,342.10521
2324,342.076104
2325,342.058182
2326,342.045565
2327,342.035969
2328,342.02832
2329,342.021997
2330,342.016576
2331,342.011731
2332,342.007194
2333,342.002725
2334,341.998097
2335,341.993088
2336,341.98748
2337,341.981058
2338,341.973614
2339,341.964957
2340,341.954914
2341,341.943338
2342,341.930112
2343,341.915149
2344,341.898395
2345,341.879829
2346,341.859464
2347,341.837348
2348,341.81356
2349,341.788212
2350,341.761443
2351,341.733415
2352,341.704307
2353,341.674306
2354,341.643598
2355,341.612361
2356,341.58076
2357,341.548938
2358,341.51702
2359,341.485109
2360,341.453288
2361,341.421625
2362,341.390182
2363,341.359034
2364,341.328333
2365,341.298511
2366,341.270929
2367,341.249984
2368,342.553977
2369,342.588813
2370,342.630525
2371,342.671085
2372,342.708321
2373,342.741695
2374,342.771042
2375,342.796197
2376,342.816874
2377,342.832635
2378,342.842871
2379,342.846812
2380,342.843595
2381,342.832536
2382,342.814127
2383,342.793428
2384,342.745604
2385,342.353601
2386,342.21374
2387,342.155583
2388,342.125825
2389,342.107311
2390,342.094152
2391,342.084064
2392,342.075972
2393,342.069265
2394,342.063528
2395,342.05845
2396,342.053772
2397,342.049256
2398,342.044669
2399,342.039771
2400,342.034314
2401,342.028049
2402,342.02073
2403,342.012129
2404,342.002038
2405,341.990282
2406,341.976721
2407,341.961249
2408,341.9438
2409,341.924348
2410,341.902904
2411,341.879519
2412,341.854287
2413,341.827336
2414,341.798832
2415,341.768969
2416,341.737962
2417,341.706037
2418,341.673418
2419,341.640314
2420,341.606916
2421,341.573388
2422,341.539864
2423,341.506454
2424,341.473242
2425,341.440293
2426,341.407664
2427,341.375425
2428,341.343726
2429,341.313002
2430,341.284638
2431,341.263133
2432,342.584402
2433,342.620374
2434,342.663585
2435,342.70578
2436,342.74472
2437,342.779848
2438,342.810987
2439,342.837952
2440,342.860429
2441,342.877939
2442,342.889824
2443,342.895259
2444,342.893327
2445,342.8833
2446,342.865635
2447,342.845359
2448,342.797579
2449,342.405933
2450,342.266118
2451,342.207853
2452,342.177899
2453,342.15913
2454,342.145678
2455,342.135274
2456,342.126868
2457,342.119874
2458,342.113912
2459,342.108702
2460,342.10401
2461,342.099612
2462,342.095269
2463,342.090718
2464,342.085671
2465,342.079826
2466,342.072885
2467,342.064565
2468,342.054614
2469,342.042819
2470,342.029009
2471,342.013058
2472,341.994884
2473,341.974452
2474,341.951771
2475,341.9269
2476,341.899944
2477,341.871057
2478,341.840438
2479,341.808327
2480,341.774991
2481,341.740711
2482,341.705764
2483,341.670406
2484,341.63486
2485,341.599313
2486,341.563914
2487,341.528775
2488,341.49398
2489,341.459587
2490,341.425645
2491,341.392215
2492,341.359439
2493,341.327753
2494,341.298568
2495,341.276481
2496,342.60929
2497,342.646283
2498,342.690908
2499,342.734725
2500,342.775444
2501,342.812491
2502,342.845675
2503,342.874794
2504,342.899504
2505,342.919279
2506,342.933403
2507,342.940984
2508,342.941034
2509,342.932755
2510,342.916522
2511,342.897199
2512,342.849577
2513,342.459625
2514,342.320662
2515,342.262859
2516,342.23313
2517,342.214413
2518,342.20088
2519,342.190297
2520,342.181658
2521,342.174429
2522,342.168286
2523,342.163009
2524,342.158414
2525,342.154306
2526,342.150446
2527,342.146537
2528,342.142231
2529,342.137148
2530,342.13091
2531,342.123161
2532,342.11359
2533,342.101936
2534,342.08799
2535,342.071602
2536,342.052671
2537,342.031152
2538,342.00705
2539,341.980429
2540,341.95141
2541,341.920175
2542,341.886969
2543,341.852092
2544,341.815885
2545,341.77871
2546,341.740921
2547,341.702835
2548,341.664721
2549,341.626792
2550,341.589209
2551,341.552086
2552,341.515496
2553,341.479489
2554,341.444099
2555,341.409371
2556,341.375438
2557,341.342732
2558,341.312686
2559,341.289996
2560,342.628793
2561,342.666701
2562,342.712669
2563,342.758114
2564,342.800712
2565,342.839878
2566,342.875416
2567,342.907106
2568,342.934569
2569,342.95723
2570,342.974296
2571,342.984786
2572,342.987614
2573,342.981876
2574,342.967811
2575,342.949993
2576,342.902645
2577,342.515763
2578,342.378477
2579,342.321702
2580,342.2926
2581,342.27421
2582,342.260763
2583,342.250082
2584,342.241223
2585,342.233729
2586,342.227368
2587,342.222019
2588,342.217593
2589,342.213954
2590,342.210873
2591,342.208002
2592,342.204892
2593,342.201037
2594,342.195938
2595,342.189143
2596,342.180262
2597,342.168978
2598,342.155043
2599,342.138276
2600,342.118558
2601,342.095828
2602,342.070088
2603,342.0414
2604,342.009901
2605,341.975805
2606,341.939407
2607,341.901089
2608,341.861297
2609,341.820522
2610,341.779231
2611,341.737829
2612,341.696639
2613,341.6559
2614,341.615779
2615,341.576383
2616,341.537769
2617,341.499966
2618,341.462984
2619,341.42685
2620,341.391678
2621,341.357894
2622,341.326948
2623,341.303635
2624,342.642853
2625,342.681574
2626,342.728819
2627,342.775917
2628,342.820521
2629,342.862051
2630,342.900313
2631,342.935074
2632,342.965929
2633,342.992236
2634,343.013108
2635,343.027434
2636,343.033983
2637,343.031703
2638,343.020633
2639,343.004929
2640,342.957982
2641,342.575745
2642,342.441074
2643,342.385941
2644,342.357873
2645,342.340058
2646,342.326813
2647,342.316033
2648,342.306859
2649,342.298937
2650,342.292163
2651,342.286585
2652,342.282303
2653,342.279312
2654,342.277409
2655,342.276166
2656,342.274947
2657,342.273005
2658,342.26966
2659,342.264333
2660,342.256549
2661,342.245932
2662,342.232195
2663,342.215128
2664,342.194594
2665,342.170514
2666,342.142877
2667,342.11174
2668,342.077245
2669,342.039629
2670,341.999241
2671,341.956552
2672,341.912169
2673,341.866806
2674,341.821123
2675,341.775645
2676,341.730749
2677,341.686692
2678,341.643628
2679,341.60164
2680,341.560754
2681,341.520962
2682,341.482243
2683,341.444593
2684,341.408103
2685,341.373184
2686,341.341303
2687,341.317348
2688,342.65119
2689,342.690618
2690,342.739081
2691,342.787864
2692,342.834627
2693,342.878807
2694,342.920229
2695,342.958667
2696,342.993695
2697,343.024608
2698,343.050389
2699,343.069729
2700,343.08117
2701,343.08345
2702,343.076346
2703,343.063452
2704,343.017067
2705,342.641644
2706,342.510878
2707,342.458169
2708,342.431595
2709,342.414588
2710,342.401596
2711,342.390609
2712,342.380858
2713,342.372096
2714,342.364374
2715,342.358016
2716,342.353582
2717,342.351376
2718,342.351279
2719,342.352716
2720,342.354644
2721,342.355748
2722,342.355072
2723,342.351924
2724,342.345771
2725,342.336199
2726,342.322896
2727,342.305634
2728,342.284258
2729,342.258669
2730,342.228835
2731,342.194788
2732,342.156652
2733,342.114658
2734,342.069164
2735,342.0207
2736,341.97009
2737,341.918567
2738,341.86717
2739,341.816574
2740,341.767175
2741,341.719192
2742,341.672726
2743,341.627797
2744,341.584375
2745,341.542399
2746,341.501797
2747,341.462525
2748,341.42464
2749,341.388536
2750,341.355687
2751,341.331076
2752,342.653306
2753,342.693327
2754,342.742943
2755,342.79345
2756,342.842539
2757,342.889689
2758,342.934771
2759,342.977605
2760,343.017779
2761,343.054549
2762,343.086736
2763,343.112698
2764,343.130558
2765,343.138768
2766,343.136802
2767,343.127552
2768,343.081975
2769,342.717396
2770,342.592853
2771,342.543795
2772,342.519327
2773,342.503374
2774,342.490618
2775,342.479166
2776,342.46831
2777,342.457817
2778,342.447758
2779,342.438867
2780,342.43313
2781,342.431667
2782,342.434578
2783,342.441054
2784,342.44902
2785,342.455349
2786,342.458814
2787,342.458855
2788,342.455036
2789,342.446986
2790,342.434408
2791,342.417081
2792,342.39484
2793,342.367564
2794,342.335181
2795,342.297671
2796,342.255088
2797,342.207565
2798,342.155296
2799,342.098593
2800,342.038416
2801,341.977663
2802,341.918263
2803,341.860979
2804,341.806015
2805,341.753373
2806,341.702986
2807,341.654746
2808,341.608521
2809,341.564167
2810,341.521544
2811,341.480551
2812,341.441204
2813,341.40387
2814,341.370028
2815,341.34475
2816,342.648554
2817,342.689038
2818,342.739727
2819,342.791986
2820,342.843562
2821,342.894009
2822,342.943291
2823,342.991341
2824,343.03787
2825,343.082216
2826,343.123085
2827,343.158172
2828,343.184591
2829,343.200492
2830,343.20512
2831,343.200556
2832,343.156323
2833,342.812997
2834,342.699926
2835,342.656814
2836,342.635401
2837,342.620812
2838,342.608204
2839,342.595837
2840,342.582939
2841,342.568869
2842,342.552792
2843,342.535402
2844,342.524339
2845,342.522899
2846,342.531648
2847,342.549672
2848,342.572181
2849,342.588574
2850,342.598689
2851,342.603366
2852,342.602802
2853,342.596867
2854,342.58537
2855,342.568136
2856,342.545006
2857,342.515835
2858,342.480487
2859,342.438842
2860,342.390794
2861,342.336175
2862,342.274481
2863,342.204479
2864,342.125723
2865,342.048171
2866,341.976024
2867,341.909374
2868,341.847329
2869,341.789127
2870,341.734249
2871,341.68232
2872,341.633033
2873,341.586122
2874,341.541354
2875,341.498558
2876,341.457694
2877,341.419096
2878,341.384243
2879,341.35829
2880,342.636398
2881,342.677196
2882,342.728853
2883,342.782853
2884,342.837028
2885,342.891038
2886,342.945008
2887,342.999114
2888,343.053442
2889,343.107895
2890,343.161617
2891,343.21077
2892,343.24906
2893,343.274945
2894,343.288018
2895,343.289594
2896,343.248528
2897,342.960119
2898,342.871413
2899,342.838685
2900,342.821857
2901,342.809065
2902,342.796455
2903,342.78251
2904,342.766127
2905,342.745028
2906,342.713164
2907,342.664886
2908,342.634658
2909,342.630235
2910,342.652305
2911,342.702209
2912,342.769653
2913,342.807259
2914,342.828075
2915,342.839364
2916,342.843255
2917,342.840201
2918,342.830233
2919,342.81328
2920,342.789218
2921,342.75787
2922,342.719006
2923,342.672343
2924,342.617506
2925,342.55373
2926,342.478598
2927,342.384324
2928,342.256196
2929,342.139719
2930,342.043594
2931,341.962517
2932,341.891109
2933,341.826233
2934,341.766258
2935,341.710277
2936,341.6577
2937,341.608082
2938,341.561074
2939,341.516412
2940,341.473994
2941,341.434112
2942,341.398241
2943,341.371614
2944,342.61739
2945,342.658335
2946,342.710808
2947,342.766441
2948,342.82316
2949,342.88076
2950,342.9396
2951,343.000281
2952,343.0638
2953,343.132177
2954,343.208442
2955,343.285099
2956,343.340706
2957,343.379371
2958,343.403276
2959,343.413626
2960,343.390112
2961,343.272932
2962,343.235419
2963,343.220029
2964,343.209925
2965,343.199515
2966,343.186685
2967,343.170298
2968,343.148824
2969,343.11659
2970,343.046682
2971,342.875043
2972,342.77952
2973,342.762373
2974,342.817447
2975,342.964608
2976,343.201794
2977,343.279557
2978,343.315122
2979,343.335333
2980,343.345373
2981,343.346349
2982,343.338581
2983,343.322164
2984,343.297036
2985,343.262984
2986,343.219642
2987,343.166501
2988,343.102881
2989,343.027504
2990,342.935397
2991,342.799875
2992,342.498151
2993,342.273677
2994,342.126392
2995,342.021312
2996,341.937156
2997,341.864295
2998,341.798634
2999,341.738297
3000,341.682256
3001,341.629831
3002,341.580522
3003,341.533963
3004,341.489977
3005,341.448808
3006,341.411923
3007,341.384629
3008,342.596532
3009,342.63747
3010,342.690503
3011,342.747382
3012,342.806105
3013,342.866595
3014,342.92945
3015,342.995797
3016,343.068184
3017,343.154503
3018,343.280555
3019,343.433511
3020,343.512689
3021,343.566109
3022,343.603793
3023,343.629968
3024,343.911693
3025,344.189893
3026,344.214785
3027,344.220914
3028,344.219834
3029,344.21264
3030,344.199174
3031,344.178952
3032,344.151618
3033,344.115657
3034,343.994597
3035,343.280608
3036,342.981867
3037,342.927426
3038,343.059447
3039,343.497505
3040,344.476655
3041,344.55443
3042,344.598398
3043,344.630453
3044,344.650056
3045,344.657508
3046,344.653344
3047,344.637917
3048,344.611279
3049,344.573161
3050,344.522973
3051,344.45986
3052,344.382951
3053,344.292226
3054,344.190608
3055,344.063979
3056,343.022415
3057,342.4855
3058,342.229852
3059,342.085697
3060,341.984709
3061,341.902635
3062,341.830853
3063,341.765976
3064,341.706387
3065,341.651119
3066,341.599499
3067,341.551047
3068,341.505506
3069,341.463069
3070,341.425189
3071,341.397241
3072,342.548742
3073,342.589651
3074,342.6428
3075,342.69996
3076,342.759168
3077,342.820437
3078,342.884649
3079,342.953999
3080,343.038095
3081,343.263533
3082,343.658007
3083,343.861184
3084,343.937459
3085,344.001464
3086,344.054854
3087,344.114747
3088,344.262383
3089,344.313325
3090,344.332921
3091,344.339985
3092,344.339475
3093,344.332495
3094,344.318956
3095,344.298386
3096,344.270544
3097,344.236952
3098,344.191619
3099,344.00938
3100,343.234158
3101,343.110017
3102,343.371737
3103,344.488583
3104,344.661604
3105,344.70675
3106,344.750817
3107,344.783943
3108,344.804361
3109,344.812353
3110,344.808489
3111,344.793146
3112,344.766389
3113,344.727943
3114,344.677197
3115,344.613264
3116,344.53523
3117,344.443113
3118,344.341212
3119,344.249432
3120,344.06213
3121,342.776578
3122,342.345441
3123,342.151487
3124,342.031839
3125,341.940212
3126,341.862252
3127,341.792848
3128,341.729746
3129,341.671677
3130,341.617793
3131,341.567495
3132,341.520443
3133,341.476777
3134,341.437935
3135,341.409358
3136,342.157093
3137,342.197932
3138,342.252515
3139,342.313172
3140,342.378639
3141,342.450843
3142,342.536866
3143,342.66076
3144,342.911452
3145,343.637622
3146,343.921677
3147,344.033792
3148,344.110612
3149,344.183223
3150,344.244751
3151,344.299972
3152,344.36023
3153,344.395875
3154,344.415217
3155,344.424218
3156,344.425255
3157,344.418939
3158,344.405069
3159,344.383102
3160,344.352755
3161,344.315913
3162,344.268264
3163,344.120885
3164,343.365772
3165,343.23734
3166,343.520738
3167,344.614943
3168,344.754061
3169,344.805172
3170,344.855345
3171,344.893253
3172,344.9171
3173,344.927359
3174,344.924771
3175,344.909816
3176,344.8826
3177,344.842825
3178,344.789799
3179,344.722484
3180,344.639747
3181,344.541364
3182,344.431674
3183,344.332328
3184,344.179716
3185,342.900439
3186,342.427124
3187,342.208625
3188,342.075627
3189,341.975789
3190,341.892117
3191,341.818425
3192,341.751974
3193,341.691233
3194,341.635191
3195,341.583136
3196,341.534649
3197,341.489817
3198,341.450062
3199,341.420889
3200,342.017513
3201,342.058324
3202,342.113791
3203,342.176642
3204,342.246087
3205,342.325196
3206,342.42423
3207,342.575887
3208,342.888702
3209,343.726858
3210,344.011216
3211,344.114342
3212,344.196753
3213,344.277556
3214,344.346182
3215,344.402717
3216,344.449488
3217,344.482588
3218,344.503855
3219,344.515381
3220,344.51827
3221,344.512792
3222,344.49866
3223,344.475306
3224,344.442516
3225,344.402631
3226,344.352175
3227,344.20627
3228,343.459191
3229,343.333354
3230,343.623349
3231,344.717022
3232,344.855796
3233,344.912854
3234,344.969396
3235,345.012573
3236,345.040338
3237,345.053253
3238,345.052185
3239,345.037705
3240,345.009949
3241,344.968596
3242,344.912866
3243,344.841573
3244,344.753395
3245,344.647972
3246,344.529913
3247,344.422761
3248,344.269826
3249,342.980258
3250,342.489603
3251,342.25754
3252,342.115105
3253,342.008538
3254,341.919839
3255,341.842258
3256,341.772731
3257,341.709525
3258,341.651489
3259,341.597809
3260,341.547994
3261,341.502082
3262,341.461479
3263,341.431749
3264,341.959431
3265,342.000211
3266,342.05631
3267,342.120753
3268,342.193038
3269,342.276814
3270,342.383687
3271,342.549288
3272,342.887129
3273,343.764518
3274,344.054155
3275,344.159926
3276,344.248465
3277,344.336553
3278,344.411783
3279,344.472773
3280,344.520705
3281,344.556115
3282,344.580284
3283,344.59438
3284,344.599065
3285,344.594463
3286,344.580262
3287,344.555921
3288,344.521363
3289,344.479354
3290,344.426975
3291,344.280836
3292,343.534553
3293,343.410831
3294,343.705495
3295,344.806669
3296,344.946277
3297,345.007934
3298,345.069684
3299,345.11738
3300,345.148634
3301,345.163978
3302,345.164328
3303,345.150303
3304,345.122054
3305,345.079233
3306,345.020992
3307,344.946042
3308,344.852953
3309,344.741351
3310,344.616222
3311,344.502767
3312,344.348421
3313,343.043186
3314,342.540763
3315,342.299483
3316,342.149962
3317,342.037924
3318,341.944942
3319,341.863965
3320,341.791719
3321,341.726321
3322,341.666504
3323,341.611371
3324,341.560363
3325,341.513477
3326,341.472106
3327,341.441867
3328,341.929379
3329,341.970123
3330,342.026699
3331,342.092355
3332,342.166765
3333,342.253862
3334,342.3658
3335,342.539261
3336,342.88951
3337,343.78658
3338,344.080103
3339,344.189347
3340,344.283087
3341,344.377193
3342,344.458101
3343,344.523847
3344,344.57541
3345,344.614096
3346,344.64117
3347,344.657593
3348,344.663892
3349,344.660151
3350,344.646068
3351,344.621165
3352,344.585508
3353,344.542197
3354,344.488683
3355,344.342343
3356,343.595835
3357,343.473721
3358,343.772138
3359,344.880613
3360,345.02091
3361,345.085921
3362,345.151623
3363,345.20288
3364,345.236973
3365,345.254346
3366,345.255909
3367,345.242291
3368,345.213642
3369,345.169589
3370,345.109239
3371,345.031242
3372,344.934125
3373,344.817566
3374,344.686924
3375,344.568697
3376,344.413207
3377,343.094434
3378,342.583098
3379,342.334977
3380,342.180003
3381,342.063583
3382,341.96707
3383,341.883244
3384,341.808693
3385,341.741424
3386,341.680082
3387,341.623697
3388,341.571658
3389,341.523924
3390,341.481877
3391,341.451185
3392,341.910074
3393,341.950765
3394,342.00768
3395,342.074242
3396,342.15024
3397,342.239748
3398,342.355164
3399,342.53362
3400,342.891304
3401,343.800567
3402,344.096819
3403,344.20888
3404,344.306674
3405,344.405504
3406,344.490979
3407,344.560806
3408,344.61586
3409,344.65755
3410,344.687138
3411,344.70553
3412,344.71322
3413,344.710288
3414,344.696459
3415,344.671325
3416,344.635078
3417,344.591053
3418,344.536937
3419,344.390508
3420,343.644049
3421,343.523269
3422,343.824596
3423,344.938743
3424,345.079546
3425,345.146966
3426,345.215578
3427,345.269536
3428,345.305842
3429,345.324839
3430,345.327401
3431,345.314147
3432,345.285213
3433,345.240207
3434,345.178207
3435,345.097833
3436,344.997607
3437,344.877283
3438,344.74253
3439,344.620806
3440,344.464469
3441,343.135405
3442,342.617419
3443,342.364204
3444,342.205091
3445,342.085271
3446,341.985971
3447,341.899868
3448,341.823461
3449,341.75468
3450,341.692099
3451,341.634695
3452,341.581808
3453,341.533367
3454,341.490748
3455,341.459665
3456,341.895525
3457,341.936127
3458,341.993238
3459,342.060421
3460,342.137545
3461,342.228763
3462,342.346595
3463,342.52841
3464,342.890988
3465,343.808444
3466,344.106615
3467,344.220759
3468,344.321565
3469,344.423944
3470,344.512908
3471,344.585934
3472,344.64381
3473,344.687931
3474,344.719541
3475,344.739526
3476,344.748371
3477,344.746166
3478,344.732669
3479,344.707528
3480,344.671035
3481,344.626678
3482,344.572291
3483,344.42585
3484,343.679758
3485,343.560104
3486,343.86362
3487,344.981913
3488,345.123077
3489,345.192212
3490,345.262932
3491,345.31889
3492,345.356876
3493,345.377139
3494,345.380514
3495,345.367596
3496,345.338506
3497,345.292836
3498,345.229647
3499,345.147548
3500,345.04507
3501,344.922043
3502,344.78437
3503,344.660184
3504,344.50325
3505,343.16686
3506,342.644135
3507,342.38727
3508,342.225158
3509,342.102844
3510,342.00148
3511,341.913681
3512,341.83589
3513,341.765977
3514,341.70247
3515,341.644297
3516,341.590764
3517,341.541774
3518,341.498696
3519,341.46729
3520,341.883361
3521,341.923821
3522,341.980972
3523,342.048496
3524,342.12632
3525,342.218647
3526,342.338065
3527,342.522083
3528,342.887875
3529,343.810789
3530,344.110262
3531,344.225854
3532,344.32878
3533,344.433683
3534,344.525161
3535,344.600531
3536,344.660508
3537,344.706457
3538,344.739602
3539,344.760817
3540,344.770583
3541,344.769002
3542,344.755859
3543,344.730846
3544,344.694324
3545,344.649872
3546,344.595409
3547,344.448998
3548,343.703437
3549,343.584706
3550,343.88982
3551,345.011043
3552,345.152461
3553,345.222792
3554,345.295004
3555,345.352404
3556,345.391634
3557,345.412869
3558,345.416905
3559,345.404315
3560,345.375206
3561,345.32916
3562,345.265225
3563,345.18201
3564,345.07806
3565,344.953262
3566,344.81368
3567,344.687892
3568,344.530569
3569,343.189386
3570,342.663552
3571,342.404286
3572,342.240193
3573,342.116228
3574,342.013501
3575,341.924587
3576,341.845891
3577,341.775246
3578,341.711141
3579,341.652471
3580,341.59851
3581,341.54914
3582,341.505726
3583,341.474068
3584,341.872453
3585,341.912701
3586,341.969722
3587,342.037302
3588,342.115416
3589,342.208301
3590,342.328586
3591,342.513864
3592,342.881547
3593,343.807746
3594,344.108015
3595,344.224511
3596,344.328784
3597,344.435315
3598,344.528442
3599,344.605375
3600,344.66678
3601,344.713992
3602,344.748218
3603,344.770321
3604,344.780783
3605,344.77971
3606,344.766905
3607,344.742091
3608,344.705668
3609,344.661263
3610,344.606838
3611,344.460474
3612,343.715477
3613,343.59746
3614,343.903683
3615,345.026867
3616,345.168455
3617,345.23958
3618,345.312797
3619,345.371191
3620,345.411306
3621,345.433268
3622,345.437846
3623,345.425596
3624,345.396614
3625,345.350471
3626,345.286213
3627,345.202449
3628,345.097737
3629,344.971999
3630,344.831393
3631,344.704741
3632,344.547207
3633,343.203427
3634,342.675914
3635,342.415361
3636,342.25022
3637,342.1254
3638,342.021986
3639,341.932533
3640,341.85342
3641,341.782455
3642,341.718097
3643,341.659214
3644,341.605059
3645,341.555492
3646,341.511874
3647,341.480038
3648,341.862161
3649,341.902115
3650,341.958822
3651,342.026165
3652,342.104162
3653,342.197078
3654,342.317564
3655,342.503257
3656,342.871677
3657,343.799274
3658,344.099893
3659,344.216812
3660,344.321745
3661,344.429101
3662,344.523095
3663,344.600882
3664,344.663096
3665,344.711051
3666,344.74594
3667,344.768617
3668,344.779557
3669,344.778871
3670,344.766368
3671,344.741786
3672,344.705539
3673,344.661267
3674,344.606946
3675,344.460636
3676,343.716155
3677,343.598642
3678,343.905545
3679,345.029876
3680,345.171562
3681,345.243149
3682,345.316962
3683,345.375969
3684,345.416665
3685,345.439149
3686,345.444175
3687,345.432289
3688,345.40358
3689,345.357617
3690,345.293442
3691,345.209666
3692,345.104853
3693,344.978939
3694,344.838112
3695,344.711263
3696,344.553679
3697,343.209286
3698,342.681396
3699,342.420586
3700,342.255276
3701,342.130364
3702,342.026926
3703,341.937506
3704,341.858469
3705,341.787604
3706,341.723352
3707,341.66456
3708,341.610457
3709,341.560888
3710,341.517206
3711,341.485274
3712,341.852098
3713,341.89166
3714,341.947852
3715,342.014653
3716,342.092123
3717,342.184546
3718,342.304591
3719,342.489899
3720,342.857977
3721,343.78522
3722,344.085776
3723,344.20267
3724,344.307623
3725,344.41506
3726,344.509196
3727,344.587178
3728,344.649627
3729,344.697844
3730,344.733009
3731,344.755966
3732,344.767182
3733,344.766765
3734,344.754522
3735,344.730189
3736,344.694175
3737,344.650103
3738,344.595933
3739,344.449677
3740,343.705634
3741,343.588414
3742,343.895598
3743,345.020327
3744,345.162046
3745,345.233792
3746,345.307829
3747,345.367102
3748,345.4081
3749,345.430919
3750,345.436312
3751,345.424822
3752,345.396536
3753,345.351024
3754,345.287327
3755,345.204059
3756,345.099781
3757,344.974423
3758,344.834143
3759,344.707729
3760,344.55025
3761,343.20713
3762,342.680106
3763,342.420029
3764,342.255402
3765,342.131145
3766,342.028338
3767,341.939523
3768,341.86106
3769,341.790728
3770,341.726955
3771,341.66857
3772,341.614786
3773,341.565426
3774,341.521833
3775,341.48989
3776,341.84205
3777,341.881109
3778,341.936568
3779,342.002504
3780,342.079021
3781,342.170425
3782,342.289388
3783,342.473519
3784,342.840199
3785,343.765373
3786,344.065458
3787,344.181889
3788,344.286239
3789,344.393035
3790,344.486617
3791,344.564166
3792,344.626308
3793,344.674335
3794,344.709414
3795,344.732379
3796,344.743686
3797,344.743433
3798,344.731418
3799,344.707359
3800,344.671644
3801,344.627841
3802,344.573876
3803,344.427676
3804,343.684004
3805,343.56687
3806,343.873933
3807,344.998303
3808,345.139989
3809,345.211586
3810,345.285472
3811,345.344663
3812,345.385687
3813,345.408659
3814,345.41434
3815,345.403278
3816,345.375565
3817,345.33077
3818,345.267943
3819,345.185695
3820,345.082585
3821,344.958511
3822,344.819544
3823,344.694203
3824,344.536981
3825,343.197026
3826,342.672108
3827,342.413751
3828,342.250655
3829,342.127796
3830,342.026274
3831,341.938639
3832,341.861253
3833,341.791894
3834,341.728984
3835,341.671342
3836,341.61816
3837,341.56924
3838,341.525906
3839,341.494045
3840,341.831973
3841,341.870404
3842,341.924889
3843,341.989619
3844,342.064747
3845,342.154597
3846,342.271832
3847,342.453994
3848,342.818214
3849,343.739579
3850,344.038775
3851,344.154287
3852,344.257401
3853,344.362835
3854,344.455178
3855,344.531689
3856,344.593006
3857,344.640417
3858,344.675075
3859,344.6978
3860,344.709034
3861,344.708861
3862,344.697062
3863,344.673332
3864,344.63801
3865,344.594584
3866,344.540904
3867,344.394771
3868,343.65146
3869,343.534216
3870,343.840729
3871,344.963903
3872,345.105484
3873,345.176587
3874,345.249907
3875,345.308642
3876,345.349399
3877,345.37233
3878,345.378214
3879,345.367607
3880,345.340607
3881,345.296793
3882,345.235219
3883,345.154502
3884,345.053193
3885,344.931148
3886,344.794289
3887,344.670692
3888,344.51389
3889,343.179062
3890,342.657524
3891,342.401887
3892,342.241171
3893,342.120449
3894,342.020858
3895,341.934969
3896,341.859158
3897,341.791213
3898,341.729557
3899,341.673004
3900,341.620728
3901,341.572503
3902,341.529619
3903,341.497947
3904,341.822051
3905,341.859715
3906,341.912978
3907,341.97616
3908,342.049473
3909,342.137257
3910,342.25215
3911,342.431586
3912,342.792318
3913,343.708142
3914,344.006013
3915,344.120124
3916,344.221351
3917,344.324706
3918,344.415153
3919,344.490056
3920,344.550075
3921,344.596485
3922,344.630424
3923,344.652693
3924,344.663718
3925,344.663567
3926,344.652004
3927,344.628691
3928,344.593909
3929,344.551022
3930,344.497763
3931,344.351724
3932,343.608879
3933,343.49136
3934,343.796855
3935,344.917871
3936,345.059259
3937,345.129458
3938,345.201743
3939,345.25961
3940,345.299785
3941,345.322469
3942,345.328459
3943,345.318319
3944,345.292156
3945,345.249557
3946,345.18959
3947,345.110885
3948,345.011988
3949,344.892709
3950,344.758775
3951,344.637636
3952,344.481429
3953,343.153745
3954,342.63685
3955,342.384902
3956,342.227373
3957,342.109478
3958,342.012415
3959,341.928791
3960,341.855012
3961,341.788887
3962,341.728853
3963,341.673724
3964,341.622659
3965,341.5754
3966,341.533183
3967,341.501829
3968,341.812903
3969,341.849673
3970,341.901508
3971,341.962887
3972,342.034081
3973,342.119439
3974,342.231556
3975,342.407725
3976,342.764221
3977,343.673137
3978,343.969269
3979,344.081496
3980,344.18025
3981,344.280934
3982,344.368972
3983,344.441843
3984,344.500217
3985,344.545353
3986,344.578362
3987,344.600025
3988,344.610751
3989,344.610595
3990,344.599303
3991,344.576513
3992,344.542444
3993,344.500311
3994,344.447672
3995,344.301784
3996,343.55966
3997,343.441768
3998,343.745815
3999,344.863664
4000,345.004752
4001,345.073596
4002,345.144371
4003,345.200981
4004,345.240289
4005,345.262536
4006,345.26853
4007,345.258838
4008,345.233572
4009,345.192332
4010,345.134206
4011,345.057844
4012,344.961807
4013,344.845866
4014,344.715545
4015,344.597529
4016,344.442092
4017,343.123244
4018,342.611952
4019,342.364399
4020,342.210623
4021,342.096024
4022,342.001881
4023,341.920858
4024,341.849404
4025,341.785362
4026,341.727194
4027,341.673724
4028,341.624104
4029,341.578044
4030,341.53671
4031,341.505818
4032,341.80617
4033,341.842072
4034,341.892567
4035,341.952291
4036,342.021562
4037,342.104719
4038,342.21431
4039,342.387497
4040,342.740118
4041,343.642541
4042,343.936832
4043,344.046999
4044,344.143217
4045,344.24128
4046,344.327008
4047,344.397953
4048,344.454777
4049,344.49871
4050,344.530839
4051,344.551924
4052,344.562361
4053,344.562195
4054,344.551168
4055,344.528906
4056,344.49559
4057,344.454307
4058,344.402438
4059,344.256774
4060,343.515603
4061,343.39738
4062,343.699926
4063,344.814267
4064,344.954962
4065,345.022236
4066,345.091371
4067,345.146656
4068,345.18505
4069,345.206808
4070,345.212733
4071,345.203388
4072,345.178886
4073,345.138839
4074,345.082354
4075,345.008112
4076,344.914701
4077,344.801888
4078,344.675061
4079,344.56023
4080,344.405652
4081,343.095303
4082,342.589185
4083,342.345651
4084,342.195282
4085,342.08365
4086,341.992117
4087,341.913407
4088,341.844016
4089,341.781825
4090,341.725324
4091,341.673355
4092,341.625075
4093,341.580173
4094,341.539755
4095,341.509406
4096,340.865445
4097,340.863044
4098,340.862063
4099,340.86213
4100,340.863013
4101,340.86455
4102,340.866628
4103,340.869161
4104,340.872084
4105,340.875351
4106,340.878927
4107,340.882787
4108,340.88692
4109,340.891319
4110,340.895989
4111,340.900942
4112,340.906198
4113,340.911786
4114,340.917744
4115,340.924118
4116,340.930962
4117,340.93834
4118,340.94632
4119,340.954978
4120,340.964386
4121,340.974612
4122,340.985702
4123,340.997669
4124,341.010466
4125,341.023957
4126,341.037887
4127,341.051857
4128,341.065344
4129,341.077768
4130,341.088613
4131,341.09749
4132,341.104135
4133,341.10839
4134,341.110166
4135,341.109422
4136,341.106144
4137,341.10034
4138,341.092036
4139,341.081285
4140,341.06819
4141,341.052923
4142,341.03576
4143,341.017103
4144,340.997484
4145,340.977497
4146,340.957685
4147,340.938465
4148,340.920113
4149,340.902789
4150,340.886564
4151,340.871453
4152,340.857441
4153,340.844496
4154,340.832591
4155,340.821702
4156,340.811829
4157,340.802997
4158,340.795278
4159,340.78882
4160,340.886803
4161,340.884932
4162,340.884262
4163,340.884563
4164,340.885653
4165,340.887391
4166,340.889671
4167,340.892412
4168,340.895552
4169,340.899043
4170,340.902851
4171,340.906953
4172,340.911337
4173,340.915998
4174,340.920941
4175,340.926181
4176,340.931739
4177,340.937648
4178,340.943949
4179,340.950693
4180,340.95794
4181,340.96576
4182,340.974233
4183,340.983445
4184,340.993483
4185,341.004432
4186,341.016362
4187,341.029312
4188,341.043261
4189,341.058095
4190,341.073558
4191,341.089207
4192,341.104397
4193,341.118384
4194,341.130548
4195,341.140462
4196,341.147867
4197,341.15262
4198,341.154653
4199,341.153939
4200,341.150473
4201,341.144261
4202,341.135324
4203,341.123701
4204,341.109475
4205,341.092803
4206,341.073957
4207,341.053376
4208,341.031696
4209,341.00968
4210,340.987989
4211,340.967087
4212,340.947253
4213,340.928626
4214,340.91125
4215,340.895116
4216,340.880186
4217,340.866413
4218,340.853751
4219,340.842168
4220,340.831647
4221,340.822198
4222,340.813861
4223,340.806709
4224,340.90692
4225,340.905805
4226,340.905671
4227,340.906384
4228,340.907818
4229,340.909863
4230,340.91243
4231,340.915445
4232,340.918854
4233,340.922611
4234,340.926685
4235,340.931057
4236,340.935713
4237,340.940652
4238,340.945882
4239,340.95142
4240,340.95729
4241,340.963528
4242,340.970183
4243,340.97731
4244,340.984979
4245,340.993272
4246,341.002283
4247,341.012115
4248,341.022883
4249,341.034705
4250,341.047693
4251,341.061941
4252,341.077492
4253,341.0943
4254,341.112144
4255,341.130533
4256,341.148595
4257,341.165168
4258,341.179442
4259,341.190968
4260,341.199529
4261,341.205042
4262,341.207488
4263,341.206873
4264,341.203211
4265,341.196509
4266,341.18677
4267,341.174001
4268,341.158234
4269,341.13957
4270,341.118236
4271,341.094696
4272,341.069772
4273,341.044644
4274,341.020206
4275,340.996972
4276,340.975184
4277,340.954915
4278,340.936145
4279,340.918811
4280,340.902832
4281,340.888126
4282,340.87462
4283,340.862258
4284,340.851003
4285,340.84084
4286,340.831771
4287,340.823815
4288,340.926162
4289,340.925888
4290,340.926413
4291,340.927661
4292,340.929548
4293,340.93199
4294,340.934917
4295,340.938268
4296,340.941995
4297,340.946058
4298,340.950432
4299,340.955097
4300,340.960047
4301,340.965281
4302,340.97081
4303,340.976653
4304,340.982843
4305,340.989418
4306,340.996433
4307,341.003954
4308,341.01206
4309,341.020849
4310,341.030433
4311,341.040942
4312,341.052525
4313,341.065346
4314,341.079583
4315,341.095415
4316,341.113
4317,341.132428
4318,341.153617
4319,341.176106
4320,341.198687
4321,341.21913
4322,341.236398
4323,341.250118
4324,341.260214
4325,341.266725
4326,341.269722
4327,341.269268
4328,341.265403
4329,341.258136
4330,341.247442
4331,341.233274
4332,341.215576
4333,341.194324
4334,341.169607
4335,341.141808
4336,341.111975
4337,341.082357
4338,341.054188
4339,341.027953
4340,341.003757
4341,340.981535
4342,340.961156
4343,340.942467
4344,340.925323
4345,340.909593
4346,340.895168
4347,340.881961
4348,340.869906
4349,340.85896
4350,340.849098
4351,340.840302
4352,340.94476
4353,340.945358
4354,340.946613
4355,340.948479
4356,340.950897
4357,340.953809
4358,340.95716
4359,340.960899
4360,340.964988
4361,340.969395
4362,340.974097
4363,340.97908
4364,340.984341
4365,340.989883
4366,340.995721
4367,341.001878
4368,341.008391
4369,341.015307
4370,341.022686
4371,341.030604
4372,341.039155
4373,341.048452
4374,341.058631
4375,341.069852
4376,341.082307
4377,341.096217
4378,341.111843
4379,341.129477
4380,341.149446
4381,341.172077
4382,341.197619
4383,341.225972
4384,341.255815
4385,341.28175
4386,341.302909
4387,341.319339
4388,341.331277
4389,341.338971
4390,341.342621
4391,341.342371
4392,341.338296
4393,341.330405
4394,341.318639
4395,341.302873
4396,341.282922
4397,341.258556
4398,341.229549
4399,341.19586
4400,341.158354
4401,341.122458
4402,341.089526
4403,341.059683
4404,341.032707
4405,341.008291
4406,340.986137
4407,340.965977
4408,340.947582
4409,340.930762
4410,340.915362
4411,340.901259
4412,340.888359
4413,340.876591
4414,340.865905
4415,340.85626
4416,340.962878
4417,340.964361
4418,340.966386
4419,340.968922
4420,340.971931
4421,340.975369
4422,340.979193
4423,340.983365
4424,340.987855
4425,340.992636
4426,340.997693
4427,341.003015
4428,341.008603
4429,341.014464
4430,341.020618
4431,341.027094
4432,341.033931
4433,341.041185
4434,341.048925
4435,341.057238
4436,341.06623
4437,341.076035
4438,341.086812
4439,341.098756
4440,341.112103
4441,341.12714
4442,341.144217
4443,341.163758
4444,341.18629
4445,341.21246
4446,341.243078
4447,341.279148
4448,341.321851
4449,341.354924
4450,341.380589
4451,341.400017
4452,341.413956
4453,341.422923
4454,341.427278
4455,341.42725
4456,341.422957
4457,341.414408
4458,341.401504
4459,341.384035
4460,341.36166
4461,341.333881
4462,341.299964
4463,341.25874
4464,341.207925
4465,341.163869
4466,341.125427
4467,341.091619
4468,341.061659
4469,341.034921
4470,341.010905
4471,340.989211
4472,340.969519
4473,340.95157
4474,340.935163
4475,340.920135
4476,340.906364
4477,340.893755
4478,340.882234
4479,340.871745
4480,340.980641
4481,340.983014
4482,340.985833
4483,340.989077
4484,340.992717
4485,340.996723
4486,341.001061
4487,341.005704
4488,341.010626
4489,341.015809
4490,341.021242
4491,341.02692
4492,341.032846
4493,341.039035
4494,341.045509
4495,341.052302
4496,341.059461
4497,341.067047
4498,341.075138
4499,341.083833
4500,341.093253
4501,341.10355
4502,341.114907
4503,341.127555
4504,341.141775
4505,341.157916
4506,341.176416
4507,341.197826
4508,341.222854
4509,341.252426
4510,341.287788
4511,341.330663
4512,341.383462
4513,341.422872
4514,341.452738
4515,341.475017
4516,341.490873
4517,341.501064
4518,341.506093
4519,341.506272
4520,341.501757
4521,341.492557
4522,341.478537
4523,341.459405
4524,341.434679
4525,341.403621
4526,341.365082
4527,341.317095
4528,341.255702
4529,341.204375
4530,341.160731
4531,341.123073
4532,341.090175
4533,341.061131
4534,341.035258
4535,341.012029
4536,340.991034
4537,340.97195
4538,340.954527
4539,340.938567
4540,340.923918
4541,340.910462
4542,340.898109
4543,340.886789
4544,340.998152
4545,341.001417
4546,341.005046
4547,341.009023
4548,341.013326
4549,341.017931
4550,341.022816
4551,341.027957
4552,341.033338
4553,341.038945
4554,341.044771
4555,341.050818
4556,341.057092
4557,341.063613
4558,341.070406
4559,341.077513
4560,341.084984
4561,341.09289
4562,341.101316
4563,341.110372
4564,341.120193
4565,341.130949
4566,341.14285
4567,341.156154
4568,341.171187
4569,341.188353
4570,341.208165
4571,341.231276
4572,341.25853
4573,341.291028
4574,341.330219
4575,341.377965
4576,341.436388
4577,341.48036
4578,341.51362
4579,341.538333
4580,341.55587
4581,341.567145
4582,341.572766
4583,341.573112
4584,341.568368
4585,341.558545
4586,341.543477
4587,341.522808
4588,341.49595
4589,341.462009
4590,341.419627
4591,341.36662
4592,341.299112
4593,341.242431
4594,341.194485
4595,341.153432
4596,341.117844
4597,341.08664
4598,341.058999
4599,341.034291
4600,341.01203
4601,340.991836
4602,340.973413
4603,340.956532
4604,340.941014
4605,340.926721
4606,340.913547
4607,340.901412
4608,341.015502
4609,341.019661
4610,341.024111
4611,341.028838
4612,341.033826
4613,341.039057
4614,341.044512
4615,341.050176
4616,341.056035
4617,341.062083
4618,341.068316
4619,341.07474
4620,341.081367
4621,341.088219
4622,341.095328
4623,341.102739
4624,341.11051
4625,341.118716
4626,341.127453
4627,341.136839
4628,341.147024
4629,341.158194
4630,341.170579
4631,341.184466
4632,341.200216
4633,341.218281
4634,341.239231
4635,341.263793
4636,341.292897
4637,341.327735
4638,341.369819
4639,341.420968
4640,341.483001
4641,341.530156
4642,341.565971
4643,341.59261
4644,341.611515
4645,341.623681
4646,341.62978
4647,341.630235
4648,341.625254
4649,341.614847
4650,341.598827
4651,341.576795
4652,341.548097
4653,341.511759
4654,341.46635
4655,341.409678
4656,341.338062
4657,341.27748
4658,341.226149
4659,341.182268
4660,341.144347
4661,341.111212
4662,341.081955
4663,341.055873
4664,341.032418
4665,341.011165
4666,340.991782
4667,340.974008
4668,340.957643
4669,340.942531
4670,340.928555
4671,340.915626
4672,341.032773
4673,341.037827
4674,341.043107
4675,341.0486
4676,341.054291
4677,341.060166
4678,341.066211
4679,341.072415
4680,341.078768
4681,341.085269
4682,341.091917
4683,341.098723
4684,341.105704
4685,341.112884
4686,341.1203
4687,341.128002
4688,341.136053
4689,341.144535
4690,341.15355
4691,341.163228
4692,341.173728
4693,341.185251
4694,341.198045
4695,341.212421
4696,341.228767
4697,341.24757
4698,341.269444
4699,341.295165
4700,341.325711
4701,341.362314
4702,341.406491
4703,341.459993
4704,341.524445
4705,341.573791
4706,341.611437
4707,341.639501
4708,341.659438
4709,341.672273
4710,341.678714
4711,341.679209
4712,341.673981
4713,341.663039
4714,341.646185
4715,341.62299
4716,341.592768
4717,341.554513
4718,341.506778
4719,341.447417
4720,341.372867
4721,341.30942
4722,341.255484
4723,341.209331
4724,341.169464
4725,341.134669
4726,341.10399
4727,341.076671
4728,341.052125
4729,341.029888
4730,341.009599
4731,340.990975
4732,340.973796
4733,340.957895
4734,340.943141
4735,340.92944
4736,341.05004
4737,341.055996
4738,341.062115
4739,341.068385
4740,341.074794
4741,341.081328
4742,341.087978
4743,341.094735
4744,341.101594
4745,341.108555
4746,341.115624
4747,341.122814
4748,341.130143
4749,341.137643
4750,341.145354
4751,341.153328
4752,341.161636
4753,341.170363
4754,341.179619
4755,341.18954
4756,341.200297
4757,341.212101
4758,341.225215
4759,341.239967
4760,341.256767
4761,341.276127
4762,341.298691
4763,341.325262
4764,341.356848
4765,341.394694
4766,341.440305
4767,341.495373
4768,341.561414
4769,341.612207
4770,341.651083
4771,341.680119
4772,341.700758
4773,341.714034
4774,341.720671
4775,341.721132
4776,341.715647
4777,341.704225
4778,341.68666
4779,341.662511
4780,341.631074
4781,341.591335
4782,341.541856
4783,341.48053
4784,341.403858
4785,341.338313
4786,341.282415
4787,341.234493
4788,341.193061
4789,341.156894
4790,341.125005
4791,341.096611
4792,341.071093
4793,341.047963
4794,341.026838
4795,341.007418
4796,340.989469
4797,340.972812
4798,340.95731
4799,340.942862
4800,341.067382
4801,341.074246
4802,341.081213
4803,341.088272
4804,341.095411
4805,341.102617
4806,341.109884
4807,341.117204
4808,341.124576
4809,341.132003
4810,341.139493
4811,341.147063
4812,341.154735
4813,341.162542
4814,341.17053
4815,341.178754
4816,341.187288
4817,341.196224
4818,341.205676
4819,341.215786
4820,341.226733
4821,341.238736
4822,341.25207
4823,341.267073
4824,341.284172
4825,341.303895
4826,341.326904
4827,341.354019
4828,341.386262
4829,341.424881
4830,341.471368
4831,341.527378
4832,341.594365
4833,341.646014
4834,341.685615
4835,341.715216
4836,341.736246
4837,341.749741
4838,341.756428
4839,341.756779
4840,341.751026
4841,341.739181
4842,341.721031
4843,341.696129
4844,341.663768
4845,341.62293
4846,341.572192
4847,341.509472
4848,341.431304
4849,341.364266
4850,341.306943
4851,341.2577
4852,341.215067
4853,341.177812
4854,341.144936
4855,341.115639
4856,341.089283
4857,341.065364
4858,341.043483
4859,341.02333
4860,341.004659
4861,340.987286
4862,340.971068
4863,340.9559
4864,341.084877
4865,341.092658
4866,341.100485
4867,341.108344
4868,341.116224
4869,341.124113
4870,341.132006
4871,341.139897
4872,341.147786
4873,341.15568
4874,341.163589
4875,341.171532
4876,341.179535
4877,341.187634
4878,341.195877
4879,341.204323
4880,341.21305
4881,341.222152
4882,341.23175
4883,341.241988
4884,341.253051
4885,341.265164
4886,341.278608
4887,341.29373
4888,341.310964
4889,341.330848
4890,341.354053
4891,341.381409
4892,341.413944
4893,341.452907
4894,341.49978
4895,341.5562
4896,341.623592
4897,341.675594
4898,341.715478
4899,341.745275
4900,341.766405
4901,341.779902
4902,341.786496
4903,341.78666
4904,341.78063
4905,341.768416
4906,341.749804
4907,341.724345
4908,341.69133
4909,341.649742
4910,341.598166
4911,341.534535
4912,341.455391
4913,341.387373
4914,341.329093
4915,341.278939
4916,341.235446
4917,341.197384
4918,341.163747
4919,341.133726
4920,341.106674
4921,341.082077
4922,341.059528
4923,341.038709
4924,341.019372
4925,341.001325
4926,340.984424
4927,340.968563
4928,341.102607
4929,341.111318
4930,341.120017
4931,341.128689
4932,341.137322
4933,341.145904
4934,341.15443
4935,341.162897
4936,341.171306
4937,341.179665
4938,341.187987
4939,341.196293
4940,341.204611
4941,341.212981
4942,341.221453
4943,341.230089
4944,341.238969
4945,341.248192
4946,341.257879
4947,341.268179
4948,341.279279
4949,341.291406
4950,341.304845
4951,341.319945
4952,341.337143
4953,341.356982
4954,341.380133
4955,341.407431
4956,341.439904
4957,341.478801
4958,341.525606
4959,341.58195
4960,341.649253
4961,341.701151
4962,341.740909
4963,341.770553
4964,341.791503
4965,341.804792
4966,341.811151
4967,341.811053
4968,341.804735
4969,341.792207
4970,341.773255
4971,341.747428
4972,341.714018
4973,341.672008
4974,341.619982
4975,341.555876
4976,341.476228
4977,341.407693
4978,341.34889
4979,341.29821
4980,341.25419
4981,341.215598
4982,341.181427
4983,341.150865
4984,341.123262
4985,341.098101
4986,341.074976
4987,341.053564
4988,341.033617
4989,341.014942
4990,340.997393
4991,340.980866
4992,341.120661
4993,341.13032
4994,341.139907
4995,341.149406
4996,341.158803
4997,341.168088
4998,341.177254
4999,341.1863
5000,341.195228
5001,341.204047
5002,341.212773
5003,341.221427
5004,341.230042
5005,341.238658
5006,341.247328
5007,341.256117
5008,341.265107
5009,341.274398
5010,341.284114
5011,341.294404
5012,341.305456
5013,341.317498
5014,341.330811
5015,341.345746
5016,341.362735
5017,341.382317
5018,341.405162
5019,341.432099
5020,341.464155
5021,341.502583
5022,341.548868
5023,341.604657
5024,341.671388
5025,341.722731
5026,341.761958
5027,341.791104
5028,341.811595
5029,341.824466
5030,341.830448
5031,341.830012
5032,341.823395
5033,341.810608
5034,341.791437
5035,341.765432
5036,341.731883
5037,341.689774
5038,341.637682
5039,341.573529
5040,341.493839
5041,341.425244
5042,341.366345
5043,341.315521
5044,341.271303
5045,341.232459
5046,341.197982
5047,341.167063
5048,341.139057
5049,341.113452
5050,341.089843
5051,341.067911
5052,341.047411
5053,341.028153
5054,341.009992
5055,340.992825
5056,341.139138
5057,341.149766
5058,341.16026
5059,341.170602
5060,341.180777
5061,341.190774
5062,341.200586
5063,341.210213
5064,341.219657
5065,341.228929
5066,341.238046
5067,341.247031
5068,341.255919
5069,341.264752
5070,341.273584
5071,341.282484
5072,341.291535
5073,341.300838
5074,341.310517
5075,341.320722
5076,341.331638
5077,341.343491
5078,341.356557
5079,341.371179
5080,341.387782
5081,341.406895
5082,341.429175
5083,341.455444
5084,341.486719
5085,341.524253
5086,341.569546
5087,341.624272
5088,341.689913
5089,341.740222
5090,341.778493
5091,341.806782
5092,341.826527
5093,341.838764
5094,341.844223
5095,341.843373
5096,341.836447
5097,341.823456
5098,341.804188
5099,341.778198
5100,341.744777
5101,341.702906
5102,341.65115
5103,341.587407
5104,341.508168
5105,341.439997
5106,341.381452
5107,341.330883
5108,341.286807
5109,341.247992
5110,341.213439
5111,341.182349
5112,341.154088
5113,341.128155
5114,341.104154
5115,341.081775
5116,341.06078
5117,341.040982
5118,341.022243
5119,341.004461
5120,341.15815
5121,341.169773
5122,341.181197
5123,341.1924
5124,341.203368
5125,341.214088
5126,341.224553
5127,341.234761
5128,341.244717
5129,341.254431
5130,341.263922
5131,341.273216
5132,341.282348
5133,341.291363
5134,341.300317
5135,341.309281
5136,341.318338
5137,341.327591
5138,341.337163
5139,341.347204
5140,341.357894
5141,341.369452
5142,341.382146
5143,341.396309
5144,341.41235
5145,341.430779
5146,341.452234
5147,341.477515
5148,341.507624
5149,341.543807
5150,341.58758
5151,341.640663
5152,341.704621
5153,341.753349
5154,341.790188
5155,341.817228
5156,341.83592
5157,341.847299
5158,341.852087
5159,341.850744
5160,341.843498
5161,341.83036
5162,341.811123
5163,341.785349
5164,341.752339
5165,341.711074
5166,341.660106
5167,341.597296
5168,341.519077
5169,341.451885
5170,341.394196
5171,341.344313
5172,341.300739
5173,341.262244
5174,341.227847
5175,341.19677
5176,341.168398
5177,341.14225
5178,341.117946
5179,341.095191
5180,341.073753
5181,341.053458
5182,341.034173
5183,341.015801
5184,341.177824
5185,341.190475
5186,341.202855
5187,341.214944
5188,341.226722
5189,341.238176
5190,341.249299
5191,341.260088
5192,341.270549
5193,341.280692
5194,341.290538
5195,341.300114
5196,341.309456
5197,341.318612
5198,341.32764
5199,341.336613
5200,341.345616
5201,341.354752
5202,341.364144
5203,341.373937
5204,341.384306
5205,341.395463
5206,341.407664
5207,341.421223
5208,341.436527
5209,341.454059
5210,341.474426
5211,341.498391
5212,341.526923
5213,341.561246
5214,341.602883
5215,341.653618
5216,341.715156
5217,341.761638
5218,341.796489
5219,341.821842
5220,341.839152
5221,341.849439
5222,341.853404
5223,341.851489
5224,341.843911
5225,341.830683
5226,341.811606
5227,341.78626
5228,341.753966
5229,341.713721
5230,341.664072
5231,341.602834
5232,341.526345
5233,341.46081
5234,341.404567
5235,341.355854
5236,341.313164
5237,341.275289
5238,341.241279
5239,341.210393
5240,341.182048
5241,341.155792
5242,341.131269
5243,341.1082
5244,341.086371
5245,341.065618
5246,341.045816
5247,341.026875
5248,341.198308
5249,341.212026
5250,341.225397
5251,341.238397
5252,341.251005
5253,341.263207
5254,341.274994
5255,341.286363
5256,341.29732
5257,341.307876
5258,341.318052
5259,341.327876
5260,341.337388
5261,341.346638
5262,341.355686
5263,341.364606
5264,341.373487
5265,341.382431
5266,341.391561
5267,341.40102
5268,341.410974
5269,341.421624
5270,341.433211
5271,341.446026
5272,341.460428
5273,341.47686
5274,341.495882
5275,341.5182
5276,341.54472
5277,341.576612
5278,341.615375
5279,341.662857
5280,341.720987
5281,341.764366
5282,341.79656
5283,341.819733
5284,341.835312
5285,341.844269
5286,341.847259
5287,341.844694
5288,341.836774
5289,341.82351
5290,341.804721
5291,341.780017
5292,341.748763
5293,341.710004
5294,341.662316
5295,341.603479
5296,341.529678
5297,341.466681
5298,341.412598
5299,341.365598
5300,341.324196
5301,341.287239
5302,341.253839
5303,341.22331
5304,341.195119
5305,341.168851
5306,341.144181
5307,341.120855
5308,341.098679
5309,341.0775
5310,341.057207
5311,341.037717
5312,341.219775
5313,341.234608
5314,341.249009
5315,341.262953
5316,341.276415
5317,341.289381
5318,341.301838
5319,341.313786
5320,341.325228
5321,341.336176
5322,341.346651
5323,341.356686
5324,341.36632
5325,341.375606
5326,341.384608
5327,341.393404
5328,341.402085
5329,341.410756
5330,341.419537
5331,341.428568
5332,341.438009
5333,341.448049
5334,341.458907
5335,341.470849
5336,341.484196
5337,341.499342
5338,341.516782
5339,341.537138
5340,341.561212
5341,341.590055
5342,341.625058
5343,341.668062
5344,341.721315
5345,341.760437
5346,341.789175
5347,341.809636
5348,341.823131
5349,341.830529
5350,341.832405
5351,341.829117
5352,341.820843
5353,341.807592
5354,341.789206
5355,341.765347
5356,341.735458
5357,341.698688
5358,341.653727
5359,341.598415
5360,341.528744
5361,341.469485
5362,341.418422
5363,341.373726
5364,341.334017
5365,341.298259
5366,341.265667
5367,341.235639
5368,341.207708
5369,341.181507
5370,341.156751
5371,341.133216
5372,341.110727
5373,341.089152
5374,341.068389
5375,341.048364
5376,341.242433
5377,341.258437
5378,341.273917
5379,341.288842
5380,341.303187
5381,341.316933
5382,341.33007
5383,341.342593
5384,341.354505
5385,341.365821
5386,341.376561
5387,341.386758
5388,341.396456
5389,341.40571
5390,341.41459
5391,341.423177
5392,341.431568
5393,341.43987
5394,341.448206
5395,341.456711
5396,341.46554
5397,341.474866
5398,341.484888
5399,341.49584
5400,341.508001
5401,341.521705
5402,341.537365
5403,341.555493
5404,341.576736
5405,341.601929
5406,341.632181
5407,341.669035
5408,341.714839
5409,341.748135
5410,341.772532
5411,341.789764
5412,341.800861
5413,341.806503
5414,341.807144
5415,341.803072
5416,341.79443
5417,341.781226
5418,341.763336
5419,341.74049
5420,341.712249
5421,341.677949
5422,341.636563
5423,341.586308
5424,341.523319
5425,341.469455
5426,341.422381
5427,341.380562
5428,341.342898
5429,341.308568
5430,341.27694
5431,341.247523
5432,341.219931
5433,341.193857
5434,341.16906
5435,341.145349
5436,341.122574
5437,341.100622
5438,341.079405
5439,341.058857
5440,341.266526
5441,341.283771
5442,341.300386
5443,341.316338
5444,341.331599
5445,341.346148
5446,341.359972
5447,341.373066
5448,341.385434
5449,341.397087
5450,341.408048
5451,341.418351
5452,341.428042
5453,341.437182
5454,341.445846
5455,341.454124
5456,341.462117
5457,341.469941
5458,341.477721
5459,341.485594
5460,341.493705
5461,341.502215
5462,341.511302
5463,341.521165
5464,341.532035
5465,341.544183
5466,341.557929
5467,341.573654
5468,341.591812
5469,341.612935
5470,341.637608
5471,341.666338
5472,341.698936
5473,341.724601
5474,341.743914
5475,341.75753
5476,341.765995
5477,341.76973
5478,341.769041
5479,341.76413
5480,341.755101
5481,341.741962
5482,341.724624
5483,341.7029
5484,341.676497
5485,341.645004
5486,341.607873
5487,341.564417
5488,341.513932
5489,341.46744
5490,341.425165
5491,341.386615
5492,341.351214
5493,341.318445
5494,341.287869
5495,341.259125
5496,341.231916
5497,341.206003
5498,341.18119
5499,341.157323
5500,341.13428
5501,341.111963
5502,341.090301
5503,341.06924
5504,341.29235
5505,341.310918
5506,341.328736
5507,341.345769
5508,341.361985
5509,341.377362
5510,341.391885
5511,341.405547
5512,341.418349
5513,341.430304
5514,341.441434
5515,341.451774
5516,341.461373
5517,341.470298
5518,341.478633
5519,341.486476
5520,341.493942
5521,341.501157
5522,341.508254
5523,341.515372
5524,341.522654
5525,341.530247
5526,341.538306
5527,341.546997
5528,341.556504
5529,341.567031
5530,341.578805
5531,341.592079
5532,341.607116
5533,341.624159
5534,341.643334
5535,341.664395
5536,341.686062
5537,341.704501
5538,341.718767
5539,341.728733
5540,341.734522
5541,341.736309
5542,341.734255
5543,341.72848
5544,341.719046
5545,341.705962
5546,341.689175
5547,341.668579
5548,341.644024
5549,341.61534
5550,341.582404
5551,341.545329
5552,341.505039
5553,341.465443
5554,341.427857
5555,341.39255
5556,341.359408
5557,341.328203
5558,341.298685
5559,341.27062
5560,341.243801
5561,341.218054
5562,341.193232
5563,341.169214
5564,341.145905
5565,341.123229
5566,341.101127
5567,341.079555
5568,341.320263
5569,341.340252
5570,341.359356
5571,341.377533
5572,341.394751
5573,341.410985
5574,341.426219
5575,341.440444
5576,341.453659
5577,341.465874
5578,341.47711
5579,341.487403
5580,341.496806
5581,341.505391
5582,341.513254
5583,341.520507
5584,341.527285
5585,341.53373
5586,341.539991
5587,341.546215
5588,341.552544
5589,341.559114
5590,341.566059
5591,341.573513
5592,341.581613
5593,341.5905
5594,341.600321
5595,341.611216
5596,341.623299
5597,341.636618
5598,341.651059
5599,341.666181
5600,341.680972
5601,341.693758
5602,341.703653
5603,341.710289
5604,341.713564
5605,341.713488
5606,341.71011
5607,341.70348
5608,341.69363
5609,341.680565
5610,341.664265
5611,341.64469
5612,341.6218
5613,341.59559
5614,341.566166
5615,341.533894
5616,341.499663
5617,341.465176
5618,341.431473
5619,341.39901
5620,341.367915
5621,341.338151
5622,341.309616
5623,341.282181
5624,341.255721
5625,341.230119
5626,341.205272
5627,341.181094
5628,341.157514
5629,341.134473
5630,341.11193
5631,341.089847
5632,341.350698
5633,341.372227
5634,341.392712
5635,341.41211
5636,341.430384
5637,341.447511
5638,341.463471
5639,341.478253
5640,341.491855
5641,341.504281
5642,341.515551
5643,341.525697
5644,341.534775
5645,341.542865
5646,341.550076
5647,341.556543
5648,341.562427
5649,341.567901
5650,341.573138
5651,341.5783
5652,341.583534
5653,341.588968
5654,341.594716
5655,341.600879
5656,341.607552
5657,341.614822
5658,341.622765
5659,341.631436
5660,341.640849
5661,341.650942
5662,341.661514
5663,341.672149
5664,341.682151
5665,341.69063
5666,341.696939
5667,341.700701
5668,341.701727
5669,341.69994
5670,341.695318
5671,341.687864
5672,341.677584
5673,341.664485
5674,341.648568
5675,341.629839
5676,341.608328
5677,341.584118
5678,341.557402
5679,341.528561
5680,341.498249
5681,341.46737
5682,341.436635
5683,341.406472
5684,341.377089
5685,341.348557
5686,341.320867
5687,341.29397
5688,341.267804
5689,341.242301
5690,341.217397
5691,341.193034
5692,341.169165
5693,341.145749
5694,341.122755
5695,341.100158
5696,341.384185
5697,341.407397
5698,341.429378
5699,341.450083
5700,341.469478
5701,341.487537
5702,341.504241
5703,341.519577
5704,341.533537
5705,341.54612
5706,341.557337
5707,341.567218
5708,341.575815
5709,341.583215
5710,341.589545
5711,341.59497
5712,341.599694
5713,341.603937
5714,341.607912
5715,341.611809
5716,341.615783
5717,341.619956
5718,341.62442
5719,341.629248
5720,341.634492
5721,341.640191
5722,341.646365
5723,341.653007
5724,341.660069
5725,341.667436
5726,341.674891
5727,341.682089
5728,341.688547
5729,341.693716
5730,341.697135
5731,341.698483
5732,341.697556
5733,341.69424
5734,341.688475
5735,341.680237
5736,341.669516
5737,341.656318
5738,341.640657
5739,341.622568
5740,341.602116
5741,341.579422
5742,341.554691
5743,341.528252
5744,341.50057
5745,341.472202
5746,341.443636
5747,341.415225
5748,341.387184
5749,341.359629
5750,341.332608
5751,341.306125
5752,341.280164
5753,341.254694
5754,341.229684
5755,341.205101
5756,341.180916
5757,341.157106
5758,341.133649
5759,341.110529
5760,341.421376
5761,341.44644
5762,341.470049
5763,341.492163
5764,341.512751
5765,341.531789
5766,341.54926
5767,341.565148
5768,341.579436
5769,341.592115
5770,341.603184
5771,341.612659
5772,341.620587
5773,341.627054
5774,341.632207
5775,341.636255
5776,341.639464
5777,341.642134
5778,341.644543
5779,341.646922
5780,341.64944
5781,341.65221
5782,341.655301
5783,341.658752
5784,341.662574
5785,341.666763
5786,341.671292
5787,341.676109
5788,341.681127
5789,341.686208
5790,341.691145
5791,341.695656
5792,341.699392
5793,341.701976
5794,341.703071
5795,341.702412
5796,341.699814
5797,341.695152
5798,341.688351
5799,341.679372
5800,341.668197
5801,341.654829
5802,341.639293
5803,341.621633
5804,341.601932
5805,341.580316
5806,341.556976
5807,341.53218
5808,341.506265
5809,341.479612
5810,341.45257
5811,341.425419
5812,341.398358
5813,341.371517
5814,341.344972
5815,341.31876
5816,341.292896
5817,341.26738
5818,341.242203
5819,341.217354
5820,341.19282
5821,341.168589
5822,341.144652
5823,341.120997
5824,341.463073
5825,341.490188
5826,341.51558
5827,341.539217
5828,341.561077
5829,341.581148
5830,341.599413
5831,341.615853
5832,341.630442
5833,341.643156
5834,341.653972
5835,341.662884
5836,341.669918
5837,341.675152
5838,341.678747
5839,341.680964
5840,341.682175
5841,341.68281
5842,341.683257
5843,341.683804
5844,341.684633
5845,341.685842
5846,341.687465
5847,341.689499
5848,341.691913
5849,341.694659
5850,341.697668
5851,341.700855
5852,341.704104
5853,341.707267
5854,341.710152
5855,341.712526
5856,341.714118
5857,341.71465
5858,341.713863
5859,341.711541
5860,341.707521
5861,341.701682
5862,341.693947
5863,341.684267
5864,341.672623
5865,341.659017
5866,341.643475
5867,341.626047
5868,341.606817
5869,341.585905
5870,341.563479
5871,341.539755
5872,341.514989
5873,341.489458
5874,341.463425
5875,341.437116
5876,341.410705
5877,341.384323
5878,341.358057
5879,341.331965
5880,341.306083
5881,341.28043
5882,341.255017
5883,341.229847
5884,341.204922
5885,341.180241
5886,341.155801
5887,341.131598
5888,341.510267
5889,341.539668
5890,341.567015
5891,341.592297
5892,341.615517
5893,341.636677
5894,341.655768
5895,341.672766
5896,341.687636
5897,341.700326
5898,341.710785
5899,341.718965
5900,341.724851
5901,341.728488
5902,341.730029
5903,341.729797
5904,341.728324
5905,341.726289
5906,341.724257
5907,341.722587
5908,341.721459
5909,341.720933
5910,341.720991
5911,341.721574
5912,341.7226
5913,341.723972
5914,341.725583
5915,341.727316
5916,341.729035
5917,341.730584
5918,341.731784
5919,341.732432
5920,341.732306
5921,341.731186
5922,341.728864
5923,341.72516
5924,341.719929
5925,341.713062
5926,341.704481
5927,341.694138
5928,341.68201
5929,341.668099
5930,341.65243
5931,341.635054
5932,341.616049
5933,341.595527
5934,341.573631
5935,341.550539
5936,341.526454
5937,341.501589
5938,341.476152
5939,341.450329
5940,341.424275
5941,341.398112
5942,341.371934
5943,341.345809
5944,341.319787
5945,341.293902
5946,341.268176
5947,341.242627
5948,341.217265
5949,341.192097
5950,341.167129
5951,341.142361
5952,341.564186
5953,341.596138
5954,341.62562
5955,341.652673
5956,341.677339
5957,341.699648
5958,341.719603
5959,341.737177
5960,341.752317
5961,341.76494
5962,341.774949
5963,341.782233
5964,341.786701
5965,341.788318
5966,341.787178
5967,341.783635
5968,341.778459
5969,341.772857
5970,341.767677
5971,341.763334
5972,341.75996
5973,341.757527
5974,341.755933
5975,341.755041
5976,341.754705
5977,341.754776
5978,341.755106
5979,341.755546
5980,341.755941
5981,341.756129
5982,341.755934
5983,341.755173
5984,341.753655
5985,341.751192
5986,341.747609
5987,341.74275
5988,341.736488
5989,341.728719
5990,341.719371
5991,341.708394
5992,341.695766
5993,341.681486
5994,341.665579
5995,341.648092
5996,341.629099
5997,341.608701
5998,341.587021
5999,341.564211
6000,341.540437
6001,341.515873
6002,341.490692
6003,341.465052
6004,341.439092
6005,341.412928
6006,341.386655
6007,341.360347
6008,341.334062
6009,341.307843
6010,341.281725
6011,341.255731
6012,341.229881
6013,341.20419
6014,341.178665
6015,341.153313
6016,341.626335
6017,341.661117
6018,341.692904
6019,341.721837
6020,341.748029
6021,341.771547
6022,341.79241
6023,341.810589
6024,341.826008
6025,341.838548
6026,341.848044
6027,341.854301
6028,341.857104
6029,341.85626
6030,341.851687
6031,341.843624
6032,341.833101
6033,341.822654
6034,341.813504
6035,341.806
6036,341.800103
6037,341.79562
6038,341.792314
6039,341.789945
6040,341.788288
6041,341.787137
6042,341.786299
6043,341.785594
6044,341.784847
6045,341.783885
6046,341.782533
6047,341.780618
6048,341.777965
6049,341.774405
6050,341.769783
6051,341.763958
6052,341.756812
6053,341.74825
6054,341.738199
6055,341.726613
6056,341.713466
6057,341.698758
6058,341.68251
6059,341.664768
6060,341.645599
6061,341.625095
6062,341.603367
6063,341.580547
6064,341.556778
6065,341.532212
6066,341.506997
6067,341.481275
6068,341.455173
6069,341.428803
6070,341.402259
6071,341.375619
6072,341.348947
6073,341.322293
6074,341.295698
6075,341.269192
6076,341.242801
6077,341.216543
6078,341.190432
6079,341.164475
6080,341.698486
6081,341.736334
6082,341.770539
6083,341.801425
6084,341.829201
6085,341.853982
6086,341.875805
6087,341.894636
6088,341.910374
6089,341.922852
6090,341.93183
6091,341.937001
6092,341.937982
6093,341.934326
6094,341.925561
6095,341.911373
6096,341.892473
6097,341.875438
6098,341.861455
6099,341.850379
6100,341.841769
6101,341.835161
6102,341.830133
6103,341.82632
6104,341.823407
6105,341.821124
6106,341.819233
6107,341.817521
6108,341.815794
6109,341.813866
6110,341.811559
6111,341.808701
6112,341.805124
6113,341.800671
6114,341.795195
6115,341.788562
6116,341.78066
6117,341.771397
6118,341.760701
6119,341.748523
6120,341.734839
6121,341.719644
6122,341.70296
6123,341.684829
6124,341.665313
6125,341.644499
6126,341.622491
6127,341.599408
6128,341.57538
6129,341.550546
6130,341.525041
6131,341.498997
6132,341.472535
6133,341.445764
6134,341.41878
6135,341.391662
6136,341.364478
6137,341.337284
6138,341.310125
6139,341.283036
6140,341.256047
6141,341.229179
6142,341.202448
6143,341.175864
6144,341.782466
6145,341.823378
6146,341.859971
6147,341.892816
6148,341.922209
6149,341.948301
6150,341.971143
6151,341.990695
6152,342.006826
6153,342.019318
6154,342.027852
6155,342.031995
6156,342.031179
6157,342.024645
6158,342.01133
6159,341.989502
6160,341.955459
6161,341.930122
6162,341.910849
6163,341.896088
6164,341.884764
6165,341.876073
6166,341.869387
6167,341.864208
6168,341.860129
6169,341.856818
6170,341.853993
6171,341.85141
6172,341.848852
6173,341.846123
6174,341.843038
6175,341.839421
6176,341.835105
6177,341.829935
6178,341.823764
6179,341.816463
6180,341.807917
6181,341.798035
6182,341.786742
6183,341.773988
6184,341.759745
6185,341.744008
6186,341.726795
6187,341.708146
6188,341.688125
6189,341.666812
6190,341.644309
6191,341.620731
6192,341.596203
6193,341.570856
6194,341.544823
6195,341.518232
6196,341.491201
6197,341.463841
6198,341.436247
6199,341.408504
6200,341.380682
6201,341.352841
6202,341.325028
6203,341.297282
6204,341.269635
6205,341.242111
6206,341.214726
6207,341.187491
6208,341.851458
6209,341.895309
6210,341.934251
6211,341.969032
6212,342.000038
6213,342.027467
6214,342.051381
6215,342.071736
6216,342.088373
6217,342.101023
6218,342.109293
6219,342.112639
6220,342.110331
6221,342.101371
6222,342.084341
6223,342.057041
6224,342.015658
6225,341.984375
6226,341.960691
6227,341.942667
6228,341.928884
6229,341.918291
6230,341.910093
6231,341.903674
6232,341.89855
6233,341.894331
6234,341.890695
6235,341.887373
6236,341.88413
6237,341.880754
6238,341.877053
6239,341.872844
6240,341.867957
6241,341.862229
6242,341.855512
6243,341.84767
6244,341.838586
6245,341.828161
6246,341.816316
6247,341.802998
6248,341.788173
6249,341.771836
6250,341.754002
6251,341.734711
6252,341.714026
6253,341.69203
6254,341.668825
6255,341.644527
6256,341.619264
6257,341.593169
6258,341.566375
6259,341.539013
6260,341.511206
6261,341.483066
6262,341.454694
6263,341.426175
6264,341.397585
6265,341.368984
6266,341.340424
6267,341.311944
6268,341.283577
6269,341.255348
6270,341.227274
6271,341.199364
6272,341.909398
6273,341.955909
6274,341.997076
6275,342.033749
6276,342.066376
6277,342.095189
6278,342.120263
6279,342.141543
6280,342.158847
6281,342.17186
6282,342.180122
6283,342.182999
6284,342.179643
6285,342.168914
6286,342.149238
6287,342.118347
6288,342.072702
6289,342.037445
6290,342.010477
6291,341.989854
6292,341.974031
6293,341.961823
6294,341.952324
6295,341.944835
6296,341.938809
6297,341.933813
6298,341.929497
6299,341.925569
6300,341.921779
6301,341.917905
6302,341.913745
6303,341.909106
6304,341.903808
6305,341.897679
6306,341.89056
6307,341.882306
6308,341.872786
6309,341.861894
6310,341.849542
6311,341.83567
6312,341.82024
6313,341.803241
6314,341.78469
6315,341.764626
6316,341.743116
6317,341.720247
6318,341.696126
6319,341.670879
6320,341.644641
6321,341.617554
6322,341.58976
6323,341.561398
6324,341.5326
6325,341.503483
6326,341.474154
6327,341.444703
6328,341.415208
6329,341.385732
6330,341.356326
6331,341.327031
6332,341.297879
6333,341.268894
6334,341.240093
6335,341.211483
6336,341.958495
6337,342.007371
6338,342.050607
6339,342.089108
6340,342.123361
6341,342.153618
6342,342.179962
6343,342.202326
6344,342.220504
6345,342.234139
6346,342.242716
6347,342.245531
6348,342.241655
6349,342.229866
6350,342.208542
6351,342.175443
6352,342.127216
6353,342.089405
6354,342.060172
6355,342.037649
6356,342.020268
6357,342.006788
6358,341.99624
6359,341.987874
6360,341.981105
6361,341.975472
6362,341.970606
6363,341.966204
6364,341.962006
6365,341.957782
6366,341.953319
6367,341.948414
6368,341.942871
6369,341.936504
6370,341.929134
6371,341.9206
6372,341.910755
6373,341.899477
6374,341.886666
6375,341.872252
6376,341.85619
6377,341.838465
6378,341.819093
6379,341.798116
6380,341.775605
6381,341.751656
6382,341.72639
6383,341.699945
6384,341.672472
6385,341.64413
6386,341.615078
6387,341.585469
6388,341.555448
6389,341.525143
6390,341.494667
6391,341.464116
6392,341.43357
6393,341.403094
6394,341.372739
6395,341.342544
6396,341.312539
6397,341.282746
6398,341.253179
6399,341.223843
6400,342.000179
6401,342.051145
6402,342.096292
6403,342.136556
6404,342.172444
6405,342.204222
6406,342.231971
6407,342.255613
6408,342.274915
6409,342.289485
6410,342.298757
6411,342.301972
6412,342.298144
6413,342.286002
6414,342.263906
6415,342.229654
6416,342.179999
6417,342.140695
6418,342.110055
6419,342.086285
6420,342.067831
6421,342.053435
6422,342.042105
6423,342.033066
6424,342.025716
6425,342.019584
6426,342.014296
6427,342.009547
6428,342.005077
6429,342.000652
6430,341.99605
6431,341.991054
6432,341.985448
6433,341.979021
6434,341.97157
6435,341.962906
6436,341.95286
6437,341.941288
6438,341.928073
6439,341.913132
6440,341.89641
6441,341.877888
6442,341.857579
6443,341.835531
6444,341.811821
6445,341.786562
6446,341.759889
6447,341.731964
6448,341.702962
6449,341.673069
6450,341.642468
6451,341.611336
6452,341.579834
6453,341.548105
6454,341.516274
6455,341.48444
6456,341.452687
6457,341.421079
6458,341.389664
6459,341.35848
6460,341.327551
6461,341.296895
6462,341.266523
6463,341.236436
6464,342.035433
6465,342.088244
6466,342.135156
6467,342.177125
6468,342.214673
6469,342.248068
6470,342.277388
6471,342.302541
6472,342.323267
6473,342.339138
6474,342.349542
6475,342.35367
6476,342.350484
6477,342.338678
6478,342.316598
6479,342.282063
6480,342.231886
6481,342.19194
6482,342.160623
6483,342.136194
6484,342.117124
6485,342.10216
6486,342.090308
6487,342.080791
6488,342.073012
6489,342.066505
6490,342.06091
6491,342.055933
6492,342.051326
6493,342.046854
6494,342.04229
6495,342.037399
6496,342.031938
6497,342.02566
6498,342.018327
6499,342.009712
6500,341.999614
6501,341.987859
6502,341.974308
6503,341.95886
6504,341.941449
6505,341.922048
6506,341.900671
6507,341.877369
6508,341.852232
6509,341.825389
6510,341.797003
6511,341.767266
6512,341.736391
6513,341.704599
6514,341.67211
6515,341.639134
6516,341.605857
6517,341.572441
6518,341.53902
6519,341.505702
6520,341.472571
6521,341.439687
6522,341.407095
6523,341.374826
6524,341.342898
6525,341.311324
6526,341.280107
6527,341.249242
6528,342.064924
6529,342.119358
6530,342.167906
6531,342.211541
6532,342.250792
6533,342.285929
6534,342.317024
6535,342.343968
6536,342.366475
6537,342.384076
6538,342.396111
6539,342.401716
6540,342.399804
6541,342.389026
6542,342.367704
6543,342.333664
6544,342.283747
6545,342.243892
6546,342.212539
6547,342.187984
6548,342.16872
6549,342.15351
6550,342.141375
6551,342.131555
6552,342.123471
6553,342.116688
6554,342.110877
6555,342.105775
6556,342.101155
6557,342.096799
6558,342.092473
6559,342.087917
6560,342.082851
6561,342.07698
6562,342.070011
6563,342.061666
6564,342.051699
6565,342.039898
6566,342.026097
6567,342.010171
6568,341.99204
6569,341.97167
6570,341.949071
6571,341.9243
6572,341.897462
6573,341.86871
6574,341.83824
6575,341.80629
6576,341.773121
6577,341.73901
6578,341.704229
6579,341.669029
6580,341.633632
6581,341.598223
6582,341.562949
6583,341.527922
6584,341.493224
6585,341.45891
6586,341.425015
6587,341.391561
6588,341.358558
6589,341.326007
6590,341.293905
6591,341.262239
6592,342.089061
6593,342.144913
6594,342.194986
6595,342.240265
6596,342.281287
6597,342.318325
6598,342.351443
6599,342.380516
6600,342.405227
6601,342.425064
6602,342.439309
6603,342.447034
6604,342.447086
6605,342.438061
6606,342.418242
6607,342.385441
6608,342.336516
6609,342.297425
6610,342.266627
6611,342.242437
6612,342.223369
6613,342.208207
6614,342.195995
6615,342.186005
6616,342.177701
6617,342.170697
6618,342.164719
6619,342.159563
6620,342.155046
6621,342.150976
6622,342.147116
6623,342.143178
6624,342.138824
6625,342.133686
6626,342.127394
6627,342.119601
6628,342.109999
6629,342.098329
6630,342.084388
6631,342.068025
6632,342.049144
6633,342.027699
6634,342.003697
6635,341.977201
6636,341.948331
6637,341.91727
6638,341.884259
6639,341.849594
6640,341.813611
6641,341.776663
6642,341.739092
6643,341.701211
6644,341.663286
6645,341.625529
6646,341.5881
6647,341.551112
6648,341.51464
6649,341.478728
6650,341.443398
6651,341.408656
6652,341.374498
6653,341.340912
6654,341.307885
6655,341.275394
6656,342.108015
6657,342.165093
6658,342.216592
6659,342.263513
6660,342.306402
6661,342.345537
6662,342.38098
6663,342.412589
6664,342.440016
6665,342.462695
6666,342.479837
6667,342.49043
6668,342.49323
6669,342.486755
6670,342.46923
6671,342.438432
6672,342.391228
6673,342.353561
6674,342.323891
6675,342.300537
6676,342.282029
6677,342.267173
6678,342.255047
6679,342.244969
6680,342.236463
6681,342.229223
6682,342.223064
6683,342.217873
6684,342.213549
6685,342.209944
6686,342.206828
6687,342.203866
6688,342.200636
6689,342.196661
6690,342.19146
6691,342.184585
6692,342.175647
6693,342.164332
6694,342.150393
6695,342.133651
6696,342.11399
6697,342.09135
6698,342.065733
6699,342.037203
6700,342.005898
6701,341.972032
6702,341.935904
6703,341.897892
6704,341.858433
6705,341.81799
6706,341.777011
6707,341.735889
6708,341.694947
6709,341.654426
6710,341.614497
6711,341.575267
6712,341.536795
6713,341.499107
6714,341.462202
6715,341.426065
6716,341.390672
6717,341.355995
6718,341.322004
6719,341.288667
6720,342.121734
6721,342.179849
6722,342.232684
6723,342.281259
6724,342.326139
6725,342.36761
6726,342.405739
6727,342.440376
6728,342.471138
6729,342.497399
6730,342.518277
6731,342.532637
6732,342.539109
6733,342.5361
6734,342.52175
6735,342.493784
6736,342.449072
6737,342.413517
6738,342.385557
6739,342.363507
6740,342.345904
6741,342.331577
6742,342.319645
6743,342.309485
6744,342.300707
6745,342.293112
6746,342.286652
6747,342.281363
6748,342.277274
6749,342.274324
6750,342.272294
6751,342.270784
6752,342.269238
6753,342.267008
6754,342.263447
6755,342.257968
6756,342.250084
6757,342.239408
6758,342.225653
6759,342.20861
6760,342.188141
6761,342.164171
6762,342.136689
6763,342.105757
6764,342.071522
6765,342.034232
6766,341.994255
6767,341.952078
6768,341.908286
6769,341.863505
6770,341.818334
6771,341.773279
6772,341.728731
6773,341.684962
6774,341.642142
6775,341.600359
6776,341.559645
6777,341.519993
6778,341.48137
6779,341.443731
6780,341.407024
6781,341.371201
6782,341.336211
6783,341.302008
6784,342.129936
6785,342.188889
6786,342.242971
6787,342.293228
6788,342.340244
6789,342.384332
6790,342.425577
6791,342.46383
6792,342.498686
6793,342.529449
6794,342.555109
6795,342.574353
6796,342.585625
6797,342.58717
6798,342.577015
6799,342.552818
6800,342.51145
6801,342.478756
6802,342.453132
6803,342.432869
6804,342.416505
6805,342.402895
6806,342.3912
6807,342.38087
6808,342.371616
6809,342.363392
6810,342.356349
6811,342.350755
6812,342.346864
6813,342.344762
6814,342.344261
6815,342.344857
6816,342.345777
6817,342.3461
6818,342.344922
6819,342.34147
6820,342.335133
6821,342.325456
6822,342.31211
6823,342.294866
6824,342.273565
6825,342.248114
6826,342.218481
6827,342.18471
6828,342.146943
6829,342.105456
6830,342.06069
6831,342.013276
6832,341.964016
6833,341.913793
6834,341.863427
6835,341.813582
6836,341.764725
6837,341.717147
6838,341.670997
6839,341.626326
6840,341.583115
6841,341.541307
6842,341.500823
6843,341.461577
6844,341.423484
6845,341.386463
6846,341.350443
6847,341.31536
6848,342.132089
6849,342.191665
6850,342.246902
6851,342.29887
6852,342.348188
6853,342.395211
6854,342.440065
6855,342.482635
6856,342.522515
6857,342.558936
6858,342.59072
6859,342.616281
6860,342.633761
6861,342.641181
6862,342.636433
6863,342.6171
6864,342.580045
6865,342.551069
6866,342.528481
6867,342.510526
6868,342.495737
6869,342.482992
6870,342.471503
6871,342.46079
6872,342.450684
6873,342.441327
6874,342.433154
6875,342.426811
6876,342.422932
6877,342.421865
6878,342.423482
6879,342.427121
6880,342.431644
6881,342.435662
6882,342.43788
6883,342.437274
6884,342.433105
6885,342.424862
6886,342.412199
6887,342.394877
6888,342.372727
6889,342.345633
6890,342.313528
6891,342.276414
6892,342.234398
6893,342.187752
6894,342.136982
6895,342.082901
6896,342.026637
6897,341.969493
6898,341.91264
6899,341.856943
6900,341.802945
6901,341.750922
6902,341.700969
6903,341.653057
6904,341.60709
6905,341.562939
6906,341.520459
6907,341.479511
6908,341.439964
6909,341.401703
6910,341.364629
6911,341.328656
6912,342.127383
6913,342.187341
6914,342.243624
6915,342.29733
6916,342.349123
6917,342.39942
6918,342.448434
6919,342.496131
6920,342.542159
6921,342.585712
6922,342.62539
6923,342.659161
6924,342.684645
6925,342.699559
6926,342.701671
6927,342.688505
6928,342.656896
6929,342.63266
6930,342.613927
6931,342.59886
6932,342.585988
6933,342.574224
6934,342.562825
6935,342.551375
6936,342.539812
6937,342.528484
6938,342.518218
6939,342.510266
6940,342.505951
6941,342.50607
6942,342.510618
6943,342.518692
6944,342.528535
6945,342.537899
6946,342.544884
6947,342.54817
6948,342.546919
6949,342.540617
6950,342.528947
6951,342.511691
6952,342.488683
6953,342.459781
6954,342.424862
6955,342.383848
6956,342.336754
6957,342.28378
6958,342.225441
6959,342.162749
6960,342.097328
6961,342.031245
6962,341.966228
6963,341.903387
6964,341.84329
6965,341.786134
6966,341.731884
6967,341.680382
6968,341.631414
6969,341.584746
6970,341.540151
6971,341.497419
6972,341.456366
6973,341.416832
6974,341.378687
6975,341.34182
6976,342.114672
6977,342.174737
6978,342.231942
6979,342.2874
6980,342.341828
6981,342.39574
6982,342.449483
6983,342.503198
6984,342.556701
6985,342.609257
6986,342.659233
6987,342.703815
6988,342.739605
6989,342.763964
6990,342.774664
6991,342.769257
6992,342.744466
6993,342.726267
6994,342.712376
6995,342.700847
6996,342.690244
6997,342.679541
6998,342.668042
6999,342.655356
7000,342.64146
7001,342.626862
7002,342.612854
7003,342.601702
7004,342.596036
7005,342.597406
7006,342.606022
7007,342.620671
7008,342.638563
7009,342.655692
7010,342.669267
7011,342.677716
7012,342.680235
7013,342.676424
7014,342.666072
7015,342.649037
7016,342.625172
7017,342.594308
7018,342.556241
7019,342.510755
7020,342.457683
7021,342.397019
7022,342.329131
7023,342.255138
7024,342.17739
7025,342.09955
7026,342.024218
7027,341.952711
7028,341.885478
7029,341.822486
7030,341.763468
7031,341.708059
7032,341.655875
7033,341.606549
7034,341.559745
7035,341.51517
7036,341.472574
7037,341.431749
7038,341.392527
7039,341.354769
7040,342.09237
7041,342.15224
7042,342.210232
7043,342.267441
7044,342.324634
7045,342.382454
7046,342.441457
7047,342.50208
7048,342.564513
7049,342.62838
7050,342.692006
7051,342.751156
7052,342.800135
7053,342.836136
7054,342.857388
7055,342.861773
7056,342.845682
7057,342.835291
7058,342.827431
7059,342.820138
7060,342.812142
7061,342.802552
7062,342.790717
7063,342.776198
7064,342.75885
7065,342.739096
7066,342.718577
7067,342.701269
7068,342.692568
7069,342.695084
7070,342.709322
7071,342.733874
7072,342.764482
7073,342.792917
7074,342.815364
7075,342.830384
7076,342.837534
7077,342.836738
7078,342.828012
7079,342.811343
7080,342.786636
7081,342.75369
7082,342.71219
7083,342.661719
7084,342.6018
7085,342.532004
7086,342.452198
7087,342.36317
7088,342.268034
7089,342.174442
7090,342.086158
7091,342.004343
7092,341.928962
7093,341.859508
7094,341.795328
7095,341.735766
7096,341.680213
7097,341.628132
7098,341.579063
7099,341.532615
7100,341.488463
7101,341.446346
7102,341.406052
7103,341.367417
7104,342.058206
7105,342.117599
7106,342.176269
7107,342.235217
7108,342.29526
7109,342.357198
7110,342.421865
7111,342.490132
7112,342.562845
7113,342.640572
7114,342.722525
7115,342.802003
7116,342.867389
7117,342.917067
7118,342.950809
7119,342.967708
7120,342.964022
7121,342.963948
7122,342.963398
7123,342.960961
7124,342.955832
7125,342.947375
7126,342.934992
7127,342.918089
7128,342.896119
7129,342.868807
7130,342.837133
7131,342.807996
7132,342.79355
7133,342.796868
7134,342.818596
7135,342.857973
7136,342.910247
7137,342.954863
7138,342.988614
7139,343.011464
7140,343.02394
7141,343.026558
7142,343.019686
7143,343.003502
7144,342.977982
7145,342.942892
7146,342.897782
7147,342.841977
7148,342.774567
7149,342.694424
7150,342.600298
7151,342.491319
7152,342.369551
7153,342.254766
7154,342.150732
7155,342.057171
7156,341.972875
7157,341.896536
7158,341.826958
7159,341.763109
7160,341.704117
7161,341.649251
7162,341.597908
7163,341.549592
7164,341.503899
7165,341.460508
7166,341.419164
7167,341.379673
7168,342.008575
7169,342.06742
7170,342.126762
7171,342.187456
7172,342.250394
7173,342.316567
7174,342.38713
7175,342.463463
7176,342.547261
7177,342.640708
7178,342.746882
7179,342.855754
7180,342.939682
7181,343.003892
7182,343.051171
7183,343.083639
7184,343.103956
7185,343.117048
7186,343.124631
7187,343.127304
7188,343.125112
7189,343.117771
7190,343.104742
7191,343.085214
7192,343.057987
7193,343.021085
7194,342.970387
7195,342.917813
7196,342.894698
7197,342.898438
7198,342.928961
7199,342.988433
7200,343.082703
7201,343.14835
7202,343.194825
7203,343.226045
7204,343.244112
7205,343.250301
7206,343.245386
7207,343.229757
7208,343.203467
7209,343.166252
7210,343.11752
7211,343.056316
7212,342.981252
7213,342.890356
7214,342.780693
7215,342.647182
7216,342.478204
7217,342.336771
7218,342.215344
7219,342.109468
7220,342.016044
7221,341.932745
7222,341.857758
7223,341.789644
7224,341.727249
7225,341.669641
7226,341.616071
7227,341.565933
7228,341.518743
7229,341.474118
7230,341.431761
7231,341.391445
7232,341.969632
7233,342.027783
7234,342.087629
7235,342.149928
7236,342.215622
7237,342.285873
7238,342.362134
7239,342.446255
7240,342.540654
7241,342.648517
7242,342.773759
7243,342.902708
7244,343.002325
7245,343.079604
7246,343.13874
7247,343.182867
7248,343.214813
7249,343.236977
7250,343.251111
7251,343.258214
7252,343.258665
7253,343.252365
7254,343.238799
7255,343.217005
7256,343.185414
7257,343.141439
7258,343.080526
7259,343.01739
7260,342.989141
7261,342.993807
7262,343.031511
7263,343.104888
7264,343.218973
7265,343.299848
7266,343.357098
7267,343.395847
7268,343.419076
7269,343.428613
7270,343.42556
7271,343.410484
7272,343.383508
7273,343.344336
7274,343.292247
7275,343.226039
7276,343.143916
7277,343.043253
7278,342.920078
7279,342.76783
7280,342.574234
7281,342.412809
7282,342.276333
7283,342.159167
7284,342.057165
7285,341.967253
7286,341.887101
7287,341.814908
7288,341.749259
7289,341.689035
7290,341.633342
7291,341.581472
7292,341.53286
7293,341.487064
7294,341.443745
7295,341.402646
7296,341.939236
7297,341.996788
7298,342.057068
7299,342.120812
7300,342.189021
7301,342.262994
7302,342.344412
7303,342.435451
7304,342.538929
7305,342.658389
7306,342.797678
7307,342.941071
7308,343.05315
7309,343.141297
7310,343.210184
7311,343.263222
7312,343.303118
7313,343.331934
7314,343.351235
7315,343.362028
7316,343.364779
7317,343.359459
7318,343.34557
7319,343.322096
7320,343.287374
7321,343.238794
7322,343.17222
7323,343.103882
7324,343.073154
7325,343.079085
7326,343.122091
7327,343.204549
7328,343.330035
7329,343.421248
7330,343.48676
7331,343.531723
7332,343.559406
7333,343.571912
7334,343.570543
7335,343.555987
7336,343.528409
7337,343.487484
7338,343.432389
7339,343.361735
7340,343.273448
7341,343.164525
7342,343.030568
7343,342.864773
7344,342.655561
7345,342.479764
7346,342.331349
7347,342.204641
7348,342.095107
7349,341.999254
7350,341.9144
7351,341.838464
7352,341.769817
7353,341.707175
7354,341.649521
7355,341.596048
7356,341.54612
7357,341.49924
7358,341.455027
7359,341.413196
7360,341.915391
7361,341.972469
7362,342.033134
7363,342.098141
7364,342.168546
7365,342.245756
7366,342.331602
7367,342.428447
7368,342.539288
7369,342.667722
7370,342.817341
7371,342.971307
7372,343.093025
7373,343.189863
7374,343.266573
7375,343.32661
7376,343.372618
7377,343.406593
7378,343.43001
7379,343.44384
7380,343.44856
7381,343.44417
7382,343.430193
7383,343.405632
7384,343.368875
7385,343.317481
7386,343.247765
7387,343.176823
7388,343.145126
7389,343.152399
7390,343.19925
7391,343.287751
7392,343.420533
7393,343.518813
7394,343.590423
7395,343.64026
7396,343.67159
7397,343.686602
7398,343.686687
7399,343.672596
7400,343.64451
7401,343.602081
7402,343.544408
7403,343.469983
7404,343.376569
7405,343.260992
7406,343.11874
7407,342.943115
7408,342.723067
7409,342.536861
7410,342.37928
7411,342.244883
7412,342.129056
7413,342.028114
7414,341.939164
7415,341.859931
7416,341.788626
7417,341.723832
7418,341.664427
7419,341.60952
7420,341.558411
7421,341.510553
7422,341.465528
7423,341.423026
7424,341.896425
7425,341.953124
7426,342.01411
7427,342.080169
7428,342.152408
7429,342.232306
7430,342.321787
7431,342.423308
7432,342.539921
7433,342.675178
7434,342.832424
7435,342.994187
7436,343.123247
7437,343.226865
7438,343.30974
7439,343.37529
7440,343.426109
7441,343.464159
7442,343.490868
7443,343.507181
7444,343.513571
7445,343.510056
7446,343.496191
7447,343.471033
7448,343.433067
7449,343.380052
7450,343.308647
7451,343.236467
7452,343.204585
7453,343.21312
7454,343.262779
7455,343.35542
7456,343.493132
7457,343.596323
7458,343.672376
7459,343.725924
7460,343.760134
7461,343.777183
7462,343.778482
7463,343.764796
7464,343.736311
7465,343.692652
7466,343.632871
7467,343.555388
7468,343.457888
7469,343.337138
7470,343.188641
7471,343.005856
7472,342.778042
7473,342.584253
7474,342.419768
7475,342.279375
7476,342.158499
7477,342.053383
7478,341.961017
7479,341.879006
7480,341.805443
7481,341.738813
7482,341.677907
7483,341.621768
7484,341.569637
7485,341.520927
7486,341.475185
7487,341.432079
7488,341.880989
7489,341.93736
7490,341.998577
7491,342.065456
7492,342.139142
7493,342.221163
7494,342.313496
7495,342.418639
7496,342.539645
7497,342.679994
7498,342.842848
7499,343.010344
7500,343.144909
7501,343.253701
7502,343.341334
7503,343.411166
7504,343.465745
7505,343.506995
7506,343.536317
7507,343.554636
7508,343.562426
7509,343.559719
7510,343.546106
7511,343.520704
7512,343.482103
7513,343.428228
7514,343.355983
7515,343.283304
7516,343.251617
7517,343.261258
7518,343.31299
7519,343.408534
7520,343.549668
7521,343.656314
7522,343.735582
7523,343.791906
7524,343.828336
7525,343.846999
7526,343.849288
7527,343.835962
7528,343.807196
7529,343.762597
7530,343.701184
7531,343.62134
7532,343.520721
7533,343.39609
7534,343.243003
7535,343.055051
7536,342.82167
7537,342.622404
7538,342.452832
7539,342.307921
7540,342.183158
7541,342.074772
7542,341.979696
7543,341.89546
7544,341.82008
7545,341.751964
7546,341.689841
7547,341.632696
7548,341.579726
7549,341.530305
7550,341.483954
7551,341.44032
7552,341.868013
7553,341.924068
7554,341.985399
7555,342.052846
7556,342.127585
7557,342.211175
7558,342.305622
7559,342.413436
7560,342.537656
7561,342.681695
7562,342.848584
7563,343.020215
7564,343.158806
7565,343.271432
7566,343.362633
7567,343.435704
7568,343.493148
7569,343.536858
7570,343.568212
7571,343.588121
7572,343.597058
7573,343.595072
7574,343.581786
7575,343.556373
7576,343.517509
7577,343.463248
7578,343.390656
7579,343.317874
7580,343.286537
7581,343.297105
7582,343.35037
7583,343.447968
7584,343.5915
7585,343.700582
7586,343.782161
7587,343.840528
7588,343.878635
7589,343.898553
7590,343.901645
7591,343.888652
7592,343.859735
7593,343.814484
7594,343.751901
7595,343.670352
7596,343.567486
7597,343.440084
7598,343.283757
7599,343.092193
7600,342.85493
7601,342.65183
7602,342.478656
7603,342.3305
7604,342.202908
7605,342.092116
7606,341.995031
7607,341.909138
7608,341.832401
7609,341.763176
7610,341.700142
7611,341.642241
7612,341.588632
7613,341.538657
7614,341.491813
7615,341.447731
7616,341.856663
7617,341.91238
7618,341.973683
7619,342.041435
7620,342.116833
7621,342.201456
7622,342.297327
7623,342.40696
7624,342.533376
7625,342.679937
7626,342.849588
7627,343.024068
7628,343.165463
7629,343.280796
7630,343.374546
7631,343.449957
7632,343.509493
7633,343.55502
7634,343.587896
7635,343.60902
7636,343.618867
7637,343.617498
7638,343.60456
7639,343.579273
7640,343.540377
7641,343.486012
7642,343.413353
7643,343.340669
7644,343.309715
7645,343.321027
7646,343.375407
7647,343.474445
7648,343.61964
7649,343.730415
7650,343.813623
7651,343.87346
7652,343.912807
7653,343.933687
7654,343.937433
7655,343.924766
7656,343.895835
7657,343.850217
7658,343.786902
7659,343.704254
7660,343.599923
7661,343.470711
7662,343.312274
7663,343.118365
7664,342.878584
7665,342.672992
7666,342.497465
7667,342.347177
7668,342.217716
7669,342.105333
7670,342.006922
7671,341.919941
7672,341.842321
7673,341.77238
7674,341.708761
7675,341.650371
7676,341.596338
7677,341.545978
7678,341.498768
7679,341.454323
7680,341.846298
7681,341.901626
7682,341.962742
7683,342.030524
7684,342.106187
7685,342.191327
7686,342.287977
7687,342.398653
7688,342.526363
7689,342.67444
7690,342.845775
7691,343.022018
7692,343.16518
7693,343.282248
7694,343.37766
7695,343.454622
7696,343.515568
7697,343.56234
7698,343.59628
7699,343.618279
7700,343.62881
7701,343.627941
7702,343.615337
7703,343.590247
7704,343.551453
7705,343.49715
7706,343.424578
7707,343.35208
7708,343.32148
7709,343.333352
7710,343.388507
7711,343.48851
7712,343.634806
7713,343.746703
7714,343.831005
7715,343.891853
7716,343.932084
7717,343.953686
7718,343.957969
7719,343.945641
7720,343.916838
7721,343.87113
7722,343.807504
7723,343.724318
7724,343.619232
7725,343.489064
7726,343.329497
7727,343.134326
7728,342.893186
7729,342.686252
7730,342.509464
7731,342.35804
7732,342.227597
7733,342.114394
7734,342.01532
7735,341.927818
7736,341.849794
7737,341.779544
7738,341.71568
7739,341.657084
7740,341.602859
7741,341.552296
7742,341.504854
7743,341.460133
7744,341.836444
7745,341.891309
7746,341.952059
7747,342.019585
7748,342.095118
7749,342.180269
7750,342.27708
7751,342.388073
7752,342.516254
7753,342.664941
7754,342.837004
7755,343.014051
7756,343.158059
7757,343.275996
7758,343.372275
7759,343.450078
7760,343.511817
7761,343.559318
7762,343.593908
7763,343.616468
7764,343.627468
7765,343.626978
7766,343.614671
7767,343.58981
7768,343.551198
7769,343.497056
7770,343.424655
7771,343.352373
7772,343.322064
7773,343.334317
7774,343.389951
7775,343.490521
7776,343.637451
7777,343.749998
7778,343.834949
7779,343.896422
7780,343.937232
7781,343.959352
7782,343.964081
7783,343.952117
7784,343.923589
7785,343.878064
7786,343.814527
7787,343.731337
7788,343.626157
7789,343.495815
7790,343.336008
7791,343.140549
7792,342.899092
7793,342.691854
7794,342.5148
7795,342.363165
7796,342.232578
7797,342.119298
7798,342.020212
7799,341.932752
7800,341.854812
7801,341.784668
7802,341.720915
7803,341.662413
7804,341.608241
7805,341.55767
7806,341.510139
7807,341.465235
7808,341.826769
7809,341.881078
7810,341.941264
7811,342.008233
7812,342.083231
7813,342.167886
7814,342.264251
7815,342.374859
7816,342.502721
7817,342.651164
7818,342.823058
7819,343.000016
7820,343.144015
7821,343.262016
7822,343.358424
7823,343.43641
7824,343.498373
7825,343.546125
7826,343.58098
7827,343.603811
7828,343.615079
7829,343.614851
7830,343.602799
7831,343.578186
7832,343.539814
7833,343.485906
7834,343.413732
7835,343.341672
7836,343.311577
7837,343.324036
7838,343.37987
7839,343.480641
7840,343.627782
7841,343.740549
7842,343.825741
7843,343.887484
7844,343.928597
7845,343.951052
7846,343.956148
7847,343.944579
7848,343.916476
7849,343.871403
7850,343.808347
7851,343.725668
7852,343.621033
7853,343.491268
7854,343.332071
7855,343.137251
7856,342.896467
7857,342.689916
7858,342.513552
7859,342.362602
7860,342.232685
7861,342.120059
7862,342.021607
7863,341.934756
7864,341.857392
7865,341.787784
7866,341.724512
7867,341.666419
7868,341.612565
7869,341.562198
7870,341.514733
7871,341.46974
7872,341.817072
7873,341.870713
7874,341.930114
7875,341.996202
7876,342.070243
7877,342.153881
7878,342.249185
7879,342.3587
7880,342.485455
7881,342.6328
7882,342.803638
7883,342.979628
7884,343.122777
7885,343.240057
7886,343.33588
7887,343.413418
7888,343.475064
7889,343.522616
7890,343.557377
7891,343.580208
7892,343.591559
7893,343.591488
7894,343.579659
7895,343.55532
7896,343.517258
7897,343.463665
7898,343.391782
7899,343.319956
7900,343.290004
7901,343.302493
7902,343.358242
7903,343.458839
7904,343.605762
7905,343.718309
7906,343.803328
7907,343.864983
7908,343.906121
7909,343.92873
7910,343.934115
7911,343.922977
7912,343.895447
7913,343.851095
7914,343.78891
7915,343.707259
7916,343.603806
7917,343.475373
7918,343.317643
7919,343.124401
7920,342.885291
7921,342.680431
7922,342.505724
7923,342.356359
7924,342.227935
7925,342.116698
7926,342.019531
7927,341.933862
7928,341.857579
7929,341.788948
7930,341.726544
7931,341.669197
7932,341.615948
7933,341.566019
7934,341.518794
7935,341.473815
7936,341.807278
7937,341.860117
7938,341.918482
7939,341.983333
7940,342.055964
7941,342.138039
7942,342.231639
7943,342.339323
7944,342.464144
7945,342.609492
7946,342.77834
7947,342.952441
7948,343.093867
7949,343.209621
7950,343.30414
7951,343.380605
7952,343.441403
7953,343.488321
7954,343.522647
7955,343.545225
7956,343.556493
7957,343.556496
7958,343.544881
7959,343.520876
7960,343.48323
7961,343.430082
7962,343.3586
7963,343.287055
7964,343.2572
7965,343.269543
7966,343.324892
7967,343.424888
7968,343.571104
7969,343.68293
7970,343.767306
7971,343.828475
7972,343.869335
7973,343.891901
7974,343.89749
7975,343.886812
7976,343.860005
7977,343.816645
7978,343.755729
7979,343.675632
7980,343.574023
7981,343.447716
7982,343.292367
7983,343.101713
7984,342.865351
7985,342.663263
7986,342.491245
7987,342.344415
7988,342.218335
7989,342.109244
7990,342.014026
7991,341.930124
7992,341.855437
7993,341.78824
7994,341.72711
7995,341.67087
7996,341.618543
7997,341.569319
7998,341.522538
7999,341.47769
8000,341.797451
8001,341.849318
8002,341.906346
8003,341.969558
8004,342.040287
8005,342.120214
8006,342.211426
8007,342.316486
8008,342.438469
8009,342.580822
8010,342.746632
8011,342.917819
8012,343.056555
8013,343.169913
8014,343.262374
8015,343.337127
8016,343.39655
8017,343.442408
8018,343.47597
8019,343.49806
8020,343.5091
8021,343.509119
8022,343.497748
8023,343.474187
8024,343.43714
8025,343.384663
8026,343.31379
8027,343.24266
8028,343.212918
8029,343.224941
8030,343.27951
8031,343.378354
8032,343.523251
8033,343.633713
8034,343.716864
8035,343.777073
8036,343.817303
8037,343.8396
8038,343.845293
8039,343.835098
8040,343.80916
8041,343.767065
8042,343.707827
8043,343.629838
8044,343.530779
8045,343.407466
8046,343.255526
8047,343.068619
8048,342.836236
8049,342.638159
8050,342.469987
8051,342.326726
8052,342.203896
8053,342.097736
8054,342.005152
8055,341.923614
8056,341.85105
8057,341.785757
8058,341.726326
8059,341.671583
8060,341.620534
8061,341.572334
8062,341.526256
8063,341.481694
8064,341.787823
8065,341.838471
8066,341.893781
8067,341.95489
8068,342.023178
8069,342.100331
8070,342.18842
8071,342.289991
8072,342.408116
8073,342.546302
8074,342.707808
8075,342.874841
8076,343.009743
8077,343.119725
8078,343.209312
8079,343.281687
8080,343.339196
8081,343.383573
8082,343.416052
8083,343.437434
8084,343.448121
8085,343.448127
8086,343.437073
8087,343.41414
8088,343.377989
8089,343.326575
8090,343.256722
8091,343.186326
8092,343.156849
8093,343.168395
8094,343.221685
8095,343.318589
8096,343.461286
8097,343.569478
8098,343.650639
8099,343.7093
8100,343.748482
8101,343.770247
8102,343.775923
8103,343.766225
8104,343.7413
8105,343.700751
8106,343.643615
8107,343.568317
8108,343.472577
8109,343.353235
8110,343.205911
8111,343.024181
8112,342.79731
8113,342.604769
8114,342.441797
8115,342.303257
8116,342.184649
8117,342.082241
8118,341.992992
8119,341.914426
8120,341.844519
8121,341.781611
8122,341.724323
8123,341.671494
8124,341.62213
8125,341.575349
8126,341.530334
8127,341.486305
8128,341.778884
8129,341.827867
8130,341.880938
8131,341.9394
8132,342.004662
8133,342.07838
8134,342.162571
8135,342.259713
8136,342.37282
8137,342.505396
8138,342.660899
8139,342.822057
8140,342.95167
8141,343.05713
8142,343.142946
8143,343.212236
8144,343.267278
8145,343.309746
8146,343.340826
8147,343.361288
8148,343.371511
8149,343.371504
8150,343.360886
8151,343.338846
8152,343.304035
8153,343.254351
8154,343.186363
8155,343.117499
8156,343.088719
8157,343.099681
8158,343.151008
8159,343.244716
8160,343.383641
8161,343.488176
8162,343.566315
8163,343.622699
8164,343.660343
8165,343.681276
8166,343.686797
8167,343.677601
8168,343.653836
8169,343.615123
8170,343.560535
8171,343.488553
8172,343.39697
8173,343.282712
8174,343.141474
8175,342.966824
8176,342.747701
8177,342.562713
8178,342.40656
8179,342.274027
8180,342.160673
8181,342.062866
8182,341.977661
8183,341.902674
8184,341.83596
8185,341.77592
8186,341.721227
8187,341.670758
8188,341.623535
8189,341.578666
8190,341.535259
8191,341.492279
8192,340.859545
8193,340.85738
8194,340.856564
8195,340.856735
8196,340.857667
8197,340.859202
8198,340.861228
8199,340.863657
8200,340.866421
8201,340.869466
8202,340.872749
8203,340.876234
8204,340.879893
8205,340.883701
8206,340.887638
8207,340.891689
8208,340.895838
8209,340.900075
8210,340.904388
8211,340.908765
8212,340.913196
8213,340.917669
8214,340.922169
8215,340.926678
8216,340.931175
8217,340.935632
8218,340.940016
8219,340.944283
8220,340.948384
8221,340.952256
8222,340.955831
8223,340.959029
8224,340.961765
8225,340.963954
8226,340.965515
8227,340.966377
8228,340.966477
8229,340.965769
8230,340.964218
8231,340.961805
8232,340.958522
8233,340.954375
8234,340.949384
8235,340.943583
8236,340.937018
8237,340.929749
8238,340.921852
8239,340.913411
8240,340.904522
8241,340.895285
8242,340.8858
8243,340.876162
8244,340.866459
8245,340.85677
8246,340.847167
8247,340.837713
8248,340.828469
8249,340.819489
8250,340.810832
8251,340.802556
8252,340.794731
8253,340.787441
8254,340.780806
8255,340.775009
8256,340.881053
8257,340.879427
8258,340.878928
8259,340.879337
8260,340.880476
8261,340.882212
8262,340.884437
8263,340.887068
8264,340.890039
8265,340.893297
8266,340.896796
8267,340.900503
8268,340.904387
8269,340.908423
8270,340.912593
8271,340.916878
8272,340.921266
8273,340.925743
8274,340.930298
8275,340.93492
8276,340.939598
8277,340.94432
8278,340.94907
8279,340.953832
8280,340.958581
8281,340.963291
8282,340.967926
8283,340.972443
8284,340.976789
8285,340.980899
8286,340.984699
8287,340.988104
8288,340.991023
8289,340.993363
8290,340.995037
8291,340.995965
8292,340.996086
8293,340.995347
8294,340.993713
8295,340.991164
8296,340.987692
8297,340.983303
8298,340.978018
8299,340.971871
8300,340.964913
8301,340.957207
8302,340.94883
8303,340.939876
8304,340.930447
8305,340.92065
8306,340.910595
8307,340.900381
8308,340.890102
8309,340.879841
8310,340.869672
8311,340.859662
8312,340.84987
8313,340.840355
8314,340.831172
8315,340.82238
8316,340.814043
8317,340.806237
8318,340.799054
8319,340.792605
8320,340.901263
8321,340.900398
8322,340.900437
8323,340.90126
8324,340.902744
8325,340.904785
8326,340.907292
8327,340.910192
8328,340.913423
8329,340.916935
8330,340.920686
8331,340.924642
8332,340.928772
8333,340.933055
8334,340.937469
8335,340.941999
8336,340.946631
8337,340.951352
8338,340.956151
8339,340.961019
8340,340.965944
8341,340.970913
8342,340.975913
8343,340.980926
8344,340.985929
8345,340.990896
8346,340.995789
8347,341.000566
8348,341.005171
8349,341.009538
8350,341.013589
8351,341.017231
8352,341.020363
8353,341.022883
8354,341.024692
8355,341.025707
8356,341.02586
8357,341.025098
8358,341.023385
8359,341.020697
8360,341.017029
8361,341.012386
8362,341.006791
8363,341.000279
8364,340.992901
8365,340.984723
8366,340.97583
8367,340.966319
8368,340.956303
8369,340.945902
8370,340.935233
8371,340.924405
8372,340.913516
8373,340.902652
8374,340.891888
8375,340.881291
8376,340.870921
8377,340.860835
8378,340.851085
8379,340.841727
8380,340.832815
8381,340.824409
8382,340.816573
8383,340.809367
8384,340.92054
8385,340.920517
8386,340.921217
8387,340.922575
8388,340.924511
8389,340.926946
8390,340.929809
8391,340.933038
8392,340.936579
8393,340.940387
8394,340.944422
8395,340.948652
8396,340.953051
8397,340.957595
8398,340.962267
8399,340.96705
8400,340.971932
8401,340.9769
8402,340.981946
8403,340.987058
8404,340.992227
8405,340.997442
8406,341.002689
8407,341.007951
8408,341.013207
8409,341.01843
8410,341.023585
8411,341.028628
8412,341.033503
8413,341.038144
8414,341.042465
8415,341.04637
8416,341.049744
8417,341.052468
8418,341.054434
8419,341.05555
8420,341.055746
8421,341.054966
8422,341.053172
8423,341.050344
8424,341.046472
8425,341.041566
8426,341.035645
8427,341.028748
8428,341.020926
8429,341.012248
8430,341.002802
8431,340.992693
8432,340.982047
8433,340.970998
8434,340.959678
8435,340.948202
8436,340.936672
8437,340.925176
8438,340.91379
8439,340.902581
8440,340.891606
8441,340.880919
8442,340.870569
8443,340.860603
8444,340.851067
8445,340.842007
8446,340.833463
8447,340.825469
8448,340.939116
8449,340.939965
8450,340.941394
8451,340.943367
8452,340.945832
8453,340.948733
8454,340.952015
8455,340.955626
8456,340.959522
8457,340.963661
8458,340.968011
8459,340.972542
8460,340.977228
8461,340.98205
8462,340.986991
8463,340.992035
8464,340.997171
8465,341.002389
8466,341.00768
8467,341.013035
8468,341.018445
8469,341.0239
8470,341.029388
8471,341.034894
8472,341.040398
8473,341.045873
8474,341.051287
8475,341.056597
8476,341.061747
8477,341.066668
8478,341.071274
8479,341.075459
8480,341.079096
8481,341.082043
8482,341.084178
8483,341.085404
8484,341.085646
8485,341.084848
8486,341.082973
8487,341.079998
8488,341.075916
8489,341.070736
8490,341.064478
8491,341.05718
8492,341.048895
8493,341.039693
8494,341.029666
8495,341.018926
8496,341.007611
8497,340.99588
8498,340.983876
8499,340.971725
8500,340.959532
8501,340.947383
8502,340.935356
8503,340.923513
8504,340.911912
8505,340.9006
8506,340.889622
8507,340.879019
8508,340.868828
8509,340.859081
8510,340.849806
8511,340.841018
8512,340.957155
8513,340.958884
8514,340.96108
8515,340.963721
8516,340.966772
8517,340.970194
8518,340.973945
8519,340.977983
8520,340.982272
8521,340.986777
8522,340.991469
8523,340.996322
8524,341.001315
8525,341.006427
8526,341.011646
8527,341.016957
8528,341.022352
8529,341.027819
8530,341.033354
8531,341.038947
8532,341.044592
8533,341.050281
8534,341.056002
8535,341.061742
8536,341.067484
8537,341.073203
8538,341.078867
8539,341.084435
8540,341.089853
8541,341.09505
8542,341.09994
8543,341.10441
8544,341.108319
8545,341.111493
8546,341.113797
8547,341.11513
8548,341.115414
8549,341.114594
8550,341.11263
8551,341.109503
8552,341.105203
8553,341.099741
8554,341.093136
8555,341.085428
8556,341.076668
8557,341.06693
8558,341.056306
8559,341.044914
8560,341.032904
8561,341.020468
8562,341.007765
8563,340.994924
8564,340.982053
8565,340.96924
8566,340.956558
8567,340.944069
8568,340.931826
8569,340.919873
8570,340.90825
8571,340.896991
8572,340.886124
8573,340.875675
8574,340.865659
8575,340.856083
8576,340.974777
8577,340.977391
8578,340.980375
8579,340.983717
8580,340.987395
8581,340.99138
8582,340.99564
8583,341.000143
8584,341.004858
8585,341.009757
8586,341.014815
8587,341.02001
8588,341.025323
8589,341.030739
8590,341.036243
8591,341.041826
8592,341.04748
8593,341.053196
8594,341.05897
8595,341.064795
8596,341.070667
8597,341.076578
8598,341.08252
8599,341.088481
8600,341.094446
8601,341.100392
8602,341.10629
8603,341.1121
8604,341.117767
8605,341.123224
8606,341.128378
8607,341.133112
8608,341.137271
8609,341.140652
8610,341.143109
8611,341.144534
8612,341.144847
8613,341.143992
8614,341.141931
8615,341.138641
8616,341.134116
8617,341.128365
8618,341.121409
8619,341.113286
8620,341.104049
8621,341.093773
8622,341.082552
8623,341.070511
8624,341.057811
8625,341.044674
8626,341.031273
8627,341.017742
8628,341.004192
8629,340.99071
8630,340.97737
8631,340.964229
8632,340.951337
8633,340.938735
8634,340.926457
8635,340.914532
8636,340.902981
8637,340.891823
8638,340.881067
8639,340.870715
8640,340.992083
8641,340.995578
8642,340.999363
8643,341.003431
8644,341.007765
8645,341.012345
8646,341.017146
8647,341.022143
8648,341.027311
8649,341.032628
8650,341.038072
8651,341.043625
8652,341.049272
8653,341.054999
8654,341.060795
8655,341.066652
8656,341.072564
8657,341.078526
8658,341.084532
8659,341.090581
8660,341.096667
8661,341.102787
8662,341.108934
8663,341.115099
8664,341.121267
8665,341.127418
8666,341.133526
8667,341.13955
8668,341.145439
8669,341.151122
8670,341.156505
8671,341.161463
8672,341.165828
8673,341.169379
8674,341.171956
8675,341.173447
8676,341.173767
8677,341.172859
8678,341.170684
8679,341.167221
8680,341.162463
8681,341.156418
8682,341.14911
8683,341.140574
8684,341.130867
8685,341.120063
8686,341.10826
8687,341.09559
8688,341.082228
8689,341.068413
8690,341.05433
8691,341.040123
8692,341.025904
8693,341.011762
8694,340.997767
8695,340.983977
8696,340.970437
8697,340.957185
8698,340.944249
8699,340.931655
8700,340.919419
8701,340.907554
8702,340.896065
8703,340.884951
8704,341.00915
8705,341.013526
8706,341.018121
8707,341.022931
8708,341.027942
8709,341.033141
8710,341.038507
8711,341.044022
8712,341.049666
8713,341.055419
8714,341.061266
8715,341.067191
8716,341.073181
8717,341.079226
8718,341.085318
8719,341.091449
8720,341.097617
8721,341.103817
8722,341.110048
8723,341.116308
8724,341.122595
8725,341.128907
8726,341.135239
8727,341.141584
8728,341.14793
8729,341.154259
8730,341.160545
8731,341.16675
8732,341.172822
8733,341.178689
8734,341.184254
8735,341.189384
8736,341.193903
8737,341.197574
8738,341.200231
8739,341.201751
8740,341.202049
8741,341.201065
8742,341.198759
8743,341.195109
8744,341.19011
8745,341.183769
8746,341.176109
8747,341.167168
8748,341.157003
8749,341.145689
8750,341.13333
8751,341.120063
8752,341.106073
8753,341.091612
8754,341.076878
8755,341.062019
8756,341.047151
8757,341.032364
8758,341.017729
8759,341.003299
8760,340.989119
8761,340.975221
8762,340.961632
8763,340.948373
8764,340.935456
8765,340.922891
8766,340.910679
8767,340.898817
8768,341.02605
8769,341.031305
8770,341.036715
8771,341.042278
8772,341.047983
8773,341.053818
8774,341.05977
8775,341.065822
8776,341.071958
8777,341.078165
8778,341.084427
8779,341.090734
8780,341.097075
8781,341.103442
8782,341.10983
8783,341.116234
8784,341.122652
8785,341.129083
8786,341.135527
8787,341.141985
8788,341.148455
8789,341.154939
8790,341.161433
8791,341.167931
8792,341.174425
8793,341.180898
8794,341.187324
8795,341.193669
8796,341.199878
8797,341.205879
8798,341.211572
8799,341.216819
8800,341.221433
8801,341.225172
8802,341.227859
8803,341.229368
8804,341.229609
8805,341.228521
8806,341.226062
8807,341.222211
8808,341.216962
8809,341.210322
8810,341.202316
8811,341.192981
8812,341.182375
8813,341.170576
8814,341.157691
8815,341.143864
8816,341.129286
8817,341.11422
8818,341.09887
8819,341.083391
8820,341.067902
8821,341.052495
8822,341.037238
8823,341.022185
8824,341.007377
8825,340.992845
8826,340.978613
8827,340.964698
8828,340.951109
8829,340.937854
8830,340.924933
8831,340.912339
8832,341.042841
8833,341.048975
8834,341.055206
8835,341.06153
8836,341.067941
8837,341.074429
8838,341.08098
8839,341.087584
8840,341.094227
8841,341.100898
8842,341.107586
8843,341.114282
8844,341.120978
8845,341.12767
8846,341.134353
8847,341.141025
8848,341.147687
8849,341.154339
8850,341.160982
8851,341.16762
8852,341.174254
8853,341.180886
8854,341.187515
8855,341.194138
8856,341.200745
8857,341.207324
8858,341.213849
8859,341.220286
8860,341.226582
8861,341.232663
8862,341.238425
8863,341.243727
8864,341.248377
8865,341.252125
8866,341.254791
8867,341.256244
8868,341.25639
8869,341.255167
8870,341.252532
8871,341.248465
8872,341.242957
8873,341.236018
8874,341.227671
8875,341.217955
8876,341.206929
8877,341.194674
8878,341.181298
8879,341.16695
8880,341.151828
8881,341.136199
8882,341.120274
8883,341.104213
8884,341.088136
8885,341.072136
8886,341.056283
8887,341.040628
8888,341.025211
8889,341.010062
8890,340.9952
8891,340.980641
8892,340.966394
8893,340.952462
8894,340.938845
8895,340.925536
8896,341.059579
8897,341.066592
8898,341.073648
8899,341.080743
8900,341.08787
8901,341.09502
8902,341.102184
8903,341.109351
8904,341.116512
8905,341.123656
8906,341.130777
8907,341.137867
8908,341.144921
8909,341.151937
8910,341.158911
8911,341.165846
8912,341.172742
8913,341.179601
8914,341.186429
8915,341.193229
8916,341.200004
8917,341.206759
8918,341.213494
8919,341.220206
8920,341.226891
8921,341.233534
8922,341.240112
8923,341.246591
8924,341.252919
8925,341.259021
8926,341.264791
8927,341.270085
8928,341.274709
8929,341.278409
8930,341.280999
8931,341.282347
8932,341.282358
8933,341.280967
8934,341.278132
8935,341.273831
8936,341.268056
8937,341.260817
8938,341.252137
8939,341.242056
8940,341.230634
8941,341.217952
8942,341.204122
8943,341.189295
8944,341.173671
8945,341.157525
8946,341.14107
8947,341.124466
8948,341.107839
8949,341.091281
8950,341.07486
8951,341.058629
8952,341.042625
8953,341.026877
8954,341.011403
8955,340.996217
8956,340.981326
8957,340.966733
8958,340.952435
8959,340.938427
8960,341.076313
8961,341.084207
8962,341.092093
8963,341.099966
8964,341.107817
8965,341.11564
8966,341.123425
8967,341.131165
8968,341.138852
8969,341.146477
8970,341.154035
8971,341.161522
8972,341.168934
8973,341.176271
8974,341.183532
8975,341.19072
8976,341.197839
8977,341.204893
8978,341.211887
8979,341.218828
8980,341.22572
8981,341.23257
8982,341.239379
8983,341.246146
8984,341.252867
8985,341.25953
8986,341.266113
8987,341.272582
8988,341.278885
8989,341.284947
8990,341.290662
8991,341.295885
8992,341.300419
8993,341.304009
8994,341.306469
8995,341.307663
8996,341.307497
8997,341.305905
8998,341.302843
8999,341.298291
9000,341.29224
9001,341.284701
9002,341.275696
9003,341.265267
9004,341.253472
9005,341.240395
9006,341.226149
9007,341.210885
9008,341.194806
9009,341.178189
9010,341.161248
9011,341.144146
9012,341.127008
9013,341.109927
9014,341.092972
9015,341.076192
9016,341.059627
9017,341.043302
9018,341.027236
9019,341.011441
9020,340.995922
9021,340.980683
9022,340.96572
9023,340.951029
9024,341.093089
9025,341.101869
9026,341.110591
9027,341.119247
9028,341.127831
9029,341.136334
9030,341.14475
9031,341.15307
9032,341.161288
9033,341.169399
9034,341.177398
9035,341.185282
9036,341.19305
9037,341.200704
9038,341.208244
9039,341.215676
9040,341.223005
9041,341.230237
9042,341.237378
9043,341.244438
9044,341.251422
9045,341.258336
9046,341.265186
9047,341.271971
9048,341.278687
9049,341.285324
9050,341.291862
9051,341.298265
9052,341.304484
9053,341.310445
9054,341.316041
9055,341.321127
9056,341.325509
9057,341.328929
9058,341.331202
9059,341.332193
9060,341.331806
9061,341.329977
9062,341.326663
9063,341.321842
9064,341.315507
9065,341.307667
9066,341.298347
9067,341.287585
9068,341.275443
9069,341.262003
9070,341.247379
9071,341.231721
9072,341.215234
9073,341.198193
9074,341.180812
9075,341.163257
9076,341.145649
9077,341.128083
9078,341.110626
9079,341.09333
9080,341.07623
9081,341.059352
9082,341.042714
9083,341.026329
9084,341.010201
9085,340.994332
9086,340.97872
9087,340.96336
9088,341.109951
9089,341.119623
9090,341.129187
9091,341.138634
9092,341.147958
9093,341.157149
9094,341.166201
9095,341.175107
9096,341.183862
9097,341.192461
9098,341.200901
9099,341.209182
9100,341.217303
9101,341.225268
9102,341.233079
9103,341.240744
9104,341.248268
9105,341.25566
9106,341.262929
9107,341.270083
9108,341.277132
9109,341.284081
9110,341.290937
9111,341.297701
9112,341.304371
9113,341.310935
9114,341.317375
9115,341.323658
9116,341.329734
9117,341.335531
9118,341.340943
9119,341.345828
9120,341.349992
9121,341.353181
9122,341.35521
9123,341.355947
9124,341.355297
9125,341.353197
9126,341.349603
9127,341.344495
9128,341.337867
9129,341.329727
9130,341.320099
9131,341.309023
9132,341.296559
9133,341.282789
9134,341.267825
9135,341.251816
9136,341.234967
9137,341.217549
9138,341.199777
9139,341.181812
9140,341.163777
9141,341.145765
9142,341.127842
9143,341.110058
9144,341.092451
9145,341.075044
9146,341.057857
9147,341.040901
9148,341.02418
9149,341.007699
9150,340.991453
9151,340.97544
9152,341.126941
9153,341.137512
9154,341.147925
9155,341.158171
9156,341.168242
9157,341.178128
9158,341.187823
9159,341.19732
9160,341.206615
9161,341.215704
9162,341.224586
9163,341.23326
9164,341.241729
9165,341.249997
9166,341.25807
9167,341.265954
9168,341.273659
9169,341.281193
9170,341.288568
9171,341.295793
9172,341.302877
9173,341.309831
9174,341.316659
9175,341.323363
9176,341.329943
9177,341.336388
9178,341.34268
9179,341.348787
9180,341.354661
9181,341.360231
9182,341.365395
9183,341.370013
9184,341.373895
9185,341.376791
9186,341.37852
9187,341.378953
9188,341.377997
9189,341.375589
9190,341.37169
9191,341.366277
9192,341.359346
9193,341.350906
9194,341.340979
9195,341.329606
9196,341.316845
9197,341.302777
9198,341.287511
9199,341.271196
9200,341.25403
9201,341.236283
9202,341.218166
9203,341.199837
9204,341.181416
9205,341.162996
9206,341.144641
9207,341.126401
9208,341.108313
9209,341.090403
9210,341.072688
9211,341.055179
9212,341.037884
9213,341.020805
9214,341.003941
9215,340.987288
9216,341.144098
9217,341.155577
9218,341.166849
9219,341.177902
9220,341.188727
9221,341.199315
9222,341.209659
9223,341.219751
9224,341.229589
9225,341.239169
9226,341.24849
9227,341.257555
9228,341.266366
9229,341.274929
9230,341.283251
9231,341.291341
9232,341.29921
9233,341.306867
9234,341.314326
9235,341.321596
9236,341.32869
9237,341.335616
9238,341.342381
9239,341.348989
9240,341.355437
9241,341.361717
9242,341.367811
9243,341.373688
9244,341.379301
9245,341.384583
9246,341.389434
9247,341.39372
9248,341.397256
9249,341.399797
9250,341.40117
9251,341.401249
9252,341.399944
9253,341.397195
9254,341.392964
9255,341.387229
9256,341.379986
9257,341.371245
9258,341.361027
9259,341.349373
9260,341.336339
9261,341.322004
9262,341.306475
9263,341.289896
9264,341.27246
9265,341.254432
9266,341.236015
9267,341.217366
9268,341.198601
9269,341.179808
9270,341.161055
9271,341.142389
9272,341.123846
9273,341.105455
9274,341.087231
9275,341.069189
9276,341.051336
9277,341.033675
9278,341.016205
9279,340.998924
9280,341.16146
9281,341.173858
9282,341.185999
9283,341.197869
9284,341.209457
9285,341.220753
9286,341.231751
9287,341.242442
9288,341.252824
9289,341.262895
9290,341.272654
9291,341.282104
9292,341.29125
9293,341.300099
9294,341.308659
9295,341.31694
9296,341.324955
9297,341.332716
9298,341.340236
9299,341.347528
9300,341.354603
9301,341.361471
9302,341.36814
9303,341.374614
9304,341.380891
9305,341.386961
9306,341.392809
9307,341.398405
9308,341.403702
9309,341.408635
9310,341.413111
9311,341.417
9312,341.420126
9313,341.422254
9314,341.423215
9315,341.42289
9316,341.421196
9317,341.418072
9318,341.413483
9319,341.407409
9320,341.399846
9321,341.390802
9322,341.3803
9323,341.36838
9324,341.355096
9325,341.340525
9326,341.32477
9327,341.307969
9328,341.290308
9329,341.272044
9330,341.253373
9331,341.234445
9332,341.215373
9333,341.196244
9334,341.177122
9335,341.158056
9336,341.139083
9337,341.120231
9338,341.101518
9339,341.082959
9340,341.064562
9341,341.046332
9342,341.028269
9343,341.010373
9344,341.179065
9345,341.192394
9346,341.205414
9347,341.218111
9348,341.23047
9349,341.242483
9350,341.25414
9351,341.265434
9352,341.276363
9353,341.286923
9354,341.297117
9355,341.306948
9356,341.316421
9357,341.325545
9358,341.334329
9359,341.342787
9360,341.350932
9361,341.358776
9362,341.366336
9363,341.373623
9364,341.380653
9365,341.387434
9366,341.393976
9367,341.400281
9368,341.406348
9369,341.412169
9370,341.417727
9371,341.422992
9372,341.42792
9373,341.432449
9374,341.43649
9375,341.43992
9376,341.442574
9377,341.444229
9378,341.444725
9379,341.443952
9380,341.441828
9381,341.438299
9382,341.433329
9383,341.426899
9384,341.419005
9385,341.409657
9386,341.398877
9387,341.386703
9388,341.373189
9389,341.35841
9390,341.342463
9391,341.32548
9392,341.307639
9393,341.289183
9394,341.270299
9395,341.251131
9396,341.231786
9397,341.21235
9398,341.192886
9399,341.173444
9400,341.154062
9401,341.134767
9402,341.115581
9403,341.096519
9404,341.077591
9405,341.058804
9406,341.040159
9407,341.021656
9408,341.196946
9409,341.211221
9410,341.225133
9411,341.238667
9412,341.251808
9413,341.264544
9414,341.276866
9415,341.288767
9416,341.300243
9417,341.311293
9418,341.321918
9419,341.332123
9420,341.341915
9421,341.351303
9422,341.3603
9423,341.368919
9424,341.377174
9425,341.385082
9426,341.392659
9427,341.39992
9428,341.406878
9429,341.413545
9430,341.419929
9431,341.426034
9432,341.431858
9433,341.437393
9434,341.442621
9435,341.447512
9436,341.452025
9437,341.456099
9438,341.459649
9439,341.462563
9440,341.464686
9441,341.465812
9442,341.465796
9443,341.464531
9444,341.461943
9445,341.45798
9446,341.452606
9447,341.445805
9448,341.437572
9449,341.427916
9450,341.416861
9451,341.404444
9452,341.390717
9453,341.375752
9454,341.359644
9455,341.342516
9456,341.324534
9457,341.305926
9458,341.286866
9459,341.26749
9460,341.247902
9461,341.228184
9462,341.2084
9463,341.1886
9464,341.168824
9465,341.149102
9466,341.129455
9467,341.109902
9468,341.090453
9469,341.071118
9470,341.0519
9471,341.032799
9472,341.215135
9473,341.230371
9474,341.24519
9475,341.259574
9476,341.273507
9477,341.286975
9478,341.299968
9479,341.312479
9480,341.324505
9481,341.336043
9482,341.347095
9483,341.357669
9484,341.36777
9485,341.377412
9486,341.386606
9487,341.39537
9488,341.403719
9489,341.411671
9490,341.419244
9491,341.426455
9492,341.433317
9493,341.439845
9494,341.446045
9495,341.451922
9496,341.457473
9497,341.46269
9498,341.467554
9499,341.472037
9500,341.476095
9501,341.479671
9502,341.482684
9503,341.48503
9504,341.48657
9505,341.48712
9506,341.486548
9507,341.484757
9508,341.481676
9509,341.477255
9510,341.471459
9511,341.464272
9512,341.45569
9513,341.445723
9514,341.434393
9515,341.421737
9516,341.407808
9517,341.392674
9518,341.376428
9519,341.359184
9520,341.341096
9521,341.322369
9522,341.303161
9523,341.283601
9524,341.26379
9525,341.243807
9526,341.223718
9527,341.203575
9528,341.183416
9529,341.163276
9530,341.143178
9531,341.123141
9532,341.10318
9533,341.083304
9534,341.063519
9535,341.043828
9536,341.233663
9537,341.249877
9538,341.265618
9539,341.280865
9540,341.2956
9541,341.309809
9542,341.32348
9543,341.336606
9544,341.349182
9545,341.361207
9546,341.372684
9547,341.383619
9548,341.394022
9549,341.403905
9550,341.413283
9551,341.422176
9552,341.4306
9553,341.438577
9554,341.446126
9555,341.453265
9556,341.46001
9557,341.466375
9558,341.472368
9559,341.477993
9560,341.483247
9561,341.488121
9562,341.492596
9563,341.496642
9564,341.500218
9565,341.503265
9566,341.505708
9567,341.507448
9568,341.508363
9569,341.508301
9570,341.507144
9571,341.504802
9572,341.501206
9573,341.496308
9574,341.490075
9575,341.48249
9576,341.47355
9577,341.463265
9578,341.451657
9579,341.438762
9580,341.424633
9581,341.409338
9582,341.392964
9583,341.375622
9584,341.357452
9585,341.338623
9586,341.319283
9587,341.299552
9588,341.279527
9589,341.259289
9590,341.238902
9591,341.21842
9592,341.197886
9593,341.177333
9594,341.156788
9595,341.136273
9596,341.115804
9597,341.095392
9598,341.075045
9599,341.054767
9600,341.252554
9601,341.269765
9602,341.286444
9603,341.302567
9604,341.318117
9605,341.333076
9606,341.347433
9607,341.361178
9608,341.374307
9609,341.386818
9610,341.398716
9611,341.410007
9612,341.420701
9613,341.430814
9614,341.440363
9615,341.449368
9616,341.457851
9617,341.465834
9618,341.473339
9619,341.480386
9620,341.486994
9621,341.493177
9622,341.498943
9623,341.504297
9624,341.509235
9625,341.513748
9626,341.517816
9627,341.521409
9628,341.524484
9629,341.526987
9630,341.528844
9631,341.529965
9632,341.530243
9633,341.529556
9634,341.527802
9635,341.524895
9636,341.520771
9637,341.515385
9638,341.508703
9639,341.500711
9640,341.491403
9641,341.480791
9642,341.468898
9643,341.455758
9644,341.441424
9645,341.425961
9646,341.409455
9647,341.392009
9648,341.373748
9649,341.354815
9650,341.335339
9651,341.315434
9652,341.295194
9653,341.274698
9654,341.254013
9655,341.233193
9656,341.212282
9657,341.191316
9658,341.170325
9659,341.149333
9660,341.128357
9661,341.107412
9662,341.086505
9663,341.065644
9664,341.27183
9665,341.290056
9666,341.30769
9667,341.324706
9668,341.341083
9669,341.356803
9670,341.371852
9671,341.386222
9672,341.399906
9673,341.412904
9674,341.425219
9675,341.436859
9676,341.447837
9677,341.458169
9678,341.467874
9679,341.476976
9680,341.485499
9681,341.49347
9682,341.500913
9683,341.507851
9684,341.514304
9685,341.520288
9686,341.525812
9687,341.530881
9688,341.535491
9689,341.539631
9690,341.543283
9691,341.546414
9692,341.548985
9693,341.550941
9694,341.552214
9695,341.552724
9696,341.552376
9697,341.551071
9698,341.548721
9699,341.545248
9700,341.540593
9701,341.534713
9702,341.527576
9703,341.519167
9704,341.509484
9705,341.498535
9706,341.486344
9707,341.472947
9708,341.458392
9709,341.442745
9710,341.426086
9711,341.408511
9712,341.390131
9713,341.371067
9714,341.351435
9715,341.331339
9716,341.31087
9717,341.290106
9718,341.269113
9719,341.247946
9720,341.226652
9721,341.205269
9722,341.183829
9723,341.162356
9724,341.140872
9725,341.119392
9726,341.097926
9727,341.076483
9728,341.291503
9729,341.310766
9730,341.329372
9731,341.347296
9732,341.364514
9733,341.381006
9734,341.396757
9735,341.411757
9736,341.425999
9737,341.439484
9738,341.452214
9739,341.464199
9740,341.475452
9741,341.485991
9742,341.495839
9743,341.505022
9744,341.51357
9745,341.521512
9746,341.528875
9747,341.535688
9748,341.541971
9749,341.547743
9750,341.553013
9751,341.557788
9752,341.562063
9753,341.565827
9754,341.56906
9755,341.571733
9756,341.573804
9757,341.575223
9758,341.575927
9759,341.575844
9760,341.574892
9761,341.572988
9762,341.570055
9763,341.566024
9764,341.560843
9765,341.554468
9766,341.546873
9767,341.538042
9768,341.527973
9769,341.516676
9770,341.504173
9771,341.490499
9772,341.475703
9773,341.459845
9774,341.443002
9775,341.425261
9776,341.406722
9777,341.38749
9778,341.367668
9779,341.347354
9780,341.326632
9781,341.30558
9782,341.284262
9783,341.262734
9784,341.241045
9785,341.219235
9786,341.197336
9787,341.175377
9788,341.15338
9789,341.131361
9790,341.109334
9791,341.087308
9792,341.31158
9793,341.331899
9794,341.351497
9795,341.370345
9796,341.388417
9797,341.405692
9798,341.422154
9799,341.437791
9800,341.452598
9801,341.466571
9802,341.479715
9803,341.49204
9804,341.50356
9805,341.514296
9806,341.524274
9807,341.533524
9808,341.54208
9809,341.549976
9810,341.557246
9811,341.563919
9812,341.57002
9813,341.575571
9814,341.580581
9815,341.585058
9816,341.588997
9817,341.592387
9818,341.595208
9819,341.597431
9820,341.599016
9821,341.599917
9822,341.600075
9823,341.599425
9824,341.597896
9825,341.595418
9826,341.591922
9827,341.587349
9828,341.581649
9829,341.574785
9830,341.566731
9831,341.557474
9832,341.54701
9833,341.535351
9834,341.522519
9835,341.508546
9836,341.493481
9837,341.47738
9838,341.460314
9839,341.442365
9840,341.423621
9841,341.404176
9842,341.384125
9843,341.363556
9844,341.34255
9845,341.321182
9846,341.299515
9847,341.277606
9848,341.255504
9849,341.233252
9850,341.210883
9851,341.188427
9852,341.165908
9853,341.143346
9854,341.120754
9855,341.098143
9856,341.332054
9857,341.353449
9858,341.374056
9859,341.393845
9860,341.412785
9861,341.430856
9862,341.44804
9863,341.464323
9864,341.479698
9865,341.494163
9866,341.507722
9867,341.520384
9868,341.532166
9869,341.54309
9870,341.553187
9871,341.56249
9872,341.57104
9873,341.578876
9874,341.586037
9875,341.592559
9876,341.598471
9877,341.603794
9878,341.608543
9879,341.612722
9880,341.61633
9881,341.619355
9882,341.621776
9883,341.623565
9884,341.624685
9885,341.625092
9886,341.624731
9887,341.623545
9888,341.621471
9889,341.618447
9890,341.614412
9891,341.609316
9892,341.603112
9893,341.595766
9894,341.587256
9895,341.577568
9896,341.566702
9897,341.554667
9898,341.541485
9899,341.527188
9900,341.511822
9901,341.495441
9902,341.478111
9903,341.459907
9904,341.44091
9905,341.421205
9906,341.400879
9907,341.380013
9908,341.358686
9909,341.336968
9910,341.314922
9911,341.292607
9912,341.270071
9913,341.247357
9914,341.224501
9915,341.201536
9916,341.178486
9917,341.155372
9918,341.132209
9919,341.109009
9920,341.352903
9921,341.375393
9922,341.397028
9923,341.417772
9924,341.437597
9925,341.456476
9926,341.474392
9927,341.491331
9928,341.507283
9929,341.522245
9930,341.536221
9931,341.549221
9932,341.561261
9933,341.572367
9934,341.582572
9935,341.591916
9936,341.600446
9937,341.608209
9938,341.615252
9939,341.621615
9940,341.627333
9941,341.632428
9942,341.636918
9943,341.640807
9944,341.644094
9945,341.646767
9946,341.648806
9947,341.650183
9948,341.650864
9949,341.650805
9950,341.649957
9951,341.648268
9952,341.645682
9953,341.642142
9954,341.637597
9955,341.631998
9956,341.625306
9957,341.617489
9958,341.608526
9959,341.598405
9960,341.587127
9961,341.574701
9962,341.561149
9963,341.546501
9964,341.530802
9965,341.514102
9966,341.496464
9967,341.477956
9968,341.458656
9969,341.43864
9970,341.41799
9971,341.396782
9972,341.375091
9973,341.352986
9974,341.330529
9975,341.307777
9976,341.28478
9977,341.261582
9978,341.238221
9979,341.21473
9980,341.191135
9981,341.167459
9982,341.143718
9983,341.119925
9984,341.374088
9985,341.397691
9986,341.420368
9987,341.442084
9988,341.462805
9989,341.482506
9990,341.501168
9991,341.518773
9992,341.535312
9993,341.55078
9994,341.56518
9995,341.57852
9996,341.590819
9997,341.602103
9998,341.61241
9999,341.621786
10000,341.630286
10001,341.637966
10002,341.644883
10003,341.651084
10004,341.656607
10005,341.661479
10006,341.665717
10007,341.669329
10008,341.672311
10009,341.674651
10010,341.676331
10011,341.677323
10012,341.677593
10013,341.677101
10014,341.675801
10015,341.673644
10016,341.67058
10017,341.666557
10018,341.661529
10019,341.655451
10020,341.648288
10021,341.640011
10022,341.6306
10023,341.620045
10024,341.608347
10025,341.595515
10026,341.581571
10027,341.566544
10028,341.550476
10029,341.533417
10030,341.515425
10031,341.496566
10032,341.476911
10033,341.456533
10034,341.435509
10035,341.413911
10036,341.391812
10037,341.369278
10038,341.346372
10039,341.32315
10040,341.299663
10041,341.275956
10042,341.252068
10043,341.228032
10044,341.203878
10045,341.179627
10046,341.155298
10047,341.130905
10048,341.395542
10049,341.420272
10050,341.444006
10051,341.466705
10052,341.488337
10053,341.508874
10054,341.528293
10055,341.546579
10056,341.563718
10057,341.579704
10058,341.594538
10059,341.608228
10060,341.620791
10061,341.632256
10062,341.642663
10063,341.652065
10064,341.660527
10065,341.668119
10066,341.674908
10067,341.680949
10068,341.686284
10069,341.690944
10070,341.694946
10071,341.698297
10072,341.700995
10073,341.703028
10074,341.704376
10075,341.705013
10076,341.704906
10077,341.704016
10078,341.702299
10079,341.699711
10080,341.696204
10081,341.691732
10082,341.686249
10083,341.679717
10084,341.672102
10085,341.663377
10086,341.653524
10087,341.642534
10088,341.630408
10089,341.617155
10090,341.602796
10091,341.587361
10092,341.57089
10093,341.553431
10094,341.53504
10095,341.51578
10096,341.495718
10097,341.474926
10098,341.453475
10099,341.431438
10100,341.408883
10101,341.385877
10102,341.362482
10103,341.338754
10104,341.314745
10105,341.290501
10106,341.266061
10107,341.241461
10108,341.216729
10109,341.19189
10110,341.166964
10111,341.141963
10112,341.417168
10113,341.443035
10114,341.467835
10115,341.491529
10116,341.514083
10117,341.535468
10118,341.555661
10119,341.574642
10120,341.592398
10121,341.608919
10122,341.624204
10123,341.638258
10124,341.651099
10125,341.662754
10126,341.673267
10127,341.682696
10128,341.69112
10129,341.698625
10130,341.705291
10131,341.711182
10132,341.716344
10133,341.72081
10134,341.724597
10135,341.727712
10136,341.730154
10137,341.731908
10138,341.732957
10139,341.733273
10140,341.732825
10141,341.731574
10142,341.729479
10143,341.726498
10144,341.722584
10145,341.717696
10146,341.711789
10147,341.704829
10148,341.696781
10149,341.687621
10150,341.677333
10151,341.665907
10152,341.653344
10153,341.639655
10154,341.62486
10155,341.608988
10156,341.592078
10157,341.574178
10158,341.555342
10159,341.535631
10160,341.515111
10161,341.493851
10162,341.471921
10163,341.449393
10164,341.426334
10165,341.40281
10166,341.378883
10167,341.354611
10168,341.330046
10169,341.305234
10170,341.280216
10171,341.255029
10172,341.229702
10173,341.20426
10174,341.178724
10175,341.153109
10176,341.438829
10177,341.465835
10178,341.491706
10179,341.516402
10180,341.539888
10181,341.562135
10182,341.583116
10183,341.602812
10184,341.621204
10185,341.638283
10186,341.654042
10187,341.668485
10188,341.681626
10189,341.693492
10190,341.704128
10191,341.713597
10192,341.72199
10193,341.72942
10194,341.735981
10195,341.741743
10196,341.746757
10197,341.751056
10198,341.754657
10199,341.757568
10200,341.759785
10201,341.761297
10202,341.762082
10203,341.762115
10204,341.761364
10205,341.759792
10206,341.757359
10207,341.754023
10208,341.749741
10209,341.744471
10210,341.738172
10211,341.730808
10212,341.722349
10213,341.712769
10214,341.702052
10215,341.69019
10216,341.677183
10217,341.663043
10218,341.647789
10219,341.631451
10220,341.614067
10221,341.595684
10222,341.576356
10223,341.556144
10224,341.535113
10225,341.513331
10226,341.49087
10227,341.467797
10228,341.444184
10229,341.420095
10230,341.395593
10231,341.370737
10232,341.345579
10233,341.320167
10234,341.294543
10235,341.268745
10236,341.242803
10237,341.216744
10238,341.190586
10239,341.164347
10240,341.460334
10241,341.488473
10242,341.515414
10243,341.541115
10244,341.565541
10245,341.588661
10246,341.610449
10247,341.63088
10248,341.649935
10249,341.667599
10250,341.683863
10251,341.698728
10252,341.712204
10253,341.724316
10254,341.735109
10255,341.74465
10256,341.753038
10257,341.760424
10258,341.766914
10259,341.772583
10260,341.777485
10261,341.781653
10262,341.785106
10263,341.787851
10264,341.789882
10265,341.791189
10266,341.791751
10267,341.791541
10268,341.790529
10269,341.788678
10270,341.785948
10271,341.782299
10272,341.777687
10273,341.772072
10274,341.765412
10275,341.757673
10276,341.748822
10277,341.738837
10278,341.7277
10279,341.715402
10280,341.701945
10281,341.687339
10282,341.671605
10283,341.65477
10284,341.636876
10285,341.617968
10286,341.598102
10287,341.577338
10288,341.555743
10289,341.533385
10290,341.510336
10291,341.486667
10292,341.462447
10293,341.437744
10294,341.412621
10295,341.387139
10296,341.361351
10297,341.335306
10298,341.309048
10299,341.282614
10300,341.256037
10301,341.229342
10302,341.202551
10303,341.175679
10304,341.481428
10305,341.510686
10306,341.538689
10307,341.565393
10308,341.590765
10309,341.614771
10310,341.637383
10311,341.658574
10312,341.678321
10313,341.696605
10314,341.713414
10315,341.728745
10316,341.742603
10317,341.755013
10318,341.766018
10319,341.77569
10320,341.784141
10321,341.791543
10322,341.798016
10323,341.803644
10324,341.808483
10325,341.812568
10326,341.815918
10327,341.81854
10328,341.82043
10329,341.821576
10330,341.821957
10331,341.821549
10332,341.820319
10333,341.818233
10334,341.81525
10335,341.811329
10336,341.806428
10337,341.800504
10338,341.793518
10339,341.785431
10340,341.776213
10341,341.765839
10342,341.754291
10343,341.741559
10344,341.727645
10345,341.712559
10346,341.696321
10347,341.678961
10348,341.66052
10349,341.641045
10350,341.620592
10351,341.599225
10352,341.577012
10353,341.554022
10354,341.53033
10355,341.506008
10356,341.481129
10357,341.455761
10358,341.429971
10359,341.403819
10360,341.377362
10361,341.35065
10362,341.323728
10363,341.296633
10364,341.2694
10365,341.242053
10366,341.214616
10367,341.187103
10368,341.501925
10369,341.532278
10370,341.561327
10371,341.589031
10372,341.615351
10373,341.640255
10374,341.663711
10375,341.685689
10376,341.706163
10377,341.725109
10378,341.742511
10379,341.75836
10380,341.77266
10381,341.785433
10382,341.796721
10383,341.806601
10384,341.815195
10385,341.82269
10386,341.829218
10387,341.83487
10388,341.839705
10389,341.843762
10390,341.847061
10391,341.849611
10392,341.851407
10393,341.852439
10394,341.852687
10395,341.852126
10396,341.850725
10397,341.848449
10398,341.845258
10399,341.84111
10400,341.835962
10401,341.829769
10402,341.82249
10403,341.814087
10404,341.804526
10405,341.793781
10406,341.781831
10407,341.768668
10408,341.754291
10409,341.738711
10410,341.721948
10411,341.704033
10412,341.685007
10413,341.664921
10414,341.643834
10415,341.621811
10416,341.598923
10417,341.575245
10418,341.550852
10419,341.525821
10420,341.500228
10421,341.474144
10422,341.447638
10423,341.420773
10424,341.393608
10425,341.366194
10426,341.338576
10427,341.310796
10428,341.282884
10429,341.25487
10430,341.226773
10431,341.19861
10432,341.52168
10433,341.553097
10434,341.583175
10435,341.611868
10436,341.639139
10437,341.664952
10438,341.689273
10439,341.712069
10440,341.733308
10441,341.752964
10442,341.771014
10443,341.787444
10444,341.802255
10445,341.815466
10446,341.827119
10447,341.837294
10448,341.84612
10449,341.853794
10450,341.860456
10451,341.866205
10452,341.871104
10453,341.875196
10454,341.878502
10455,341.881033
10456,341.882787
10457,341.883754
10458,341.883917
10459,341.883252
10460,341.881728
10461,341.87931
10462,341.875958
10463,341.871629
10464,341.866277
10465,341.859857
10466,341.852324
10467,341.843637
10468,341.833759
10469,341.822662
10470,341.810324
10471,341.796733
10472,341.781889
10473,341.7658
10474,341.74849
10475,341.729989
10476,341.710341
10477,341.6896
10478,341.667828
10479,341.645095
10480,341.621475
10481,341.597048
10482,341.571895
10483,341.546098
10484,341.519734
10485,341.492881
10486,341.465611
10487,341.437988
10488,341.410074
10489,341.381923
10490,341.35358
10491,341.325087
10492,341.296477
10493,341.267778
10494,341.23901
10495,341.210189
10496,341.540578
10497,341.573025
10498,341.604107
10499,341.633778
10500,341.662
10501,341.688734
10502,341.713943
10503,341.73759
10504,341.759639
10505,341.780056
10506,341.798815
10507,341.815897
10508,341.831296
10509,341.845027
10510,341.857134
10511,341.867698
10512,341.876849
10513,341.884792
10514,341.891675
10515,341.897599
10516,341.902635
10517,341.906827
10518,341.910202
10519,341.912771
10520,341.914536
10521,341.91549
10522,341.915618
10523,341.914897
10524,341.913299
10525,341.910788
10526,341.907324
10527,341.902862
10528,341.897354
10529,341.890751
10530,341.883004
10531,341.874068
10532,341.863903
10533,341.852477
10534,341.839763
10535,341.82575
10536,341.810434
10537,341.793825
10538,341.775945
10539,341.756828
10540,341.736519
10541,341.715077
10542,341.692568
10543,341.669068
10544,341.644657
10545,341.619421
10546,341.593447
10547,341.566822
10548,341.539631
10549,341.511955
10550,341.483869
10551,341.455443
10552,341.426741
10553,341.397816
10554,341.368718
10555,341.339488
10556,341.310159
10557,341.280759
10558,341.251309
10559,341.221824
10560,341.558529
10561,341.591965
10562,341.624023
10563,341.654659
10564,341.683831
10565,341.711498
10566,341.737619
10567,341.762153
10568,341.785058
10569,341.806295
10570,341.82583
10571,341.843638
10572,341.859708
10573,341.87405
10574,341.886705
10575,341.897752
10576,341.907325
10577,341.915631
10578,341.922822
10579,341.929004
10580,341.934252
10581,341.938613
10582,341.942118
10583,341.944783
10584,341.946614
10585,341.947606
10586,341.947748
10587,341.947021
10588,341.945398
10589,341.942845
10590,341.93932
10591,341.934775
10592,341.929161
10593,341.922422
10594,341.914505
10595,341.905359
10596,341.89494
10597,341.883208
10598,341.870137
10599,341.855708
10600,341.839918
10601,341.822776
10602,341.804305
10603,341.784539
10604,341.763531
10605,341.74134
10606,341.71804
10607,341.693714
10608,341.668449
10609,341.64234
10610,341.615481
10611,341.587967
10612,341.55989
10613,341.531335
10614,341.502384
10615,341.47311
10616,341.443578
10617,341.413846
10618,341.383963
10619,341.353972
10620,341.323905
10621,341.29379
10622,341.263648
10623,341.233492
10624,341.575454
10625,341.609835
10626,341.642841
10627,341.674425
10628,341.704545
10629,341.733156
10630,341.760215
10631,341.785674
10632,341.809486
10633,341.831605
10634,341.851988
10635,341.870603
10636,341.887431
10637,341.902477
10638,341.915776
10639,341.927406
10640,341.937498
10641,341.946261
10642,341.953849
10643,341.960372
10644,341.965907
10645,341.970506
10646,341.974204
10647,341.977021
10648,341.978969
10649,341.980049
10650,341.980255
10651,341.979571
10652,341.977973
10653,341.975428
10654,341.971894
10655,341.96732
10656,341.961652
10657,341.954828
10658,341.946789
10659,341.937477
10660,341.926838
10661,341.91483
10662,341.901419
10663,341.886585
10664,341.870321
10665,341.852635
10666,341.83355
10667,341.813105
10668,341.791355
10669,341.768366
10670,341.74422
10671,341.719006
10672,341.692823
10673,341.665775
10674,341.637965
10675,341.609499
10676,341.580474
10677,341.550986
10678,341.521119
10679,341.490951
10680,341.46055
10681,341.429977
10682,341.399282
10683,341.368506
10684,341.337684
10685,341.306841
10686,341.275998
10687,341.245167
10688,341.591288
10689,341.626567
10690,341.660487
10691,341.693002
10692,341.724067
10693,341.753635
10694,341.781657
10695,341.808081
10696,341.832853
10697,341.855918
10698,341.877225
10699,341.896731
10700,341.91441
10701,341.930256
10702,341.944299
10703,341.95661
10704,341.967319
10705,341.976634
10706,341.984708
10707,341.991653
10708,341.997548
10709,342.002451
10710,342.006401
10711,342.009425
10712,342.01154
10713,342.012755
10714,342.01307
10715,342.012475
10716,342.01095
10717,342.008465
10718,342.004976
10719,342.00043
10720,341.994765
10721,341.987912
10722,341.979803
10723,341.970371
10724,341.959554
10725,341.947301
10726,341.933574
10727,341.918346
10728,341.901609
10729,341.883368
10730,341.86365
10731,341.842494
10732,341.81996
10733,341.796122
10734,341.77107
10735,341.744905
10736,341.717736
10737,341.68968
10738,341.660852
10739,341.631367
10740,341.601335
10741,341.570856
10742,341.540023
10743,341.508917
10744,341.477611
10745,341.446165
10746,341.414631
10747,341.383051
10748,341.351458
10749,341.319877
10750,341.288327
10751,341.256818
10752,341.605971
10753,341.642098
10754,341.676899
10755,341.710324
10756,341.742329
10757,341.772864
10758,341.801876
10759,341.829307
10760,341.855094
10761,341.879172
10762,341.901482
10763,341.921967
10764,341.94059
10765,341.957335
10766,341.972221
10767,341.985314
10768,341.996738
10769,342.006697
10770,342.015343
10771,342.022788
10772,342.029116
10773,342.034386
10774,342.038643
10775,342.041923
10776,342.044249
10777,342.045641
10778,342.046106
10779,342.045643
10780,342.044238
10781,342.041864
10782,342.038476
10783,342.034016
10784,342.028415
10785,342.021594
10786,342.013472
10787,342.003973
10788,341.993023
10789,341.980562
10790,341.966544
10791,341.950938
10792,341.933731
10793,341.914929
10794,341.894556
10795,341.872658
10796,341.849298
10797,341.824559
10798,341.798541
10799,341.771357
10800,341.743132
10801,341.713996
10802,341.684079
10803,341.65351
10804,341.622408
10805,341.590884
10806,341.559037
10807,341.526952
10808,341.494705
10809,341.462358
10810,341.429963
10811,341.39756
10812,341.365184
10813,341.332857
10814,341.300595
10815,341.268409
10816,341.619452
10817,341.656375
10818,341.692017
10819,341.726332
10820,341.759271
10821,341.790783
10822,341.82081
10823,341.849288
10824,341.876145
10825,341.901307
10826,341.924699
10827,341.946253
10828,341.965916
10829,341.983659
10830,341.999489
10831,342.013463
10832,342.025697
10833,342.036389
10834,342.04569
10835,342.053711
10836,342.060536
10837,342.06623
10838,342.070845
10839,342.074422
10840,342.076998
10841,342.078601
10842,342.079252
10843,342.078959
10844,342.077718
10845,342.075504
10846,342.072273
10847,342.067962
10848,342.062491
10849,342.055767
10850,342.047697
10851,342.038188
10852,342.027155
10853,342.014528
10854,342.00025
10855,341.984284
10856,341.966615
10857,341.947245
10858,341.9262
10859,341.903528
10860,341.8793
10861,341.853607
10862,341.82656
10863,341.798289
10864,341.768935
10865,341.738645
10866,341.707569
10867,341.675848
10868,341.643617
10869,341.610995
10870,341.578087
10871,341.544986
10872,341.511767
10873,341.478494
10874,341.445218
10875,341.411981
10876,341.378812
10877,341.345734
10878,341.312761
10879,341.2799
10880,341.631685
10881,341.669348
10882,341.705792
10883,341.74097
10884,341.774834
10885,341.80733
10886,341.838397
10887,341.867961
10888,341.895945
10889,341.922259
10890,341.946815
10891,341.969527
10892,341.990325
10893,342.009164
10894,342.026038
10895,342.040988
10896,342.054124
10897,342.065636
10898,342.075669
10899,342.084335
10900,342.091717
10901,342.097886
10902,342.1029
10903,342.10681
10904,342.109664
10905,342.111505
10906,342.112369
10907,342.112277
10908,342.111237
10909,342.109232
10910,342.106216
10911,342.10212
10912,342.096849
10913,342.090296
10914,342.082347
10915,342.072892
10916,342.061831
10917,342.049081
10918,342.034578
10919,342.018276
10920,342.000154
10921,341.980214
10922,341.958482
10923,341.935009
10924,341.909871
10925,341.883171
10926,341.855033
10927,341.825604
10928,341.795046
10929,341.763529
10930,341.731221
10931,341.698284
10932,341.664866
10933,341.631096
10934,341.597088
10935,341.562937
10936,341.52872
10937,341.494503
10938,341.460334
10939,341.426253
10940,341.392288
10941,341.358458
10942,341.324776
10943,341.291245
10944,341.64263
10945,341.680976
10946,341.718178
10947,341.754191
10948,341.788968
10949,341.822451
10950,341.854576
10951,341.885264
10952,341.914425
10953,341.941959
10954,341.967758
10955,341.991716
10956,342.013744
10957,342.033775
10958,342.051785
10959,342.067804
10960,342.081929
10961,342.09434
10962,342.105178
10963,342.11455
10964,342.122542
10965,342.129228
10966,342.134674
10967,342.138942
10968,342.142094
10969,342.144189
10970,342.145281
10971,342.145413
10972,342.144607
10973,342.142854
10974,342.140111
10975,342.136299
10976,342.131306
10977,342.125001
10978,342.117249
10979,342.107916
10980,342.096888
10981,342.084066
10982,342.069374
10983,342.052762
10984,342.034202
10985,342.013694
10986,341.991264
10987,341.966965
10988,341.940881
10989,341.913123
10990,341.883832
10991,341.853175
10992,341.821339
10993,341.78852
10994,341.754912
10995,341.720698
10996,341.68604
10997,341.651081
10998,341.615939
10999,341.580712
11000,341.54548
11001,341.510306
11002,341.475238
11003,341.440311
11004,341.405551
11005,341.370974
11006,341.336589
11007,341.302398
11008,341.652261
11009,341.691229
11010,341.729142
11011,341.765958
11012,341.801628
11013,341.836096
11014,341.869292
11015,341.901133
11016,341.931519
11017,341.960334
11018,341.98745
11019,342.012739
11020,342.036084
11021,342.057395
11022,342.07663
11023,342.093801
11024,342.108993
11025,342.122375
11026,342.13408
11027,342.144212
11028,342.152857
11029,342.160092
11030,342.165993
11031,342.170634
11032,342.174092
11033,342.176445
11034,342.177772
11035,342.178138
11036,342.177589
11037,342.176129
11038,342.173717
11039,342.170262
11040,342.165628
11041,342.159657
11042,342.152181
11043,342.143044
11044,342.13211
11045,342.119267
11046,342.104429
11047,342.087536
11048,342.068557
11049,342.047489
11050,342.024356
11051,341.999214
11052,341.972153
11053,341.943293
11054,341.912792
11055,341.880839
11056,341.847652
11057,341.81346
11058,341.778488
11059,341.742943
11060,341.707003
11061,341.670822
11062,341.634523
11063,341.598207
11064,341.561952
11065,341.525818
11066,341.489852
11067,341.454085
11068,341.418537
11069,341.383223
11070,341.348147
11071,341.313309
11072,341.660564
11073,341.700091
11074,341.738665
11075,341.776245
11076,341.812784
11077,341.848225
11078,341.882497
11079,341.91551
11080,341.947156
11081,341.977304
11082,342.005804
11083,342.032498
11084,342.057236
11085,342.079904
11086,342.100437
11087,342.118833
11088,342.135158
11089,342.149572
11090,342.162195
11091,342.173128
11092,342.182458
11093,342.190266
11094,342.196636
11095,342.201655
11096,342.205416
11097,342.20802
11098,342.209572
11099,342.210171
11100,342.209893
11101,342.20876
11102,342.206735
11103,342.203711
11104,342.199525
11105,342.193974
11106,342.186857
11107,342.177988
11108,342.167212
11109,342.154401
11110,342.139459
11111,342.12232
11112,342.102947
11113,342.081332
11114,342.0575
11115,342.031508
11116,342.003448
11117,341.973453
11118,341.941694
11119,341.908386
11120,341.873781
11121,341.838154
11122,341.801765
11123,341.764847
11124,341.727597
11125,341.690176
11126,341.652711
11127,341.615303
11128,341.578029
11129,341.540946
11130,341.504093
11131,341.467499
11132,341.43118
11133,341.395145
11134,341.359394
11135,341.323924
11136,341.667548
11137,341.707572
11138,341.746752
11139,341.785052
11140,341.822426
11141,341.858818
11142,341.894155
11143,341.928344
11144,341.96127
11145,341.992786
11146,342.02272
11147,342.050876
11148,342.077065
11149,342.101146
11150,342.123032
11151,342.142705
11152,342.160215
11153,342.175704
11154,342.189283
11155,342.201044
11156,342.211077
11157,342.219469
11158,342.226312
11159,342.231706
11160,342.23576
11161,342.238597
11162,342.240355
11163,342.241173
11164,342.241167
11165,342.240388
11166,342.238801
11167,342.236284
11168,342.232633
11169,342.227591
11170,342.220911
11171,342.212379
11172,342.201818
11173,342.18909
11174,342.174088
11175,342.156739
11176,342.137001
11177,342.114863
11178,342.090347
11179,342.063511
11180,342.03445
11181,342.003302
11182,341.970254
11183,341.935545
11184,341.899471
11185,341.86236
11186,341.82452
11187,341.78621
11188,341.747642
11189,341.708982
11190,341.670361
11191,341.631877
11192,341.593602
11193,341.55559
11194,341.517874
11195,341.480477
11196,341.443411
11197,341.406677
11198,341.370274
11199,341.334193
11200,341.673257
11201,341.713713
11202,341.753442
11203,341.792411
11204,341.830575
11205,341.86788
11206,341.904254
11207,341.939603
11208,341.973803
11209,342.006697
11210,342.038087
11211,342.067736
11212,342.095405
11213,342.120921
11214,342.144184
11215,342.16516
11216,342.183884
11217,342.200472
11218,342.215021
11219,342.22762
11220,342.23836
11221,342.247335
11222,342.254647
11223,342.260407
11224,342.264739
11225,342.26779
11226,342.269726
11227,342.270738
11228,342.271001
11229,342.270592
11230,342.269485
11231,342.267539
11232,342.264508
11233,342.260051
11234,342.253873
11235,342.245733
11236,342.235439
11237,342.222838
11238,342.207817
11239,342.190296
11240,342.170229
11241,342.147601
11242,342.122431
11243,342.094776
11244,342.064732
11245,342.032441
11246,341.998102
11247,341.961976
11248,341.924401
11249,341.88579
11250,341.846496
11251,341.806804
11252,341.766937
11253,341.727065
11254,341.687319
11255,341.647793
11256,341.608555
11257,341.56965
11258,341.531108
11259,341.492942
11260,341.45516
11261,341.417759
11262,341.38073
11263,341.344063
11264,341.67778
11265,341.718604
11266,341.758822
11267,341.7984
11268,341.837299
11269,341.875465
11270,341.912826
11271,341.949289
11272,341.984724
11273,342.018965
11274,342.051792
11275,342.08292
11276,342.112047
11277,342.138977
11278,342.163597
11279,342.185863
11280,342.205798
11281,342.223475
11282,342.23898
11283,342.252402
11284,342.263836
11285,342.273383
11286,342.281153
11287,342.287268
11288,342.291869
11289,342.295119
11290,342.297214
11291,342.298401
11292,342.298928
11293,342.298899
11294,342.298293
11295,342.296957
11296,342.294603
11297,342.290776
11298,342.285138
11299,342.277427
11300,342.267433
11301,342.254996
11302,342.239994
11303,342.222341
11304,342.201987
11305,342.178913
11306,342.153135
11307,342.124708
11308,342.093728
11309,342.060341
11310,342.024753
11311,341.987242
11312,341.948185
11313,341.908106
11314,341.867403
11315,341.82638
11316,341.785269
11317,341.744243
11318,341.703429
11319,341.662918
11320,341.62277
11321,341.583025
11322,341.543705
11323,341.504818
11324,341.466363
11325,341.428332
11326,341.390712
11327,341.353488
11328,341.681277
11329,341.722408
11330,341.763049
11331,341.803171
11332,341.842734
11333,341.881689
11334,341.919965
11335,341.957465
11336,341.994058
11337,342.029563
11338,342.063738
11339,342.096252
11340,342.126754
11341,342.155022
11342,342.180925
11343,342.204409
11344,342.225478
11345,342.244182
11346,342.260593
11347,342.274799
11348,342.286897
11349,342.296991
11350,342.305203
11351,342.311664
11352,342.316531
11353,342.319989
11354,342.322265
11355,342.323654
11356,342.324459
11357,342.324814
11358,342.324702
11359,342.323956
11360,342.322241
11361,342.319027
11362,342.313928
11363,342.306653
11364,342.296979
11365,342.284732
11366,342.269783
11367,342.25204
11368,342.231447
11369,342.207982
11370,342.181659
11371,342.15253
11372,342.120692
11373,342.086297
11374,342.049559
11375,342.010778
11376,341.970372
11377,341.928945
11378,341.88694
11379,341.844686
11380,341.802424
11381,341.760332
11382,341.718533
11383,341.677115
11384,341.636132
11385,341.595617
11386,341.555583
11387,341.516032
11388,341.476956
11389,341.438341
11390,341.40017
11391,341.362423
11392,341.683849
11393,341.725228
11394,341.766226
11395,341.806815
11396,341.846962
11397,341.886616
11398,341.92571
11399,341.964143
11400,342.001779
11401,342.038423
11402,342.073809
11403,342.107572
11404,342.13932
11405,342.168804
11406,342.195877
11407,342.220468
11408,342.242567
11409,342.262207
11410,342.279451
11411,342.29438
11412,342.307093
11413,342.317701
11414,342.32633
11415,342.333126
11416,342.338261
11417,342.341941
11418,342.344423
11419,342.346042
11420,342.34714
11421,342.347873
11422,342.34823
11423,342.348028
11424,342.346896
11425,342.344249
11426,342.339662
11427,342.332816
11428,342.323466
11429,342.311427
11430,342.296562
11431,342.278771
11432,342.257994
11433,342.234205
11434,342.207415
11435,342.177675
11436,342.145086
11437,342.109804
11438,342.072055
11439,342.032165
11440,341.990588
11441,341.94798
11442,341.904827
11443,341.86148
11444,341.818196
11445,341.775155
11446,341.732481
11447,341.690258
11448,341.648534
11449,341.607334
11450,341.566665
11451,341.52652
11452,341.486886
11453,341.447741
11454,341.409064
11455,341.370831
11456,341.685562
11457,341.727129
11458,341.768412
11459,341.809387
11460,341.850022
11461,341.890271
11462,341.930064
11463,341.969302
11464,342.007838
11465,342.045467
11466,342.0819
11467,342.116745
11468,342.149578
11469,342.180127
11470,342.208227
11471,342.233792
11472,342.256797
11473,342.277264
11474,342.295246
11475,342.310823
11476,342.32409
11477,342.335165
11478,342.344182
11479,342.351296
11480,342.356696
11481,342.360606
11482,342.363312
11483,342.365177
11484,342.36657
11485,342.367667
11486,342.36846
11487,342.36875
11488,342.368141
11489,342.36601
11490,342.361897
11491,342.355458
11492,342.346429
11493,342.334613
11494,342.31986
11495,342.302066
11496,342.281165
11497,342.257127
11498,342.229963
11499,342.199722
11500,342.166509
11501,342.130486
11502,342.091895
11503,342.051081
11504,342.008529
11505,341.964936
11506,341.920817
11507,341.876547
11508,341.832397
11509,341.788551
11510,341.745136
11511,341.702229
11512,341.659876
11513,341.618094
11514,341.576882
11515,341.536226
11516,341.496106
11517,341.456494
11518,341.417362
11519,341.378684
11520,341.686453
11521,341.728148
11522,341.76964
11523,341.81091
11524,341.851929
11525,341.892653
11526,341.933013
11527,341.972906
11528,342.012181
11529,342.05062
11530,342.087918
11531,342.123659
11532,342.157396
11533,342.188839
11534,342.217804
11535,342.244192
11536,342.267965
11537,342.289136
11538,342.307751
11539,342.323885
11540,342.337637
11541,342.349124
11542,342.358487
11543,342.365895
11544,342.371547
11545,342.375687
11546,342.378619
11547,342.380733
11548,342.382415
11549,342.383854
11550,342.385043
11551,342.385776
11552,342.385632
11553,342.383964
11554,342.380285
11555,342.374228
11556,342.365514
11557,342.35393
11558,342.33932
11559,342.321571
11560,342.300611
11561,342.27641
11562,342.248973
11563,342.218355
11564,342.184661
11565,342.148062
11566,342.108811
11567,342.067272
11568,342.023957
11569,341.979587
11570,341.934704
11571,341.889703
11572,341.844864
11573,341.800379
11574,341.756375
11575,341.712927
11576,341.670074
11577,341.627828
11578,341.586179
11579,341.545107
11580,341.504582
11581,341.464572
11582,341.425042
11583,341.385964
11584,341.686545
11585,341.728306
11586,341.769928
11587,341.811396
11588,341.852684
11589,341.893752
11590,341.934531
11591,341.974917
11592,342.014754
11593,342.053816
11594,342.091784
11595,342.128224
11596,342.162674
11597,342.194825
11598,342.22448
11599,342.251528
11600,342.275921
11601,342.297662
11602,342.316794
11603,342.333387
11604,342.347541
11605,342.359375
11606,342.369038
11607,342.376704
11608,342.382586
11609,342.386942
11610,342.390094
11611,342.392445
11612,342.394398
11613,342.396151
11614,342.397697
11615,342.398822
11616,342.399091
11617,342.397836
11618,342.394553
11619,342.388855
11620,342.380448
11621,342.369109
11622,342.354671
11623,342.337017
11624,342.31607
11625,342.291795
11626,342.264199
11627,342.233337
11628,342.199316
11629,342.162314
11630,342.122597
11631,342.080543
11632,342.036681
11633,341.991754
11634,341.946322
11635,341.900796
11636,341.855463
11637,341.810522
11638,341.766099
11639,341.722266
11640,341.679059
11641,341.63648
11642,341.594515
11643,341.553132
11644,341.512295
11645,341.471963
11646,341.432099
11647,341.392667
11648,341.685857
11649,341.72762
11650,341.769288
11651,341.81085
11652,341.852285
11653,341.893554
11654,341.934594
11655,341.9753
11656,342.015513
11657,342.055
11658,342.093434
11659,342.13037
11660,342.165331
11661,342.197996
11662,342.228158
11663,342.255694
11664,342.28055
11665,342.302722
11666,342.322246
11667,342.339193
11668,342.353659
11669,342.365768
11670,342.375672
11671,342.383554
11672,342.389634
11673,342.394182
11674,342.397533
11675,342.400101
11676,342.4023
11677,342.404333
11678,342.406194
11679,342.407663
11680,342.408297
11681,342.407411
11682,342.404487
11683,342.399126
11684,342.391022
11685,342.37994
11686,342.365709
11687,342.348204
11688,342.327344
11689,342.303093
11690,342.275456
11691,342.244489
11692,342.210302
11693,342.173081
11694,342.133097
11695,342.090741
11696,342.046554
11697,342.001296
11698,341.955539
11699,341.909703
11700,341.864084
11701,341.818883
11702,341.774226
11703,341.730182
11704,341.686779
11705,341.644015
11706,341.601864
11707,341.560288
11708,341.51924
11709,341.478673
11710,341.43854
11711,341.398804
11712,341.68441
11713,341.72611
11714,341.767736
11715,341.809282
11716,341.850731
11717,341.892052
11718,341.933185
11719,341.974027
11720,342.01442
11721,342.054129
11722,342.09282
11723,342.130041
11724,342.165306
11725,342.198286
11726,342.228765
11727,342.256614
11728,342.28177
11729,342.304226
11730,342.324013
11731,342.3412
11732,342.355883
11733,342.368188
11734,342.378269
11735,342.386315
11736,342.392552
11737,342.39726
11738,342.400779
11739,342.403535
11740,342.405947
11741,342.408223
11742,342.410357
11743,342.412126
11744,342.413078
11745,342.412521
11746,342.409926
11747,342.404883
11748,342.397078
11749,342.38627
11750,342.372281
11751,342.354981
11752,342.334288
11753,342.310161
11754,342.282606
11755,342.251679
11756,342.217494
11757,342.180239
11758,342.140191
11759,342.09775
11760,342.053465
11761,342.008106
11762,341.962253
11763,341.916332
11764,341.870645
11765,341.825392
11766,341.780698
11767,341.736627
11768,341.693202
11769,341.650411
11770,341.608221
11771,341.566581
11772,341.525435
11773,341.484724
11774,341.444396
11775,341.404407
11776,341.682238
11777,341.723808
11778,341.765299
11779,341.80671
11780,341.848034
11781,341.889246
11782,341.930294
11783,341.971081
11784,342.011452
11785,342.051172
11786,342.089905
11787,342.127196
11788,342.162555
11789,342.195647
11790,342.22625
11791,342.25423
11792,342.279521
11793,342.30211
11794,342.322026
11795,342.339336
11796,342.354136
11797,342.366552
11798,342.376739
11799,342.384891
11800,342.391237
11801,342.396063
11802,342.399715
11803,342.402623
11804,342.405212
11805,342.407691
11806,342.410055
11807,342.412078
11808,342.413306
11809,342.41304
11810,342.410744
11811,342.406004
11812,342.398499
11813,342.387983
11814,342.374274
11815,342.357239
11816,342.336793
11817,342.312895
11818,342.285549
11819,342.254811
11820,342.220798
11821,342.183697
11822,342.143793
11823,342.101485
11824,342.057332
11825,342.012105
11826,341.96639
11827,341.920617
11828,341.875087
11829,341.83
11830,341.785476
11831,341.741576
11832,341.698314
11833,341.655669
11834,341.613597
11835,341.572035
11836,341.530914
11837,341.490163
11838,341.449719
11839,341.409529
11840,341.679391
11841,341.720762
11842,341.762018
11843,341.803168
11844,341.844216
11845,341.885149
11846,341.925925
11847,341.966457
11848,342.006596
11849,342.04611
11850,342.084666
11851,342.121809
11852,342.157047
11853,342.190044
11854,342.220575
11855,342.248504
11856,342.273761
11857,342.29633
11858,342.316239
11859,342.333552
11860,342.348364
11861,342.360801
11862,342.371021
11863,342.379215
11864,342.385618
11865,342.390515
11866,342.394258
11867,342.397278
11868,342.400002
11869,342.402642
11870,342.405193
11871,342.407427
11872,342.40889
11873,342.408879
11874,342.406857
11875,342.402406
11876,342.395202
11877,342.384998
11878,342.371609
11879,342.3549
11880,342.334785
11881,342.311222
11882,342.284214
11883,342.253817
11884,342.220147
11885,342.183394
11886,342.14384
11887,342.101889
11888,342.058098
11889,342.013241
11890,341.967904
11891,341.922515
11892,341.877374
11893,341.832678
11894,341.788542
11895,341.745021
11896,341.70212
11897,341.659807
11898,341.618025
11899,341.576698
11900,341.535739
11901,341.495062
11902,341.454587
11903,341.414252
11904,341.675944
11905,341.717045
11906,341.757958
11907,341.798709
11908,341.839317
11909,341.879788
11910,341.920095
11911,341.960162
11912,341.999851
11913,342.038937
11914,342.077092
11915,342.113864
11916,342.148765
11917,342.181459
11918,342.211721
11919,342.239413
11920,342.264465
11921,342.28686
11922,342.306623
11923,342.323817
11924,342.338535
11925,342.350903
11926,342.361076
11927,342.369247
11928,342.37565
11929,342.380571
11930,342.384359
11931,342.387448
11932,342.390265
11933,342.393022
11934,342.395714
11935,342.398116
11936,342.399772
11937,342.399981
11938,342.398207
11939,342.394032
11940,342.387133
11941,342.377263
11942,342.364234
11943,342.347915
11944,342.328216
11945,342.305096
11946,342.278557
11947,342.248654
11948,342.215501
11949,342.179288
11950,342.140296
11951,342.098925
11952,342.05573
11953,342.011483
11954,341.966766
11955,341.922003
11956,341.87749
11957,341.833418
11958,341.789897
11959,341.746973
11960,341.704641
11961,341.66286
11962,341.621557
11963,341.580637
11964,341.539996
11965,341.499522
11966,341.459115
11967,341.418693
11968,341.672009
11969,341.712761
11970,341.753212
11971,341.793407
11972,341.833397
11973,341.873208
11974,341.912835
11975,341.952218
11976,341.99123
11977,342.029658
11978,342.067184
11979,342.10336
11980,342.137704
11981,342.169884
11982,342.199678
11983,342.226948
11984,342.251625
11985,342.27369
11986,342.293169
11987,342.310121
11988,342.324638
11989,342.336844
11990,342.346893
11991,342.354974
11992,342.361319
11993,342.366211
11994,342.369999
11995,342.373114
11996,342.37598
11997,342.378808
11998,342.381596
11999,342.384121
12000,342.385928
12001,342.386323
12002,342.384771
12003,342.38086
12004,342.374268
12005,342.364752
12006,342.352126
12007,342.336258
12008,342.317061
12009,342.294492
12010,342.268554
12011,342.239298
12012,342.206839
12013,342.171361
12014,342.133142
12015,342.092578
12016,342.050216
12017,342.006822
12018,341.962971
12019,341.91908
12020,341.875439
12021,341.83223
12022,341.789557
12023,341.747458
12024,341.705918
12025,341.664882
12026,341.624262
12027,341.583945
12028,341.543797
12029,341.503679
12030,341.463454
12031,341.423012
12032,341.667743
12033,341.708058
12034,341.747901
12035,341.787362
12036,341.82653
12037,341.865466
12038,341.904188
12039,341.942656
12040,341.980759
12041,342.018295
12042,342.054956
12043,342.090307
12044,342.123873
12045,342.155327
12046,342.184453
12047,342.211116
12048,342.235248
12049,342.256829
12050,342.275884
12051,342.292472
12052,342.306683
12053,342.318635
12054,342.328481
12055,342.336405
12056,342.342635
12057,342.347451
12058,342.351193
12059,342.354288
12060,342.357159
12061,342.360015
12062,342.362852
12063,342.365452
12064,342.367367
12065,342.367909
12066,342.366552
12067,342.36289
12068,342.356608
12069,342.347467
12070,342.335284
12071,342.319931
12072,342.301321
12073,342.279412
12074,342.254206
12075,342.225753
12076,342.194163
12077,342.159616
12078,342.122384
12079,342.082854
12080,342.041565
12081,341.999269
12082,341.956534
12083,341.913765
12084,341.871242
12085,341.829141
12086,341.787556
12087,341.746517
12088,341.706001
12089,341.665939
12090,341.626227
12091,341.58673
12092,341.547284
12093,341.507708
12094,341.467812
12095,341.427429
12096,341.663374
12097,341.703136
12098,341.742187
12099,341.780695
12100,341.81881
12101,341.856634
12102,341.894211
12103,341.931523
12104,341.968474
12105,342.004878
12106,342.040438
12107,342.074732
12108,342.107296
12109,342.137812
12110,342.166071
12111,342.191942
12112,342.215359
12113,342.236304
12114,342.2548
12115,342.270904
12116,342.284702
12117,342.296311
12118,342.305877
12119,342.31358
12120,342.319641
12121,342.324332
12122,342.327985
12123,342.331021
12124,342.333854
12125,342.33669
12126,342.339529
12127,342.342155
12128,342.344131
12129,342.34478
12130,342.343588
12131,342.340158
12132,342.334186
12133,342.325438
12134,342.313739
12135,342.298962
12136,342.281024
12137,342.259882
12138,342.235539
12139,342.208042
12140,342.177497
12141,342.144078
12142,342.108048
12143,342.069782
12144,342.029806
12145,341.988858
12146,341.947489
12147,341.906093
12148,341.864938
12149,341.824191
12150,341.783938
12151,341.744202
12152,341.70495
12153,341.666105
12154,341.627546
12155,341.589118
12156,341.550622
12157,341.511824
12158,341.472458
12159,341.432254
12160,341.65924
12161,341.698262
12162,341.736261
12163,341.773543
12164,341.810337
12165,341.846787
12166,341.882967
12167,341.918874
12168,341.954427
12169,341.989453
12170,342.023672
12171,342.056675
12172,342.088013
12173,342.117381
12174,342.144575
12175,342.169473
12176,342.192009
12177,342.212168
12178,342.229971
12179,342.245473
12180,342.258758
12181,342.269936
12182,342.279149
12183,342.286569
12184,342.29241
12185,342.296932
12186,342.300458
12187,342.303396
12188,342.306151
12189,342.308924
12190,342.311713
12191,342.314313
12192,342.316299
12193,342.31701
12194,342.315948
12195,342.312732
12196,342.307068
12197,342.298731
12198,342.287554
12199,342.273413
12200,342.256229
12201,342.23596
12202,342.212609
12203,342.18622
12204,342.156894
12205,342.124798
12206,342.090185
12207,342.053414
12208,342.014995
12209,341.975644
12210,341.935893
12211,341.896121
12212,341.856583
12213,341.817436
12214,341.77876
12215,341.740571
12216,341.702832
12217,341.665456
12218,341.628316
12219,341.591235
12220,341.553987
12221,341.516282
12222,341.47775
12223,341.437938
12224,341.65588
12225,341.693779
12226,341.730331
12227,341.76604
12228,341.801205
12229,341.836003
12230,341.870522
12231,341.904771
12232,341.938678
12233,341.972083
12234,342.00472
12235,342.0362
12236,342.06609
12237,342.094099
12238,342.120036
12239,342.143782
12240,342.165277
12241,342.184504
12242,342.201485
12243,342.216272
12244,342.228944
12245,342.239608
12246,342.248398
12247,342.255478
12248,342.261051
12249,342.265366
12250,342.268732
12251,342.27154
12252,342.27418
12253,342.276846
12254,342.279537
12255,342.282055
12256,342.283994
12257,342.284717
12258,342.283748
12259,342.280723
12260,342.275363
12261,342.267453
12262,342.256833
12263,342.243386
12264,342.227036
12265,342.207744
12266,342.185509
12267,342.160377
12268,342.132441
12269,342.101862
12270,342.068878
12271,342.033834
12272,341.997214
12273,341.959709
12274,341.921825
12275,341.883924
12276,341.846247
12277,341.808944
12278,341.772087
12279,341.735689
12280,341.69971
12281,341.664064
12282,341.628618
12283,341.593193
12284,341.557544
12285,341.521347
12286,341.484138
12287,341.445195
12288,340.946208
12289,340.701036
12290,340.447704
12291,341.648098
12292,340.93447
12293,340.691942
12294,340.438231
12295,341.626719
12296,340.368921
12297,340.132413
12298,339.884999
12299,341.043987
