0,344.6604
1,344.683037
2,344.709191
3,344.733405
4,344.754286
5,344.771587
6,344.785327
7,344.795529
8,344.802133
9,344.804978
10,344.803787
11,344.798172
12,344.787686
13,344.772053
14,344.75199
15,344.732046
16,344.685434
17,344.312988
18,344.194237
19,344.16341
20,344.170478
21,344.20336
22,344.268488
23,344.399308
24,344.705918
25,345.543194
26,345.822784
27,345.917836
28,345.992048
29,346.063051
30,346.119923
31,346.160946
32,346.186728
33,346.198179
34,346.195949
35,346.180281
36,346.150978
37,346.107427
38,346.048714
39,345.974074
40,345.88453
41,345.788472
42,345.688367
43,345.518421
44,344.540031
45,344.16281
46,343.981507
47,343.869446
48,343.786002
49,343.717323
50,343.658048
51,343.60563
52,343.558556
53,343.515756
54,343.476406
55,343.439838
56,343.405494
57,343.372905
58,343.341671
59,343.311459
60,343.282048
61,343.253514
62,343.226879
63,343.206298
64,344.686716
65,344.710186
66,344.737246
67,344.762279
68,344.783866
69,344.801761
70,344.815987
71,344.826568
72,344.833446
73,344.836458
74,344.83532
75,344.82964
76,344.818967
77,344.803025
78,344.782558
79,344.762222
80,344.715521
81,344.342327
82,344.223354
83,344.192665
84,344.200218
85,344.233951
86,344.300333
87,344.432902
88,344.742053
89,345.583879
90,345.864794
91,345.961344
92,346.037358
93,346.110132
94,346.168434
95,346.210482
96,346.236886
97,346.248571
98,346.246197
99,346.230012
100,346.199815
101,346.154981
102,346.094578
103,346.017836
104,345.925818
105,345.827167
106,345.724663
107,345.553735
108,344.568782
109,344.187611
110,344.00325
111,343.888592
112,343.802875
113,343.732181
114,343.671104
115,343.617062
116,343.568511
117,343.524357
118,343.483755
119,343.44602
120,343.410582
121,343.376962
122,343.344753
123,343.313621
124,343.283352
125,343.254042
126,343.226764
127,343.205777
128,344.716951
129,344.741361
130,344.769489
131,344.795513
132,344.817966
133,344.836599
134,344.851441
135,344.862517
136,344.869772
137,344.873041
138,344.872037
139,344.866364
140,344.855572
141,344.839398
142,344.81862
143,344.798
144,344.751245
145,344.377536
146,344.258454
147,344.227989
148,344.236108
149,344.270774
150,344.338502
151,344.472922
152,344.784747
153,345.631198
154,345.913297
155,346.011142
156,346.088823
157,346.163313
158,346.223027
159,346.266087
160,346.293084
161,346.304947
162,346.302345
163,346.285527
164,346.254289
165,346.207998
166,346.145713
167,346.066675
168,345.972025
169,345.870721
170,345.765884
171,345.594044
172,344.602102
173,344.216567
174,344.028805
175,343.911236
176,343.822944
177,343.749947
178,343.686793
179,343.630865
180,343.580588
181,343.534844
182,343.492767
183,343.453655
184,343.416926
185,343.382092
186,343.348745
187,343.316553
188,343.285317
189,343.255165
190,343.227228
191,343.205858
192,344.744734
193,344.770014
194,344.799157
195,344.826141
196,344.849451
197,344.868829
198,344.884307
199,344.895914
200,344.903596
201,344.907186
202,344.906399
203,344.900837
204,344.890056
205,344.873802
206,344.852889
207,344.832139
208,344.785365
209,344.411466
210,344.292418
211,344.262211
212,344.270834
213,344.30628
214,344.375095
215,344.510984
216,344.824892
217,345.674841
218,345.957788
219,346.056534
220,346.135404
221,346.211138
222,346.271876
223,346.315652
224,346.34303
225,346.354935
226,346.352039
227,346.334591
228,346.302388
229,346.254792
230,346.190863
231,346.109859
232,346.013007
233,345.909541
234,345.802852
235,345.630289
236,344.632554
237,344.243314
238,344.052622
239,343.932512
240,343.841945
241,343.766886
242,343.701852
243,343.644198
244,343.592329
245,343.545107
246,343.50165
247,343.461245
248,343.423303
249,343.387331
250,343.352923
251,343.319756
252,343.287648
253,343.256758
254,343.228263
255,343.20658
256,344.768429
257,344.794464
258,344.824508
259,344.852362
260,344.876465
261,344.896551
262,344.912651
263,344.924796
264,344.932935
265,344.936902
266,344.93641
267,344.931064
268,344.920422
269,344.904242
270,344.883353
271,344.862605
272,344.815834
273,344.442005
274,344.323092
275,344.293131
276,344.302143
277,344.338142
278,344.407697
279,344.544559
280,344.859812
281,345.711964
282,345.99543
283,346.094713
284,346.174285
285,346.250744
286,346.312056
287,346.356194
288,346.383699
289,346.395492
290,346.392245
291,346.374208
292,346.341177
293,346.292514
294,346.227282
295,346.144762
296,346.046247
297,345.941177
298,345.833135
299,345.660043
300,344.657995
301,344.265951
302,344.073008
303,343.950913
304,343.85854
305,343.781817
306,343.715241
307,343.656153
308,343.602941
309,343.55446
310,343.509817
311,343.468293
312,343.429296
313,343.392337
314,343.357011
315,343.323007
316,343.290161
317,343.258657
318,343.229706
319,343.207768
320,344.787723
321,344.81439
322,344.845204
323,344.873819
324,344.898633
325,344.919373
326,344.936067
327,344.948751
328,344.957371
329,344.961762
330,344.961639
331,344.956607
332,344.946225
333,344.930253
334,344.909526
335,344.888885
336,344.842136
337,344.46857
338,344.349852
339,344.320097
340,344.329358
341,344.365665
342,344.4356
343,344.572932
344,344.888804
345,345.74192
346,346.025606
347,346.125102
348,346.20493
349,346.281622
350,346.343071
351,346.387217
352,346.414594
353,346.42612
354,346.422469
355,346.403892
356,346.370183
357,346.320708
358,346.254534
359,346.170954
360,346.071308
361,345.965167
362,345.856233
363,345.682793
364,344.677881
365,344.283951
366,344.089464
367,343.965978
368,343.872307
369,343.794359
370,343.726621
371,343.666426
372,343.612159
373,343.562668
374,343.51706
375,343.474616
376,343.434745
377,343.396962
378,343.360871
379,343.326173
380,343.292719
381,343.260711
382,343.231388
383,343.20924
384,344.802607
385,344.829781
386,344.861228
387,344.890487
388,344.915925
389,344.937259
390,344.954517
391,344.967733
392,344.976855
393,344.981718
394,344.982035
395,344.977411
396,344.967402
397,344.951765
398,344.931323
399,344.910883
400,344.864172
401,344.491029
402,344.372544
403,344.34294
404,344.3523
405,344.388667
406,344.458622
407,344.595932
408,344.911718
409,345.76462
410,346.048245
411,346.147652
412,346.227317
413,346.303773
414,346.364932
415,346.40874
416,346.435736
417,346.446842
418,346.442734
419,346.423665
420,346.389433
421,346.339402
422,346.272642
423,346.188451
424,346.088188
425,345.981486
426,345.872094
427,345.698476
428,344.6921
429,344.297181
430,344.101851
431,343.977567
432,343.883113
433,343.804389
434,343.735878
435,343.674916
436,343.619887
437,343.569644
438,343.523298
439,343.480133
440,343.439568
441,343.401125
442,343.364417
443,343.329157
444,343.29521
445,343.262795
446,343.233168
447,343.210845
448,344.813067
449,344.840622
450,344.872562
451,344.902345
452,344.928315
453,344.950181
454,344.967968
455,344.981711
456,344.991357
457,344.996739
458,344.99757
459,344.993449
460,344.983929
461,344.968755
462,344.948724
463,344.928579
464,344.881922
465,344.509364
466,344.391153
467,344.361643
468,344.370951
469,344.407124
470,344.476738
471,344.613528
472,344.92852
473,345.780027
474,346.063311
475,346.162326
476,346.241407
477,346.317158
478,346.377597
479,346.420717
480,346.447074
481,346.457601
482,346.452981
483,346.43347
484,346.398868
485,346.348539
486,346.281552
487,346.197202
488,346.096837
489,345.99008
490,345.880662
491,345.707036
492,344.700593
493,344.305586
494,344.110118
495,343.985636
496,343.890919
497,343.81187
498,343.742979
499,343.681589
500,343.626093
501,343.575354
502,343.528492
503,343.484805
504,343.443721
505,343.404772
506,343.367584
507,343.331883
508,343.297546
509,343.264806
510,343.234934
511,343.212465
512,344.81899
513,344.846798
514,344.879088
515,344.909273
516,344.935681
517,344.958015
518,344.976299
519,344.990564
520,345.000757
521,345.006709
522,345.008132
523,345.004621
524,344.995717
525,344.981148
526,344.961668
527,344.941928
528,344.895344
529,344.523575
530,344.4057
531,344.37624
532,344.385348
533,344.42107
534,344.489963
535,344.62571
536,344.939153
537,345.788
538,346.070641
539,346.168941
540,346.246991
541,346.321532
542,346.380795
543,346.422854
544,346.448298
545,346.458079
546,346.452886
547,346.432981
548,346.398166
549,346.347807
550,346.280968
551,346.196929
552,346.097003
553,345.990724
554,345.881737
555,345.708282
556,344.703246
557,344.309099
558,344.114228
559,343.990165
560,343.895718
561,343.816804
562,343.747927
563,343.686446
564,343.630774
565,343.57979
566,343.532632
567,343.488612
568,343.447173
569,343.407864
570,343.370325
571,343.334292
572,343.299657
573,343.266664
574,343.236597
575,343.21401
576,344.820141
577,344.848065
578,344.880557
579,344.911018
580,344.937768
581,344.960507
582,344.979255
583,344.994039
584,345.004806
585,345.011388
586,345.013492
587,345.010709
588,345.00257
589,344.988776
590,344.970023
591,344.950825
592,344.904341
593,344.533648
594,344.41622
595,344.386791
596,344.395561
597,344.430566
598,344.498331
599,344.632453
600,344.9435
601,345.788246
602,346.069903
603,346.167116
604,346.243623
605,346.316389
606,346.373966
607,346.414551
608,346.438783
609,346.447632
610,346.441797
611,346.421544
612,346.386681
613,346.336574
614,346.270284
615,346.187069
616,346.088177
617,345.98297
618,345.874926
619,345.701842
620,344.699854
621,344.307608
622,344.114131
623,343.991146
624,343.897523
625,343.819213
626,343.750748
627,343.689514
628,343.633952
629,343.582966
630,343.53572
631,343.491548
632,343.449912
633,343.410379
634,343.372605
635,343.33634
636,343.301489
637,343.268309
638,343.238093
639,343.215412
640,344.816139
641,344.844038
642,344.876577
643,344.907183
644,344.934179
645,344.957259
646,344.976439
647,344.991744
648,345.003118
649,345.010394
650,345.013281
651,345.011368
652,345.004172
653,344.991365
654,344.973564
655,344.955094
656,344.908748
657,344.539552
658,344.422756
659,344.393388
660,344.401699
661,344.435709
662,344.501893
663,344.633723
664,344.941375
665,345.780309
666,346.060567
667,346.156245
668,346.230598
669,346.300921
670,346.356225
671,346.39487
672,346.417555
673,346.425267
674,346.418709
675,346.398155
676,346.363415
677,346.313864
678,346.248563
679,346.166745
680,346.069567
681,345.966124
682,345.859624
683,345.687147
684,344.690111
685,344.300959
686,344.109769
687,343.988579
688,343.896369
689,343.819147
690,343.751494
691,343.69084
692,343.635666
693,343.584913
694,343.537778
695,343.493623
696,343.451936
697,343.412305
698,343.374402
699,343.337997
700,343.303005
701,343.269694
702,343.239371
703,343.21662
704,344.806476
705,344.834196
706,344.86662
707,344.897238
708,344.924382
709,344.947742
710,344.967326
711,344.983155
712,344.995174
713,345.003218
714,345.007003
715,345.00612
716,345.000083
717,344.988527
718,344.971975
719,344.954486
720,344.908332
721,344.541236
722,344.425372
723,344.396163
724,344.403925
725,344.436649
726,344.500733
727,344.629474
728,344.932527
729,345.763583
730,346.041932
731,346.135508
732,346.206951
733,346.274031
734,346.326376
735,346.362553
736,346.383318
737,346.389666
738,346.382298
739,346.361485
740,346.327047
741,346.278377
742,346.214548
743,346.134775
744,346.040104
745,345.939253
746,345.835037
747,345.66345
748,344.673611
749,344.288956
750,344.101088
751,343.982495
752,343.892327
753,343.816693
754,343.750252
755,343.690501
756,343.635981
757,343.585682
758,343.538842
759,343.494862
760,343.453258
761,343.413641
762,343.375708
763,343.339243
764,343.304177
765,343.27079
766,343.240398
767,343.217598
768,344.790584
769,344.817964
770,344.850107
771,344.880605
772,344.907804
773,344.931385
774,344.951346
775,344.967705
776,344.980406
777,344.989294
778,344.994097
779,344.994422
780,344.989788
781,344.979806
782,344.964884
783,344.948722
784,344.902835
785,344.538617
786,344.424142
787,344.395307
788,344.402481
789,344.433611
790,344.494977
791,344.619625
792,344.916585
793,345.737412
794,346.013243
795,346.103991
796,346.171585
797,346.234465
798,346.283071
799,346.316202
800,346.334654
801,346.339404
802,346.331129
803,346.310096
804,346.276139
805,346.228682
806,346.166834
807,346.089821
808,345.998574
809,345.901317
810,345.800312
811,345.629955
812,344.649799
813,344.271322
814,344.088033
815,343.972962
816,343.885517
817,343.811981
818,343.747143
819,343.688605
820,343.634985
821,343.585342
822,343.538967
823,343.495302
824,343.4539
825,343.414401
826,343.376524
827,343.340073
828,343.304993
829,343.271577
830,343.24115
831,343.218323
832,344.768151
833,344.795027
834,344.826731
835,344.856988
836,344.884158
837,344.907908
838,344.928222
839,344.94511
840,344.958522
841,344.968316
842,344.974242
843,344.975939
844,344.972954
845,344.964896
846,344.952056
847,344.937671
848,344.89213
849,344.531428
850,344.419068
851,344.391056
852,344.397709
853,344.426913
854,344.484739
855,344.603826
856,344.892613
857,345.701276
858,345.974156
859,346.061212
860,346.123839
861,346.181464
862,346.225528
863,346.255057
864,346.270833
865,346.273775
866,346.264512
867,346.243293
868,346.209971
869,346.164024
870,346.104639
871,346.031101
872,345.944257
873,345.851748
874,345.755086
875,345.586245
876,344.617551
877,344.247451
878,344.070485
879,343.960094
880,343.876127
881,343.805202
882,343.742338
883,343.685292
884,343.632793
885,343.583984
886,343.53822
887,343.494994
888,343.453898
889,343.414606
890,343.376861
891,343.340487
892,343.305447
893,343.272044
894,343.241615
895,343.218779
896,344.740238
897,344.766478
898,344.797628
899,344.827563
900,344.854645
901,344.878518
902,344.89915
903,344.916544
904,344.930655
905,344.94136
906,344.948441
907,344.951583
908,344.950391
909,344.944512
910,344.934158
911,344.922023
912,344.876538
913,344.518238
914,344.40971
915,344.38363
916,344.390063
917,344.416961
918,344.469962
919,344.580609
920,344.85659
921,345.653418
922,345.92618
923,346.009065
924,346.065684
925,346.117202
926,346.156185
927,346.181796
928,346.194724
929,346.195774
930,346.185499
931,346.164121
932,346.131519
933,346.087244
934,346.030604
935,345.961014
936,345.879335
937,345.792611
938,345.701355
939,345.532595
940,344.572564
941,344.215419
942,344.04805
943,343.944039
944,343.864426
945,343.796617
946,343.736058
947,343.68074
948,343.629546
949,343.581718
950,343.536686
951,343.494001
952,343.453299
953,343.414288
954,343.376739
955,343.340498
956,343.305542
957,343.27219
958,343.241787
959,343.218959
960,344.713121
961,344.738738
962,344.769374
963,344.799009
964,344.825992
965,344.849945
966,344.870817
967,344.888608
968,344.903278
969,344.914719
970,344.922747
971,344.927097
972,344.927441
973,344.923504
974,344.915488
975,344.905589
976,344.85012
977,344.491113
978,344.394114
979,344.37314
980,344.380164
981,344.40432
982,344.450255
983,344.545329
984,344.789757
985,345.561315
986,345.876288
987,345.958612
988,346.009495
989,346.055411
990,346.089924
991,346.112184
992,346.122719
993,346.122197
994,346.11109
995,346.089591
996,346.057602
997,346.014751
998,345.960475
999,345.894367
1000,345.817408
1001,345.73621
1002,345.649521
1003,345.446806
1004,344.493647
1005,344.169317
1006,344.019803
1007,343.925016
1008,343.850798
1009,343.786568
1010,343.728572
1011,343.675162
1012,343.625406
1013,343.578668
1014,343.534461
1015,343.492395
1016,343.452155
1017,343.413485
1018,343.376185
1019,343.340121
1020,343.305289
1021,343.272019
1022,343.241668
1023,343.218865
1024,344.664221
1025,344.689669
1026,344.720179
1027,344.749741
1028,344.776699
1029,344.80067
1030,344.821599
1031,344.839484
1032,344.854286
1033,344.865903
1034,344.874159
1035,344.878799
1036,344.879514
1037,344.876026
1038,344.868177
1039,344.848486
1040,344.549573
1041,344.414284
1042,344.368501
1043,344.360076
1044,344.369036
1045,344.390096
1046,344.426053
1047,344.491082
1048,344.627391
1049,344.941014
1050,345.578088
1051,345.839289
1052,345.896875
1053,345.941746
1054,345.975188
1055,345.996635
1056,346.006587
1057,346.00568
1058,345.994366
1059,345.972831
1060,345.940982
1061,345.898466
1062,345.84475
1063,345.779455
1064,345.70343
1065,345.619672
1066,345.456538
1067,344.694655
1068,344.29424
1069,344.099005
1070,343.985519
1071,343.903735
1072,343.835835
1073,343.775484
1074,343.720198
1075,343.668791
1076,343.620553
1077,343.574971
1078,343.531647
1079,343.490255
1080,343.450526
1081,343.412242
1082,343.375229
1083,343.339379
1084,343.304702
1085,343.271542
1086,343.241263
1087,343.2185
1088,344.260191
1089,344.28402
1090,344.313104
1091,344.341799
1092,344.368461
1093,344.392654
1094,344.414282
1095,344.433327
1096,344.449765
1097,344.463548
1098,344.474592
1099,344.482778
1100,344.487923
1101,344.489601
1102,344.486099
1103,344.46898
1104,344.402026
1105,344.361614
1106,344.34718
1107,344.348134
1108,344.358546
1109,344.376659
1110,344.403837
1111,344.445663
1112,344.515516
1113,344.636542
1114,344.814993
1115,344.922852
1116,344.973331
1117,345.005168
1118,345.02614
1119,345.037773
1120,345.040592
1121,345.034939
1122,345.021043
1123,344.99901
1124,344.968815
1125,344.930309
1126,344.883239
1127,344.827247
1128,344.761458
1129,344.681165
1130,344.559603
1131,344.328414
1132,344.154913
1133,344.038183
1134,343.952522
1135,343.882294
1136,343.820414
1137,343.763867
1138,343.711272
1139,343.661875
1140,343.615168
1141,343.570766
1142,343.528351
1143,343.487661
1144,343.448473
1145,343.410604
1146,343.373908
1147,343.338297
1148,343.3038
1149,343.270772
1150,343.240584
1151,343.217872
1152,344.114471
1153,344.137379
1154,344.165621
1155,344.19381
1156,344.220329
1157,344.244715
1158,344.266846
1159,344.286694
1160,344.304243
1161,344.319471
1162,344.332351
1163,344.342845
1164,344.350894
1165,344.356322
1166,344.358441
1167,344.354992
1168,344.341948
1169,344.333806
1170,344.333378
1171,344.339263
1172,344.350174
1173,344.365741
1174,344.386537
1175,344.414365
1176,344.452689
1177,344.505447
1178,344.568982
1179,344.617437
1180,344.648649
1181,344.669282
1182,344.681888
1183,344.687159
1184,344.685319
1185,344.676502
1186,344.660813
1187,344.638316
1188,344.609029
1189,344.572926
1190,344.529944
1191,344.479956
1192,344.422504
1193,344.355673
1194,344.273288
1195,344.168394
1196,344.072911
1197,343.992715
1198,343.923766
1199,343.862059
1200,343.805267
1201,343.752177
1202,343.702117
1203,343.654646
1204,343.60943
1205,343.566187
1206,343.524678
1207,343.484695
1208,343.446058
1209,343.408618
1210,343.372256
1211,343.336903
1212,343.302603
1213,343.269724
1214,343.239642
1215,343.216993
1216,344.053777
1217,344.076061
1218,344.103748
1219,344.131633
1220,344.158125
1221,344.182745
1222,344.205353
1223,344.225909
1224,344.244401
1225,344.260822
1226,344.275175
1227,344.287476
1228,344.297754
1229,344.306032
1230,344.31225
1231,344.316168
1232,344.317875
1233,344.320668
1234,344.326008
1235,344.334095
1236,344.344857
1237,344.358311
1238,344.374654
1239,344.394311
1240,344.417876
1241,344.445465
1242,344.474784
1243,344.499605
1244,344.517837
1245,344.529925
1246,344.536146
1247,344.536515
1248,344.531
1249,344.5196
1250,344.502345
1251,344.479283
1252,344.450464
1253,344.415949
1254,344.375814
1255,344.330154
1256,344.279016
1257,344.22218
1258,344.158954
1259,344.089839
1260,344.022037
1261,343.958504
1262,343.899238
1263,343.843551
1264,343.790861
1265,343.740774
1266,343.693003
1267,343.647315
1268,343.603498
1269,343.56136
1270,343.520724
1271,343.48143
1272,343.44334
1273,343.406331
1274,343.370309
1275,343.335224
1276,343.301134
1277,343.268415
1278,343.238451
1279,343.215874
1280,344.023975
1281,344.045841
1282,344.073183
1283,344.100933
1284,344.127517
1285,344.152446
1286,344.175567
1287,344.196827
1288,344.216211
1289,344.233721
1290,344.249373
1291,344.263209
1292,344.275299
1293,344.285753
1294,344.294712
1295,344.302377
1296,344.309171
1297,344.316115
1298,344.323916
1299,344.332908
1300,344.343236
1301,344.354969
1302,344.368133
1303,344.382706
1304,344.398551
1305,344.415191
1306,344.431399
1307,344.445151
1308,344.455182
1309,344.460945
1310,344.462106
1311,344.458427
1312,344.449759
1313,344.436035
1314,344.417254
1315,344.393461
1316,344.364738
1317,344.331204
1318,344.293026
1319,344.25043
1320,344.203705
1321,344.153189
1322,344.099326
1323,344.043101
1324,343.986713
1325,343.931586
1326,343.878269
1327,343.826899
1328,343.777467
1329,343.729912
1330,343.684143
1331,343.640049
1332,343.597507
1333,343.55639
1334,343.516572
1335,343.477935
1336,343.44037
1337,343.403783
1338,343.3681
1339,343.333286
1340,343.299411
1341,343.266862
1342,343.237025
1343,343.214528
1344,344.007743
1345,344.029367
1346,344.056558
1347,344.084336
1348,344.111144
1349,344.136481
1350,344.160181
1351,344.18218
1352,344.202457
1353,344.22101
1354,344.237861
1355,344.253056
1356,344.266677
1357,344.278848
1358,344.289743
1359,344.299596
1360,344.308738
1361,344.317621
1362,344.326622
1363,344.335984
1364,344.345834
1365,344.356202
1366,344.367032
1367,344.378167
1368,344.389325
1369,344.400028
1370,344.409536
1371,344.416908
1372,344.421351
1373,344.422299
1374,344.419347
1375,344.412214
1376,344.400728
1377,344.38481
1378,344.364457
1379,344.339724
1380,344.310722
1381,344.277615
1382,344.240622
1383,344.200034
1384,344.156217
1385,344.109628
1386,344.060839
1387,344.01062
1388,343.959968
1389,343.909692
1390,343.860305
1391,343.812099
1392,343.765228
1393,343.719757
1394,343.675687
1395,343.632978
1396,343.591564
1397,343.551365
1398,343.512295
1399,343.474266
1400,343.437197
1401,343.401013
1402,343.365659
1403,343.331112
1404,343.297455
1405,343.265081
1406,343.235379
1407,343.212967
1408,343.999232
1409,344.020779
1410,344.048004
1411,344.075982
1412,344.103158
1413,344.129022
1414,344.153393
1415,344.176195
1416,344.197395
1417,344.216984
1418,344.234979
1419,344.251421
1420,344.266386
1421,344.279986
1422,344.292374
1423,344.303743
1424,344.314325
1425,344.324374
1426,344.33411
1427,344.343677
1428,344.353142
1429,344.362483
1430,344.371595
1431,344.380284
1432,344.388257
1433,344.395116
1434,344.400351
1435,344.403391
1436,344.403698
1437,344.400827
1438,344.394432
1439,344.384269
1440,344.370188
1441,344.352124
1442,344.33009
1443,344.304163
1444,344.274484
1445,344.241254
1446,344.204731
1447,344.165236
1448,344.123151
1449,344.078927
1450,344.033078
1451,343.986185
1452,343.938865
1453,343.891657
1454,343.84497
1455,343.799091
1456,343.7542
1457,343.710399
1458,343.667729
1459,343.626188
1460,343.585745
1461,343.54635
1462,343.507946
1463,343.470469
1464,343.433856
1465,343.398051
1466,343.36301
1467,343.328724
1468,343.295284
1469,343.263086
1470,343.233523
1471,343.211203
1472,343.996257
1473,344.017881
1474,344.045327
1475,344.073683
1476,344.101389
1477,344.127921
1478,344.153081
1479,344.176777
1480,344.198962
1481,344.219614
1482,344.23874
1483,344.25637
1484,344.272567
1485,344.287426
1486,344.301072
1487,344.313654
1488,344.325336
1489,344.33628
1490,344.346614
1491,344.356411
1492,344.365673
1493,344.374329
1494,344.382234
1495,344.389172
1496,344.394868
1497,344.398987
1498,344.401148
1499,344.400947
1500,344.398002
1501,344.391978
1502,344.382609
1503,344.369704
1504,344.353151
1505,344.332912
1506,344.309025
1507,344.281598
1508,344.250805
1509,344.216885
1510,344.180136
1511,344.140904
1512,344.099579
1513,344.056582
1514,344.012361
1515,343.967373
1516,343.922064
1517,343.876829
1518,343.831989
1519,343.787783
1520,343.744375
1521,343.701868
1522,343.660314
1523,343.619728
1524,343.580096
1525,343.541389
1526,343.503564
1527,343.466576
1528,343.430376
1529,343.39492
1530,343.360174
1531,343.326139
1532,343.29291
1533,343.26089
1534,343.23147
1535,343.209246
1536,343.997865
1537,344.019717
1538,344.047574
1539,344.0765
1540,344.104919
1541,344.132288
1542,344.158386
1543,344.183102
1544,344.206368
1545,344.228148
1546,344.248433
1547,344.267241
1548,344.284622
1549,344.300656
1550,344.315445
1551,344.32911
1552,344.341776
1553,344.353554
1554,344.364519
1555,344.374689
1556,344.384013
1557,344.392361
1558,344.399535
1559,344.405296
1560,344.409374
1561,344.411477
1562,344.411302
1563,344.408547
1564,344.40293
1565,344.394205
1566,344.382175
1567,344.366699
1568,344.347703
1569,344.325181
1570,344.299197
1571,344.269894
1572,344.237486
1573,344.202259
1574,344.164564
1575,344.124792
1576,344.083353
1577,344.040652
1578,343.997086
1579,343.953028
1580,343.908824
1581,343.864773
1582,343.821119
1583,343.778049
1584,343.735698
1585,343.694149
1586,343.653449
1587,343.613615
1588,343.57464
1589,343.536503
1590,343.499172
1591,343.462609
1592,343.426777
1593,343.391638
1594,343.357167
1595,343.323369
1596,343.290345
1597,343.258502
1598,343.229227
1599,343.207103
1600,344.003573
1601,344.025807
1602,344.054274
1603,344.083985
1604,344.11333
1605,344.141739
1606,344.168963
1607,344.194865
1608,344.219351
1609,344.242365
1610,344.26388
1611,344.283902
1612,344.302471
1613,344.319657
1614,344.335553
1615,344.350271
1616,344.363919
1617,344.376591
1618,344.388339
1619,344.39915
1620,344.408916
1621,344.417426
1622,344.424391
1623,344.429517
1624,344.432531
1625,344.43317
1626,344.431187
1627,344.426355
1628,344.418464
1629,344.407337
1630,344.392832
1631,344.374852
1632,344.353352
1633,344.328352
1634,344.299941
1635,344.268291
1636,344.23366
1637,344.196398
1638,344.156937
1639,344.115766
1640,344.073346
1641,344.03009
1642,343.986354
1643,343.942446
1644,343.898632
1645,343.855133
1646,343.812125
1647,343.769742
1648,343.728076
1649,343.687188
1650,343.647106
1651,343.607839
1652,343.569378
1653,343.5317
1654,343.494778
1655,343.458579
1656,343.423068
1657,343.388214
1658,343.353996
1659,343.320423
1660,343.287598
1661,343.25593
1662,343.226802
1663,343.204781
1664,344.013119
1665,344.035894
1666,344.065192
1667,344.095933
1668,344.126458
1669,344.156158
1670,344.184749
1671,344.212054
1672,344.237949
1673,344.26235
1674,344.285212
1675,344.306527
1676,344.32633
1677,344.344692
1678,344.361712
1679,344.377512
1680,344.392216
1681,344.405941
1682,344.418761
1683,344.430672
1684,344.441521
1685,344.450937
1686,344.45839
1687,344.463491
1688,344.465971
1689,344.465614
1690,344.462232
1691,344.455664
1692,344.445766
1693,344.432418
1694,344.415522
1695,344.39501
1696,344.370857
1697,344.34309
1698,344.311811
1699,344.277205
1700,344.239557
1701,344.199274
1702,344.156945
1703,344.11329
1704,344.068909
1705,344.024227
1706,343.979546
1707,343.935099
1708,343.891066
1709,343.847587
1710,343.804771
1711,343.76269
1712,343.721394
1713,343.680906
1714,343.641234
1715,343.602368
1716,343.564288
1717,343.526969
1718,343.490379
1719,343.454485
1720,343.419253
1721,343.384654
1722,343.350667
1723,343.317305
1724,343.284673
1725,343.253177
1726,343.224199
1727,343.202284
1728,344.026368
1729,344.049859
1730,344.080238
1731,344.112298
1732,344.144316
1733,344.175627
1734,344.205893
1735,344.234886
1736,344.262441
1737,344.288438
1738,344.312809
1739,344.335537
1740,344.356657
1741,344.376251
1742,344.394443
1743,344.411394
1744,344.427291
1745,344.442341
1746,344.456752
1747,344.470669
1748,344.483967
1749,344.495893
1750,344.505064
1751,344.510973
1752,344.5135
1753,344.512574
1754,344.508115
1755,344.50005
1756,344.488307
1757,344.472817
1758,344.453518
1759,344.430357
1760,344.403306
1761,344.37238
1762,344.337654
1763,344.299271
1764,344.257436
1765,344.212503
1766,344.165351
1767,344.117456
1768,344.069744
1769,344.022602
1770,343.976176
1771,343.930539
1772,343.885744
1773,343.841828
1774,343.798814
1775,343.756711
1776,343.715513
1777,343.675205
1778,343.635761
1779,343.59715
1780,343.559339
1781,343.522288
1782,343.48596
1783,343.450318
1784,343.415326
1785,343.380953
1786,343.34718
1787,343.314017
1788,343.281571
1789,343.250247
1790,343.221419
1791,343.199615
1792,344.043271
1793,344.067674
1794,344.099431
1795,344.133171
1796,344.167081
1797,344.200416
1798,344.232761
1799,344.263818
1800,344.293361
1801,344.321228
1802,344.347324
1803,344.371624
1804,344.39417
1805,344.41507
1806,344.434497
1807,344.452688
1808,344.469971
1809,344.486798
1810,344.503818
1811,344.521829
1812,344.541233
1813,344.560318
1814,344.573978
1815,344.582054
1816,344.585325
1817,344.584224
1818,344.578923
1819,344.56949
1820,344.555947
1821,344.538284
1822,344.516464
1823,344.490432
1824,344.460131
1825,344.425521
1826,344.386586
1827,344.343276
1828,344.295333
1829,344.242303
1830,344.185523
1831,344.12952
1832,344.076017
1833,344.024937
1834,343.97583
1835,343.928351
1836,343.882297
1837,343.837544
1838,343.794006
1839,343.751608
1840,343.710283
1841,343.669968
1842,343.630601
1843,343.592124
1844,343.554482
1845,343.517622
1846,343.481498
1847,343.446062
1848,343.411276
1849,343.377106
1850,343.343529
1851,343.310555
1852,343.27829
1853,343.247137
1854,343.218463
1855,343.196772
1856,344.063835
1857,344.089383
1858,344.122888
1859,344.158774
1860,344.195107
1861,344.231028
1862,344.265999
1863,344.29962
1864,344.331584
1865,344.361675
1866,344.38977
1867,344.415839
1868,344.43994
1869,344.462223
1870,344.482936
1871,344.502453
1872,344.521373
1873,344.540736
1874,344.562464
1875,344.589842
1876,344.626524
1877,344.669352
1878,344.694453
1879,344.706923
1880,344.711714
1881,344.710732
1882,344.704667
1883,344.693823
1884,344.67835
1885,344.658308
1886,344.633676
1887,344.604373
1888,344.570276
1889,344.531241
1890,344.487077
1891,344.437287
1892,344.380003
1893,344.310026
1894,344.22817
1895,344.153405
1896,344.08869
1897,344.031151
1898,343.978132
1899,343.928119
1900,343.880348
1901,343.834419
1902,343.790086
1903,343.747173
1904,343.70554
1905,343.665068
1906,343.625656
1907,343.587214
1908,343.549662
1909,343.512931
1910,343.47696
1911,343.441694
1912,343.407087
1913,343.373099
1914,343.339705
1915,343.306914
1916,343.274827
1917,343.243845
1918,343.215328
1919,343.193755
1920,344.088103
1921,344.115085
1922,344.150821
1923,344.189501
1924,344.229026
1925,344.268352
1926,344.306732
1927,344.343605
1928,344.378565
1929,344.411338
1930,344.441774
1931,344.469845
1932,344.495642
1933,344.519371
1934,344.541384
1935,344.562267
1936,344.583096
1937,344.606162
1938,344.636734
1939,344.6865
1940,344.775635
1941,344.909824
1942,344.961733
1943,344.980664
1944,344.987277
1945,344.986339
1946,344.979229
1947,344.966551
1948,344.948626
1949,344.925589
1950,344.897425
1951,344.86399
1952,344.825045
1953,344.780293
1954,344.729398
1955,344.671506
1956,344.60144
1957,344.490152
1958,344.324325
1959,344.198558
1960,344.109878
1961,344.041308
1962,343.982679
1963,343.929393
1964,343.879501
1965,343.832121
1966,343.786785
1967,343.743191
1968,343.701113
1969,343.660373
1970,343.620823
1971,343.582339
1972,343.544817
1973,343.508167
1974,343.472312
1975,343.437187
1976,343.402737
1977,343.368918
1978,343.335699
1979,343.303085
1980,343.271176
1981,343.240367
1982,343.212011
1983,343.19056
1984,344.116123
1985,344.144921
1986,344.183584
1987,344.226058
1988,344.270047
1989,344.314163
1990,344.357192
1991,344.398324
1992,344.437064
1993,344.473107
1994,344.506306
1995,344.536655
1996,344.56429
1997,344.589494
1998,344.612747
1999,344.634905
2000,344.657757
2001,344.685786
2002,344.731517
2003,344.830503
2004,345.073931
2005,345.605479
2006,345.690485
2007,345.707945
2008,345.714576
2009,345.712694
2010,345.703361
2011,345.687432
2012,345.665443
2013,345.63762
2014,345.603917
2015,345.564054
2016,345.51757
2017,345.463953
2018,345.40306
2019,345.336399
2020,345.266544
2021,345.053656
2022,344.55222
2023,344.281312
2024,344.141894
2025,344.055124
2026,343.988871
2027,343.931638
2028,343.879319
2029,343.830303
2030,343.783827
2031,343.73944
2032,343.696826
2033,343.655741
2034,343.615991
2035,343.577415
2036,343.53988
2037,343.503277
2038,343.467513
2039,343.43251
2040,343.398205
2041,343.364545
2042,343.331496
2043,343.299058
2044,343.267328
2045,343.236696
2046,343.208506
2047,343.187182
2048,344.147923
2049,344.179091
2050,344.221801
2051,344.26989
2052,344.320925
2053,344.372766
2054,344.42275
2055,344.469739
2056,344.513362
2057,344.553449
2058,344.589932
2059,344.622877
2060,344.652493
2061,344.679152
2062,344.703466
2063,344.726549
2064,344.75092
2065,344.783623
2066,344.847434
2067,345.022973
2068,345.616657
2069,345.750248
2070,345.77895
2071,345.794261
2072,345.800822
2073,345.79881
2074,345.789246
2075,345.773013
2076,345.750664
2077,345.722431
2078,345.688262
2079,345.647864
2080,345.600756
2081,345.546396
2082,345.484629
2083,345.417216
2084,345.35298
2085,345.275176
2086,345.029814
2087,344.404137
2088,344.180961
2089,344.070514
2090,343.995617
2091,343.934183
2092,343.87933
2093,343.828605
2094,343.78093
2095,343.735699
2096,343.692503
2097,343.651035
2098,343.61105
2099,343.572353
2100,343.534783
2101,343.498209
2102,343.462522
2103,343.427631
2104,343.393464
2105,343.35996
2106,343.327081
2107,343.294821
2108,343.263274
2109,343.232825
2110,343.204808
2111,343.183617
2112,344.183485
2113,344.217909
2114,344.266719
2115,344.324363
2116,344.388956
2117,344.456581
2118,344.518646
2119,344.574251
2120,344.624364
2121,344.669517
2122,344.709943
2123,344.745867
2124,344.777614
2125,344.805658
2126,344.830711
2127,344.854014
2128,344.878328
2129,344.911304
2130,344.977084
2131,345.156089
2132,345.717161
2133,345.823182
2134,345.850691
2135,345.865079
2136,345.87023
2137,345.866513
2138,345.855106
2139,345.836967
2140,345.81266
2141,345.782392
2142,345.746053
2143,345.703271
2144,345.653452
2145,345.595912
2146,345.530345
2147,345.458473
2148,345.389836
2149,345.311599
2150,345.098821
2151,344.453377
2152,344.205573
2153,344.082612
2154,344.001379
2155,343.936288
2156,343.879055
2157,343.826675
2158,343.77782
2159,343.731751
2160,343.687973
2161,343.646116
2162,343.605891
2163,343.567067
2164,343.529457
2165,343.492908
2166,343.457295
2167,343.422517
2168,343.388488
2169,343.355144
2170,343.322438
2171,343.290362
2172,343.259005
2173,343.228747
2174,343.20091
2175,343.179859
2176,344.222691
2177,344.261876
2178,344.320896
2179,344.39764
2180,344.494936
2181,344.605801
2182,344.692632
2183,344.761594
2184,344.820477
2185,344.872091
2186,344.917355
2187,344.956779
2188,344.990862
2189,345.020197
2190,345.045548
2191,345.068104
2192,345.090315
2193,345.11872
2194,345.173861
2195,345.325323
2196,345.816574
2197,345.916052
2198,345.939394
2199,345.94978
2200,345.951037
2201,345.943762
2202,345.929112
2203,345.907963
2204,345.880792
2205,345.847704
2206,345.808488
2207,345.762648
2208,345.709456
2209,345.648079
2210,345.578084
2211,345.501254
2212,345.427922
2213,345.34649
2214,345.133639
2215,344.479006
2216,344.221108
2217,344.091201
2218,344.005492
2219,343.937407
2220,343.878076
2221,343.824187
2222,343.774241
2223,343.727393
2224,343.683073
2225,343.640855
2226,343.60041
2227,343.561474
2228,343.523836
2229,343.487322
2230,343.451792
2231,343.417134
2232,343.383252
2233,343.350076
2234,343.317552
2235,343.285669
2236,343.25451
2237,343.224452
2238,343.196805
2239,343.175901
2240,344.265173
2241,344.311599
2242,344.388907
2243,344.508091
2244,344.697574
2245,344.960409
2246,345.101393
2247,345.189329
2248,345.259751
2249,345.319937
2250,345.37155
2251,345.415415
2252,345.452268
2253,345.482846
2254,345.507925
2255,345.528452
2256,345.545975
2257,345.564104
2258,345.593783
2259,345.673229
2260,345.951862
2261,346.024031
2262,346.033689
2263,346.034601
2264,346.028527
2265,346.015596
2266,345.996378
2267,345.971356
2268,345.940745
2269,345.904464
2270,345.86214
2271,345.813138
2272,345.756589
2273,345.691535
2274,345.617467
2275,345.536275
2276,345.458997
2277,345.374708
2278,345.159587
2279,344.49555
2280,344.231197
2281,344.096663
2282,344.007638
2283,343.937145
2284,343.876047
2285,343.820858
2286,343.769965
2287,343.72244
2288,343.677653
2289,343.635132
2290,343.594511
2291,343.555497
2292,343.517857
2293,343.4814
2294,343.445973
2295,343.411451
2296,343.377732
2297,343.344736
2298,343.312408
2299,343.280729
2300,343.249781
2301,343.219934
2302,343.192487
2303,343.171737
2304,344.30991
2305,344.366857
2306,344.475592
2307,344.686754
2308,345.143215
2309,346.040174
2310,346.266123
2311,346.36343
2312,346.448286
2313,346.5216
2314,346.583156
2315,346.633828
2316,346.674696
2317,346.706729
2318,346.730703
2319,346.747145
2320,346.756179
2321,346.756929
2322,346.745161
2323,346.699426
2324,346.413847
2325,346.175957
2326,346.136319
2327,346.117011
2328,346.099023
2329,346.078237
2330,346.053258
2331,346.023671
2332,345.989228
2333,345.949561
2334,345.9041
2335,345.852046
2336,345.792399
2337,345.724093
2338,345.646571
2339,345.561833
2340,345.481467
2341,345.394986
2342,345.177937
2343,344.506079
2344,344.236981
2345,344.09909
2346,344.007567
2347,343.935195
2348,343.872686
2349,343.816449
2350,343.764793
2351,343.716731
2352,343.671582
2353,343.62884
2354,343.588106
2355,343.549066
2356,343.511465
2357,343.475099
2358,343.439802
2359,343.40544
2360,343.371903
2361,343.339107
2362,343.30699
2363,343.275532
2364,343.244808
2365,343.215186
2366,343.18795
2367,343.167363
2368,344.354584
2369,344.423912
2370,344.574509
2371,344.938477
2372,346.036574
2373,346.373141
2374,346.479681
2375,346.571807
2376,346.658448
2377,346.733442
2378,346.796226
2379,346.847718
2380,346.889055
2381,346.921239
2382,346.94505
2383,346.96098
2384,346.969045
2385,346.968077
2386,346.953262
2387,346.907336
2388,346.768324
2389,346.421127
2390,346.253416
2391,346.195499
2392,346.16084
2393,346.130491
2394,346.098936
2395,346.064349
2396,346.025862
2397,345.982762
2398,345.934252
2399,345.879367
2400,345.816978
2401,345.745926
2402,345.665615
2403,345.578126
2404,345.495445
2405,345.407364
2406,345.188897
2407,344.511224
2408,344.238696
2409,344.098398
2410,344.005067
2411,343.931317
2412,343.867769
2413,343.810765
2414,343.758562
2415,343.710127
2416,343.664748
2417,343.621886
2418,343.581121
2419,343.542119
2420,343.50461
2421,343.468378
2422,343.433247
2423,343.399075
2424,343.365748
2425,343.333173
2426,343.301288
2427,343.270067
2428,343.239584
2429,343.2102
2430,343.183189
2431,343.162774
2432,344.395728
2433,344.473751
2434,344.647474
2435,345.065571
2436,346.251701
2437,346.46832
2438,346.573926
2439,346.672108
2440,346.764516
2441,346.84389
2442,346.909752
2443,346.963229
2444,347.005616
2445,347.038003
2446,347.061185
2447,347.075612
2448,347.081193
2449,347.076679
2450,347.057634
2451,347.010038
2452,346.890654
2453,346.570593
2454,346.348849
2455,346.261082
2456,346.211136
2457,346.171287
2458,346.13303
2459,346.093355
2460,346.050819
2461,346.004377
2462,345.953008
2463,345.895587
2464,345.830865
2465,345.757598
2466,345.67515
2467,345.585646
2468,345.501328
2469,345.412153
2470,345.192731
2471,344.511149
2472,344.236346
2473,344.094472
2474,343.999965
2475,343.925328
2476,343.861124
2477,343.803654
2478,343.751139
2479,343.70252
2480,343.657057
2481,343.614194
2482,343.573493
2483,343.534606
2484,343.497251
2485,343.461204
2486,343.426282
2487,343.392336
2488,343.359247
2489,343.326922
2490,343.295291
2491,343.264328
2492,343.234103
2493,343.204974
2494,343.1782
2495,343.157966
2496,344.431538
2497,344.515007
2498,344.700266
2499,345.13653
2500,346.332462
2501,346.54403
2502,346.655639
2503,346.760774
2504,346.859429
2505,346.943612
2506,347.012876
2507,347.068523
2508,347.111989
2509,347.144446
2510,347.166704
2511,347.179161
2512,347.181622
2513,347.172722
2514,347.148075
2515,347.09445
2516,346.971242
2517,346.650735
2518,346.412912
2519,346.309317
2520,346.247865
2521,346.199657
2522,346.155115
2523,346.110571
2524,346.064175
2525,346.014611
2526,345.960663
2527,345.901064
2528,345.834458
2529,345.759523
2530,345.675576
2531,345.584749
2532,345.499415
2533,345.409596
2534,345.189636
2535,344.505898
2536,344.229885
2537,344.087208
2538,343.992131
2539,343.917094
2540,343.852625
2541,343.795002
2542,343.742428
2543,343.693825
2544,343.648441
2545,343.605707
2546,343.565174
2547,343.526486
2548,343.489356
2549,343.453551
2550,343.418885
2551,343.385206
2552,343.35239
2553,343.320342
2554,343.288991
2555,343.258308
2556,343.228361
2557,343.199503
2558,343.17298
2559,343.152938
2560,344.461167
2561,344.548245
2562,344.740396
2563,345.186945
2564,346.396371
2565,346.609627
2566,346.726855
2567,346.838152
2568,346.942488
2569,347.031142
2570,347.103592
2571,347.161231
2572,347.205594
2573,347.23791
2574,347.258996
2575,347.2692
2576,347.268238
2577,347.254643
2578,347.223996
2579,347.163277
2580,347.03245
2581,346.703844
2582,346.454993
2583,346.340631
2584,346.270214
2585,346.214865
2586,346.164684
2587,346.115686
2588,346.065765
2589,346.013404
2590,345.957236
2591,345.895874
2592,345.827871
2593,345.751833
2594,345.667028
2595,345.575557
2596,345.489803
2597,345.399767
2598,345.179667
2599,344.49545
2600,344.21925
2601,344.076521
2602,343.981473
2603,343.906522
2604,343.842185
2605,343.784732
2606,343.732359
2607,343.683983
2608,343.638849
2609,343.596381
2610,343.556128
2611,343.517731
2612,343.4809
2613,343.4454
2614,343.411043
2615,343.377673
2616,343.345168
2617,343.313428
2618,343.282384
2619,343.252004
2620,343.222356
2621,343.193787
2622,343.16753
2623,343.14769
2624,344.48405
2625,344.573622
2626,344.770403
2627,345.224096
2628,346.445231
2629,346.660021
2630,346.781413
2631,346.897351
2632,347.006071
2633,347.098223
2634,347.173157
2635,347.23228
2636,347.277174
2637,347.309095
2638,347.328851
2639,347.336749
2640,347.332437
2641,347.314374
2642,347.278116
2643,347.210721
2644,347.072381
2645,346.735643
2646,346.478072
2647,346.35538
2648,346.277675
2649,346.216246
2650,346.161126
2651,346.108184
2652,346.055163
2653,346.000409
2654,345.94244
2655,345.879778
2656,345.810901
2657,345.734358
2658,345.649359
2659,345.55794
2660,345.472373
2661,345.382554
2662,345.162716
2663,344.479716
2664,344.204364
2665,344.062342
2666,343.967928
2667,343.893556
2668,343.829754
2669,343.772799
2670,343.720894
2671,343.672963
2672,343.628252
2673,343.586193
2674,343.546337
2675,343.508326
2676,343.471872
2677,343.436741
2678,343.402746
2679,343.369732
2680,343.337575
2681,343.306178
2682,343.275468
2683,343.245417
2684,343.216088
2685,343.187826
2686,343.161851
2687,343.142222
2688,344.499764
2689,344.591011
2690,344.790891
2691,345.249459
2692,346.478934
2693,346.694785
2694,346.818985
2695,346.938098
2696,347.049847
2697,347.144415
2698,347.221009
2699,347.281017
2700,347.326024
2701,347.357285
2702,347.375589
2703,347.381201
2704,347.373715
2705,347.35154
2706,347.310216
2707,347.236864
2708,347.091845
2709,346.747969
2710,346.483133
2711,346.353555
2712,346.269721
2713,346.203084
2714,346.143688
2715,346.087342
2716,346.031694
2717,345.974999
2718,345.915694
2719,345.852234
2720,345.783046
2721,345.706631
2722,345.622146
2723,345.531524
2724,345.446799
2725,345.357665
2726,345.13852
2727,344.458543
2728,344.185133
2729,344.044617
2730,343.951463
2731,343.878178
2732,343.815321
2733,343.759195
2734,343.708026
2735,343.660755
2736,343.616644
2737,343.575136
2738,343.535793
2739,343.498264
2740,343.462266
2741,343.427571
2742,343.393993
2743,343.361381
2744,343.329613
2745,343.298592
2746,343.268247
2747,343.238548
2748,343.209561
2749,343.181624
2750,343.155945
2751,343.136538
2752,344.508023
2753,344.60026
2754,344.802001
2755,345.263536
2756,346.498132
2757,346.714625
2758,346.840507
2759,346.961519
2760,347.075062
2761,347.171005
2762,347.248446
2763,347.308731
2764,347.353429
2765,347.383772
2766,347.400518
2767,347.403884
2768,347.39341
2769,347.36746
2770,347.321559
2771,347.242874
2772,347.091903
2773,346.741691
2774,346.470478
2775,346.334891
2776,346.24572
2777,346.17456
2778,346.111485
2779,346.052264
2780,345.994482
2781,345.936326
2782,345.876177
2783,345.812451
2784,345.743544
2785,345.667934
2786,345.584726
2787,345.495723
2788,345.412576
2789,345.324664
2790,345.106697
2791,344.431719
2792,344.161451
2793,344.023306
2794,343.932082
2795,343.860407
2796,343.79891
2797,343.743944
2798,343.693775
2799,343.647376
2800,343.604037
2801,343.563221
2802,343.524505
2803,343.487553
2804,343.45209
2805,343.417896
2806,343.38479
2807,343.352627
2808,343.321287
2809,343.290675
2810,343.260724
2811,343.231404
2812,343.20278
2813,343.175187
2814,343.149819
2815,343.130644
2816,344.508657
2817,344.601273
2818,344.803794
2819,345.266635
2820,346.503517
2821,346.720294
2822,346.846904
2823,346.968704
2824,347.082927
2825,347.179281
2826,347.256795
2827,347.316774
2828,347.360757
2829,347.389941
2830,347.405036
2831,347.406205
2832,347.392923
2833,347.363496
2834,347.313421
2835,347.229894
2836,347.073503
2837,346.71743
2838,346.440226
2839,346.299064
2840,346.205052
2841,346.129898
2842,346.063671
2843,346.002087
2844,345.942666
2845,345.883541
2846,345.823054
2847,345.759604
2848,345.691587
2849,345.617483
2850,345.53637
2851,345.449897
2852,345.369179
2853,345.283122
2854,345.066863
2855,344.398937
2856,344.133162
2857,343.998385
2858,343.909827
2859,343.84031
2860,343.78059
2861,343.727108
2862,343.678193
2863,343.63287
2864,343.590466
2865,343.550475
2866,343.512496
2867,343.47621
2868,343.441357
2869,343.407727
2870,343.375148
2871,343.343479
2872,343.312606
2873,343.282438
2874,343.25291
2875,343.223993
2876,343.195753
2877,343.168522
2878,343.143481
2879,343.124548
2880,344.501587
2881,344.594008
2882,344.796314
2883,345.258944
2884,346.495542
2885,346.712282
2886,346.838763
2887,346.960338
2888,347.074211
2889,347.170072
2890,347.246923
2891,347.306042
2892,347.348928
2893,347.376735
2894,347.390112
2895,347.389154
2896,347.373259
2897,347.340666
2898,347.286852
2899,347.199073
2900,347.037981
2901,346.676482
2902,346.393132
2903,346.246399
2904,346.147817
2905,346.069102
2906,346.00022
2907,345.936781
2908,345.87622
2909,345.816614
2910,345.756279
2911,345.69362
2912,345.627065
2913,345.555139
2914,345.476935
2915,345.393955
2916,345.316621
2917,345.233129
2918,345.018912
2919,344.359477
2920,344.099886
2921,343.969789
2922,343.884775
2923,343.818006
2924,343.760478
2925,343.708786
2926,343.661363
2927,343.617302
2928,343.575984
2929,343.53694
2930,343.499798
2931,343.464263
2932,343.430091
2933,343.397086
2934,343.365084
2935,343.333953
2936,343.303585
2937,343.273893
2938,343.244815
2939,343.216327
2940,343.188492
2941,343.161641
2942,343.13694
2943,343.118259
2944,344.486796
2945,344.578459
2946,344.779578
2947,345.240522
2948,346.474344
2949,346.690735
2950,346.816257
2951,346.936627
2952,347.04915
2953,347.14364
2954,347.219118
2955,347.276844
2956,347.318279
2957,347.344521
2958,347.356152
2959,347.353187
2960,347.334942
2961,347.29962
2962,347.242813
2963,347.152222
2964,346.989021
2965,346.624003
2966,346.333272
2967,346.18048
2968,346.077525
2969,345.995728
2970,345.924745
2971,345.85999
2972,345.798784
2973,345.739142
2974,345.679369
2975,345.617895
2976,345.55321
2977,345.483931
2978,345.409232
2979,345.330528
2980,345.257445
2981,345.176885
2982,344.962274
2983,344.310245
2984,344.060327
2985,343.937266
2986,343.857031
2987,343.793675
2988,343.738743
2989,343.689121
2990,343.643397
2991,343.600762
2992,343.560662
2993,343.522672
2994,343.486459
2995,343.451751
2996,343.418324
2997,343.385998
2998,343.35462
2999,343.324069
3000,343.294242
3001,343.265057
3002,343.236457
3003,343.208419
3004,343.18101
3005,343.154556
3006,343.130209
3007,343.111789
3008,344.464324
3009,344.554649
3010,344.753573
3011,345.211295
3012,346.439735
3013,346.655451
3014,346.779147
3015,346.897294
3016,347.007441
3017,347.099669
3018,347.173068
3019,347.228887
3020,347.268544
3021,347.293073
3022,347.302984
3023,347.298208
3024,347.278003
3025,347.240646
3026,347.182346
3027,347.093065
3028,346.938998
3029,346.581349
3030,346.276924
3031,346.117071
3032,346.010405
3033,345.926404
3034,345.854096
3035,345.78864
3036,345.727236
3037,345.667851
3038,345.608785
3039,345.548501
3040,345.485564
3041,345.418701
3042,345.347216
3043,345.27254
3044,345.203573
3045,345.123082
3046,344.87305
3047,344.236445
3048,344.010585
3049,343.900236
3050,343.826752
3051,343.767573
3052,343.715612
3053,343.668291
3054,343.624435
3055,343.58336
3056,343.544585
3057,343.507742
3058,343.472533
3059,343.438717
3060,343.406093
3061,343.374495
3062,343.343786
3063,343.313851
3064,343.284598
3065,343.25595
3066,343.227853
3067,343.200289
3068,343.173324
3069,343.147283
3070,343.123303
3071,343.105152
3072,344.434277
3073,344.52264
3074,344.718265
3075,345.17107
3076,346.391241
3077,346.605915
3078,346.726807
3079,346.841608
3080,346.948275
3081,347.037312
3082,347.107916
3083,347.161328
3084,347.19891
3085,347.221624
3086,347.229904
3087,347.223604
3088,347.201959
3089,347.163487
3090,347.105903
3091,347.026617
3092,346.928236
3093,346.736327
3094,346.338224
3095,346.042655
3096,345.924801
3097,345.838571
3098,345.765662
3099,345.700079
3100,345.638735
3101,345.57952
3102,345.520718
3103,345.4608
3104,345.39835
3105,345.332122
3106,345.261428
3107,345.187429
3108,345.112459
3109,344.889224
3110,344.364061
3111,344.085798
3112,343.944725
3113,343.85867
3114,343.794427
3115,343.740097
3116,343.691373
3117,343.646511
3118,343.60464
3119,343.565219
3120,343.527851
3121,343.492225
3122,343.458083
3123,343.425214
3124,343.393441
3125,343.362615
3126,343.332612
3127,343.303329
3128,343.274679
3129,343.246595
3130,343.219025
3131,343.191955
3132,343.165453
3133,343.13984
3134,343.116239
3135,343.098366
3136,344.39686
3137,344.482558
3138,344.673609
3139,345.119559
3140,346.328263
3141,346.541467
3142,346.658395
3143,346.768561
3144,346.870537
3145,346.955406
3146,347.022497
3147,347.073024
3148,347.108273
3149,347.129123
3150,347.135925
3151,347.128471
3152,347.105968
3153,347.067068
3154,347.010205
3155,346.935391
3156,346.851918
3157,346.728792
3158,346.386184
3159,345.515763
3160,345.22467
3161,345.091274
3162,345.005873
3163,344.937822
3164,344.877369
3165,344.820607
3166,344.765415
3167,344.7103
3168,344.654051
3169,344.595635
3170,344.534131
3171,344.468191
3172,344.391982
3173,344.274623
3174,344.101791
3175,343.973099
3176,343.884268
3177,343.817276
3178,343.761422
3179,343.711828
3180,343.666365
3181,343.624012
3182,343.584182
3183,343.546471
3184,343.510564
3185,343.476205
3186,343.443177
3187,343.411298
3188,343.380415
3189,343.350397
3190,343.321133
3191,343.292532
3192,343.264514
3193,343.237018
3194,343.209998
3195,343.183441
3196,343.157419
3197,343.132248
3198,343.109038
3199,343.091449
3200,344.352407
3201,344.434581
3202,344.619443
3203,345.056257
3204,346.250611
3205,346.461907
3206,346.573501
3207,346.677589
3208,346.773598
3209,346.853339
3210,346.916256
3211,346.963491
3212,346.996219
3213,347.015216
3214,347.020757
3215,347.012584
3216,346.989895
3217,346.951405
3218,346.895786
3219,346.823615
3220,346.744786
3221,346.63292
3222,346.286998
3223,345.292162
3224,344.942001
3225,344.788405
3226,344.697664
3227,344.629335
3228,344.570383
3229,344.515932
3230,344.463655
3231,344.412108
3232,344.36023
3233,344.30717
3234,344.252177
3235,344.194279
3236,344.131126
3237,344.05691
3238,343.972177
3239,343.896635
3240,343.832984
3241,343.777967
3242,343.728635
3243,343.68326
3244,343.640906
3245,343.601022
3246,343.563233
3247,343.527249
3248,343.492829
3249,343.459766
3250,343.427882
3251,343.397026
3252,343.367064
3253,343.337883
3254,343.309388
3255,343.281495
3256,343.254134
3257,343.227248
3258,343.200797
3259,343.174773
3260,343.149245
3261,343.12453
3262,343.10172
3263,343.084423
3264,344.30139
3265,344.378815
3266,344.554914
3267,344.979154
3268,346.159725
3269,346.369553
3270,346.474551
3271,346.571243
3272,346.660245
3273,346.734174
3274,346.792514
3275,346.836262
3276,346.866438
3277,346.8837
3278,346.88825
3279,346.879809
3280,346.857604
3281,346.820442
3282,346.767136
3283,346.698332
3284,346.623332
3285,346.514846
3286,346.165437
3287,345.141872
3288,344.779474
3289,344.622905
3290,344.532909
3291,344.466587
3292,344.41006
3293,344.358253
3294,344.308868
3295,344.260573
3296,344.212451
3297,344.163817
3298,344.114143
3299,344.062955
3300,344.009614
3301,343.953315
3302,343.895163
3303,343.839644
3304,343.788288
3305,343.740778
3306,343.696438
3307,343.654724
3308,343.615253
3309,343.57774
3310,343.541949
3311,343.507679
3312,343.474746
3313,343.442991
3314,343.41227
3315,343.382456
3316,343.353438
3317,343.325119
3318,343.297415
3319,343.270253
3320,343.24357
3321,343.217315
3322,343.191453
3323,343.165977
3324,343.140959
3325,343.116711
3326,343.094311
3327,343.077311
3328,344.244439
3329,344.315008
3330,344.476495
3331,344.876759
3332,346.050461
3333,346.275773
3334,346.375199
3335,346.464617
3336,346.546894
3337,346.615424
3338,346.669634
3339,346.710323
3340,346.738337
3341,346.754222
3342,346.758122
3343,346.749762
3344,346.728434
3345,346.693079
3346,346.642689
3347,346.577938
3348,346.507132
3349,346.397224
3350,346.016981
3351,344.993657
3352,344.647332
3353,344.500405
3354,344.416115
3355,344.353809
3356,344.300595
3357,344.251835
3358,344.205473
3359,344.160352
3360,344.1157
3361,344.070974
3362,344.0258
3363,343.979943
3364,343.933286
3365,343.885892
3366,343.838401
3367,343.792092
3368,343.74768
3369,343.705326
3370,343.664956
3371,343.626432
3372,343.589606
3373,343.554333
3374,343.520468
3375,343.487872
3376,343.45641
3377,343.425959
3378,343.396406
3379,343.367646
3380,343.339588
3381,343.312148
3382,343.285254
3383,343.258842
3384,343.232857
3385,343.207252
3386,343.181996
3387,343.157084
3388,343.132589
3389,343.10882
3390,343.086838
3391,343.07014
3392,344.182589
3393,344.242806
3394,344.375408
3395,344.694497
3396,345.629088
3397,346.12883
3398,346.248394
3399,346.33465
3400,346.412061
3401,346.476584
3402,346.52778
3403,346.566285
3404,346.592806
3405,346.607799
3406,346.611375
3407,346.603273
3408,346.582859
3409,346.549206
3410,346.501442
3411,346.439845
3412,346.368231
3413,346.186083
3414,345.526115
3415,344.778273
3416,344.512012
3417,344.39117
3418,344.317407
3419,344.260795
3420,344.211594
3421,344.166201
3422,344.122976
3423,344.080982
3424,344.039598
3425,343.998395
3426,343.957095
3427,343.915563
3428,343.873794
3429,343.831935
3430,343.790334
3431,343.749483
3432,343.709746
3433,343.671309
3434,343.634236
3435,343.598519
3436,343.564109
3437,343.530934
3438,343.498904
3439,343.467927
3440,343.437904
3441,343.408742
3442,343.380352
3443,343.352651
3444,343.325561
3445,343.299014
3446,343.272946
3447,343.247302
3448,343.222032
3449,343.197094
3450,343.172459
3451,343.148126
3452,343.124167
3453,343.100888
3454,343.079332
3455,343.062939
3456,344.118078
3457,344.165661
3458,344.25811
3459,344.439028
3460,344.829181
3461,345.60404
3462,345.869729
3463,345.965817
3464,346.039894
3465,346.100849
3466,346.149277
3467,346.185776
3468,346.210949
3469,346.22518
3470,346.228553
3471,346.220827
3472,346.201438
3473,346.169557
3474,346.124246
3475,346.063589
3476,345.964585
3477,345.498387
3478,344.852344
3479,344.530523
3480,344.376204
3481,344.289069
3482,344.228017
3483,344.177889
3484,344.133053
3485,344.091185
3486,344.05113
3487,344.012188
3488,343.973881
3489,343.935879
3490,343.89797
3491,343.860058
3492,343.82215
3493,343.784356
3494,343.746873
3495,343.709946
3496,343.673787
3497,343.638542
3498,343.604293
3499,343.571069
3500,343.538863
3501,343.50764
3502,343.477349
3503,343.447925
3504,343.4193
3505,343.391404
3506,343.364166
3507,343.337521
3508,343.311405
3509,343.285759
3510,343.260531
3511,343.235669
3512,343.211129
3513,343.186875
3514,343.162878
3515,343.139139
3516,343.115729
3517,343.092948
3518,343.071825
3519,343.055742
3520,344.054047
3521,344.091199
3522,344.154418
3523,344.253724
3524,344.413796
3525,344.640173
3526,344.773027
3527,344.850351
3528,344.907818
3529,344.954089
3530,344.991013
3531,345.019124
3532,345.038679
3533,345.049803
3534,345.052489
3535,345.046581
3536,345.03177
3537,345.007545
3538,344.972853
3539,344.924158
3540,344.846242
3541,344.684466
3542,344.484165
3543,344.346662
3544,344.258484
3545,344.196055
3546,344.145923
3547,344.101947
3548,344.061425
3549,344.023061
3550,343.986117
3551,343.950108
3552,343.914684
3553,343.879598
3554,343.844692
3555,343.80989
3556,343.775194
3557,343.740673
3558,343.706446
3559,343.672656
3560,343.63944
3561,343.606904
3562,343.575121
3563,343.544127
3564,343.513933
3565,343.484524
3566,343.455872
3567,343.427933
3568,343.40066
3569,343.374
3570,343.347899
3571,343.322304
3572,343.297163
3573,343.272426
3574,343.248046
3575,343.22398
3576,343.200187
3577,343.176632
3578,343.153289
3579,343.130159
3580,343.107311
3581,343.08504
3582,343.064356
3583,343.048585
3584,343.992432
3585,344.022258
3586,344.068206
3587,344.129301
3588,344.208303
3589,344.299917
3590,344.372654
3591,344.427986
3592,344.472774
3593,344.509766
3594,344.539702
3595,344.562743
3596,344.578922
3597,344.588228
3598,344.590609
3599,344.585963
3600,344.574135
3601,344.554887
3602,344.52771
3603,344.49112
3604,344.440728
3605,344.368388
3606,344.286069
3607,344.215996
3608,344.159593
3609,344.112298
3610,344.070391
3611,344.031749
3612,343.995244
3613,343.960222
3614,343.926251
3615,343.893015
3616,343.860272
3617,343.827844
3618,343.795617
3619,343.763535
3620,343.731593
3621,343.699835
3622,343.668335
3623,343.637188
3624,343.606483
3625,343.576301
3626,343.546699
3627,343.517713
3628,343.48936
3629,343.461637
3630,343.434528
3631,343.408006
3632,343.382036
3633,343.35658
3634,343.331597
3635,343.307043
3636,343.282876
3637,343.259052
3638,343.235532
3639,343.212275
3640,343.189243
3641,343.166404
3642,343.143732
3643,343.121226
3644,343.098954
3645,343.077204
3646,343.056967
3647,343.041511
3648,343.934
3649,343.958777
3650,343.994682
3651,344.037982
3652,344.08734
3653,344.139522
3654,344.187092
3655,344.228421
3656,344.264075
3657,344.294358
3658,344.319243
3659,344.338607
3660,344.352337
3661,344.360344
3662,344.362553
3663,344.358899
3664,344.349326
3665,344.333784
3666,344.312185
3667,344.284251
3668,344.249273
3669,344.206721
3670,344.160323
3671,344.115749
3672,344.07465
3673,344.036585
3674,344.000776
3675,343.966628
3676,343.933737
3677,343.901812
3678,343.870618
3679,343.839963
3680,343.809691
3681,343.779683
3682,343.74986
3683,343.720182
3684,343.690645
3685,343.661278
3686,343.632132
3687,343.603269
3688,343.574755
3689,343.546649
3690,343.518996
3691,343.49183
3692,343.465168
3693,343.439013
3694,343.413357
3695,343.388185
3696,343.363471
3697,343.339188
3698,343.315302
3699,343.291779
3700,343.268583
3701,343.245677
3702,343.223024
3703,343.200589
3704,343.178335
3705,343.15623
3706,343.134248
3707,343.112385
3708,343.090706
3709,343.069489
3710,343.049706
3711,343.034569
3712,343.87895
3713,343.900061
3714,343.929623
3715,343.963568
3716,344.000102
3717,344.037397
3718,344.073026
3719,344.105693
3720,344.134827
3721,344.160045
3722,344.181021
3723,344.197501
3724,344.209296
3725,344.216278
3726,344.218363
3727,344.215506
3728,344.207708
3729,344.195018
3730,344.177545
3731,344.155441
3732,344.128925
3733,344.098522
3734,344.065732
3735,344.03243
3736,343.999625
3737,343.967634
3738,343.936481
3739,343.906101
3740,343.876403
3741,343.847283
3742,343.818633
3743,343.790349
3744,343.762336
3745,343.734524
3746,343.706861
3747,343.679324
3748,343.651913
3749,343.624647
3750,343.597565
3751,343.570711
3752,343.544134
3753,343.51788
3754,343.491984
3755,343.466476
3756,343.441372
3757,343.41668
3758,343.392396
3759,343.36851
3760,343.345006
3761,343.321863
3762,343.299054
3763,343.27655
3764,343.254323
3765,343.232338
3766,343.210563
3767,343.188963
3768,343.167504
3769,343.146153
3770,343.124882
3771,343.103684
3772,343.082618
3773,343.061951
3774,343.042633
3775,343.027817
3776,343.827279
3777,343.845551
3778,343.870665
3779,343.898826
3780,343.928398
3781,343.958177
3782,343.986979
3783,344.013894
3784,344.038267
3785,344.059598
3786,344.077496
3787,344.091668
3788,344.101898
3789,344.108045
3790,344.110021
3791,344.107794
3792,344.10139
3793,344.090898
3794,344.076488
3795,344.058419
3796,344.03706
3797,344.012952
3798,343.986892
3799,343.959748
3800,343.93216
3801,343.904517
3802,343.877031
3803,343.84981
3804,343.822891
3805,343.796268
3806,343.76991
3807,343.743771
3808,343.717806
3809,343.691977
3810,343.666256
3811,343.640633
3812,343.615111
3813,343.58971
3814,343.564458
3815,343.53939
3816,343.514544
3817,343.489954
3818,343.465653
3819,343.441663
3820,343.418001
3821,343.394676
3822,343.371687
3823,343.34903
3824,343.326692
3825,343.304656
3826,343.282903
3827,343.261408
3828,343.240144
3829,343.219083
3830,343.198194
3831,343.177444
3832,343.156798
3833,343.136222
3834,343.115687
3835,343.09518
3836,343.074752
3837,343.054657
3838,343.035818
3839,343.021329
3840,343.778986
3841,343.794962
3842,343.816714
3843,343.840828
3844,343.865871
3845,343.89093
3846,343.915221
3847,343.938065
3848,343.958893
3849,343.977236
3850,343.992721
3851,344.005056
3852,344.014028
3853,344.019493
3854,344.021366
3855,344.01962
3856,344.014289
3857,344.005473
3858,343.993345
3859,343.978161
3860,343.960264
3861,343.94009
3862,343.918158
3863,343.895001
3864,343.871072
3865,343.846712
3866,343.82216
3867,343.797569
3868,343.773033
3869,343.748594
3870,343.724266
3871,343.700043
3872,343.675913
3873,343.65186
3874,343.627877
3875,343.603964
3876,343.580128
3877,343.556387
3878,343.532766
3879,343.509294
3880,343.486001
3881,343.462916
3882,343.440065
3883,343.417469
3884,343.395143
3885,343.373096
3886,343.35133
3887,343.329842
3888,343.308624
3889,343.287663
3890,343.266941
3891,343.246439
3892,343.226132
3893,343.205995
3894,343.185997
3895,343.166107
3896,343.146292
3897,343.126514
3898,343.10674
3899,343.086954
3900,343.067193
3901,343.047698
3902,343.02936
3903,343.015207
3904,343.734365
3905,343.748459
3906,343.767598
3907,343.78872
3908,343.81055
3909,343.832326
3910,343.853431
3911,343.873321
3912,343.891513
3913,343.907595
3914,343.921225
3915,343.932133
3916,343.940117
3917,343.945036
3918,343.94681
3919,343.945415
3920,343.940885
3921,343.933316
3922,343.922867
3923,343.909765
3924,343.894301
3925,343.876823
3926,343.857717
3927,343.837369
3928,343.816128
3929,343.794285
3930,343.772065
3931,343.749629
3932,343.727089
3933,343.704514
3934,343.681943
3935,343.659394
3936,343.636876
3937,343.614392
3938,343.591944
3939,343.569541
3940,343.547195
3941,343.524924
3942,343.502748
3943,343.480695
3944,343.458788
3945,343.437054
3946,343.415515
3947,343.394189
3948,343.37309
3949,343.352227
3950,343.331604
3951,343.311218
3952,343.291064
3953,343.271132
3954,343.251406
3955,343.231869
3956,343.212499
3957,343.193272
3958,343.17416
3959,343.155132
3960,343.136152
3961,343.117185
3962,343.098192
3963,343.079151
3964,343.060089
3965,343.041225
3966,343.023415
3967,343.009612
3968,343.694876
3969,343.707482
3970,343.724656
3971,343.743611
3972,343.763177
3973,343.782668
3974,343.801555
3975,343.819366
3976,343.835683
3977,343.850139
3978,343.862422
3979,343.872284
3980,343.879534
3981,343.88404
3982,343.885725
3983,343.884565
3984,343.880594
3985,343.873899
3986,343.864624
3987,343.852968
3988,343.839181
3989,343.823553
3990,343.806395
3991,343.78802
3992,343.768717
3993,343.74874
3994,343.728293
3995,343.707536
3996,343.686584
3997,343.665518
3998,343.644389
3999,343.62323
4000,343.602062
4001,343.580896
4002,343.559746
4003,343.538622
4004,343.517539
4005,343.496516
4006,343.475573
4007,343.454732
4008,343.434016
4009,343.413449
4010,343.393048
4011,343.372833
4012,343.352815
4013,343.333003
4014,343.313401
4015,343.294009
4016,343.274821
4017,343.255829
4018,343.23702
4019,343.218377
4020,343.199881
4021,343.181509
4022,343.163234
4023,343.145025
4024,343.126848
4025,343.108665
4026,343.090436
4027,343.072133
4028,343.053772
4029,343.035553
4030,343.018289
4031,343.004851
4032,343.665923
4033,343.677557
4034,343.693515
4035,343.71117
4036,343.729398
4037,343.747554
4038,343.765144
4039,343.781739
4040,343.796951
4041,343.810442
4042,343.82192
4043,343.831152
4044,343.837954
4045,343.842202
4046,343.84382
4047,343.842787
4048,343.839134
4049,343.832941
4050,343.824343
4051,343.813522
4052,343.800704
4053,343.786148
4054,343.770129
4055,343.752924
4056,343.734795
4057,343.71597
4058,343.696644
4059,343.676969
4060,343.657061
4061,343.637003
4062,343.616852
4063,343.596646
4064,343.576411
4065,343.556165
4066,343.535922
4067,343.515696
4068,343.495503
4069,343.475362
4070,343.455291
4071,343.435312
4072,343.415446
4073,343.395714
4074,343.376135
4075,343.356725
4076,343.337495
4077,343.318455
4078,343.299607
4079,343.280953
4080,343.262488
4081,343.244204
4082,343.226088
4083,343.208127
4084,343.1903
4085,343.172586
4086,343.154959
4087,343.137389
4088,343.119842
4089,343.102279
4090,343.084661
4091,343.066955
4092,343.049173
4093,343.031498
4094,343.014714
4095,343.001609
4096,344.12907
4097,344.163411
4098,344.192478
4099,344.217058
4100,344.237645
4101,344.254554
4102,344.267971
4103,344.277966
4104,344.284498
4105,344.287415
4106,344.286438
4107,344.281149
4108,344.270961
4109,344.255067
4110,344.232349
4111,344.201162
4112,344.15876
4113,344.131847
4114,344.11933
4115,344.120435
4116,344.134923
4117,344.163144
4118,344.206065
4119,344.265303
4120,344.343165
4121,344.442575
4122,344.566549
4123,344.69773
4124,344.798437
4125,344.875297
4126,344.932352
4127,344.972331
4128,344.997131
4129,345.008017
4130,345.005724
4131,344.990512
4132,344.962174
4133,344.920031
4134,344.862886
4135,344.788939
4136,344.695607
4137,344.579129
4138,344.433528
4139,344.272978
4140,344.136881
4141,344.021551
4142,343.923277
4143,343.838879
4144,343.765754
4145,343.701796
4146,343.645303
4147,343.594895
4148,343.549448
4149,343.508044
4150,343.469923
4151,343.434457
4152,343.401114
4153,343.369442
4154,343.339044
4155,343.309562
4156,343.280652
4157,343.25196
4158,343.223079
4159,343.193459
4160,344.169188
4161,344.205311
4162,344.235861
4163,344.261695
4164,344.283338
4165,344.301124
4166,344.315251
4167,344.325794
4168,344.332712
4169,344.335846
4170,344.33491
4171,344.329472
4172,344.31893
4173,344.302465
4174,344.278958
4175,344.246818
4176,344.203532
4177,344.17587
4178,344.163022
4179,344.164307
4180,344.179527
4181,344.209066
4182,344.253928
4183,344.315774
4184,344.396944
4185,344.500333
4186,344.628722
4187,344.764248
4188,344.868824
4189,344.948826
4190,345.008276
4191,345.049945
4192,345.075775
4193,345.087071
4194,345.084594
4195,345.068611
4196,345.038908
4197,344.994782
4198,344.934996
4199,344.857697
4200,344.760248
4201,344.638864
4202,344.487679
4203,344.321215
4204,344.179439
4205,344.058991
4206,343.956199
4207,343.867832
4208,343.791214
4209,343.724165
4210,343.664916
4211,343.612031
4212,343.564337
4213,343.520877
4214,343.480857
4215,343.44362
4216,343.408616
4217,343.375373
4218,343.343482
4219,343.312576
4220,343.282314
4221,343.252361
4222,343.222368
4223,343.191959
4224,344.202898
4225,344.240596
4226,344.272485
4227,344.299464
4228,344.322083
4229,344.340695
4230,344.355506
4231,344.366596
4232,344.373926
4233,344.377335
4234,344.376532
4235,344.371081
4236,344.360376
4237,344.343602
4238,344.319668
4239,344.287048
4240,344.243375
4241,344.215393
4242,344.202465
4243,344.204002
4244,344.219861
4245,344.250459
4246,344.296826
4247,344.360637
4248,344.444218
4249,344.550389
4250,344.681733
4251,344.820122
4252,344.927323
4253,345.009531
4254,345.070694
4255,345.113567
4256,345.140105
4257,345.151627
4258,345.148907
4259,345.132216
4260,345.101336
4261,345.055549
4262,344.993601
4263,344.913618
4264,344.81296
4265,344.687875
4266,344.532616
4267,344.361865
4268,344.215836
4269,344.091408
4270,343.984994
4271,343.893373
4272,343.81384
4273,343.744177
4274,343.682572
4275,343.627549
4276,343.577902
4277,343.532642
4278,343.490953
4279,343.452159
4280,343.415692
4281,343.381072
4282,343.347885
4283,343.315767
4284,343.284389
4285,343.253448
4286,343.22266
4287,343.191771
4288,344.231172
4289,344.27023
4290,344.303303
4291,344.331313
4292,344.354828
4293,344.374212
4294,344.389679
4295,344.401316
4296,344.409084
4297,344.412822
4298,344.412239
4299,344.406896
4300,344.396192
4301,344.379322
4302,344.35522
4303,344.322409
4304,344.278598
4305,344.250533
4306,344.237666
4307,344.239473
4308,344.255855
4309,344.287256
4310,344.334721
4311,344.399924
4312,344.485168
4313,344.593206
4314,344.726497
4315,344.866759
4316,344.975673
4317,345.059329
4318,345.121613
4319,345.165256
4320,345.192202
4321,345.203776
4322,345.200756
4323,345.183415
4324,345.151532
4325,345.104385
4326,345.04071
4327,344.958634
4328,344.855529
4329,344.727685
4330,344.569423
4331,344.395513
4332,344.246325
4333,344.118873
4334,344.009646
4335,343.915444
4336,343.833561
4337,343.761756
4338,343.698196
4339,343.641379
4340,343.590076
4341,343.543279
4342,343.500155
4343,343.460016
4344,343.422286
4345,343.38648
4346,343.352186
4347,343.319047
4348,343.286752
4349,343.255029
4350,343.223642
4351,343.192404
4352,344.254583
4353,344.294792
4354,344.32889
4355,344.357812
4356,344.382137
4357,344.402238
4358,344.418334
4359,344.430515
4360,344.438744
4361,344.442862
4362,344.442577
4363,344.437451
4364,344.426887
4365,344.410089
4366,344.386009
4367,344.353202
4368,344.309413
4369,344.281403
4370,344.268666
4371,344.27072
4372,344.287491
4373,344.319442
4374,344.367627
4375,344.433718
4376,344.519993
4377,344.629162
4378,344.763614
4379,344.904981
4380,345.014882
4381,345.099356
4382,345.162248
4383,345.206265
4384,345.233343
4385,345.244806
4386,345.241432
4387,345.223496
4388,345.190776
4389,345.142548
4390,345.077548
4391,344.993907
4392,344.889011
4393,344.759179
4394,344.598772
4395,344.422602
4396,344.271146
4397,344.141493
4398,344.030179
4399,343.934028
4400,343.850334
4401,343.776852
4402,343.711734
4403,343.653467
4404,343.600807
4405,343.552735
4406,343.508411
4407,343.467139
4408,343.428342
4409,343.391535
4410,343.35631
4411,343.322321
4412,343.289275
4413,343.256923
4414,343.225064
4415,343.193547
4416,344.273479
4417,344.314639
4418,344.349602
4419,344.379315
4420,344.404362
4421,344.42512
4422,344.441814
4423,344.454534
4424,344.463246
4425,344.46779
4426,344.467875
4427,344.463065
4428,344.452762
4429,344.436177
4430,344.412271
4431,344.379612
4432,344.335965
4433,344.308096
4434,344.295518
4435,344.297766
4436,344.314782
4437,344.347037
4438,344.395589
4439,344.462107
4440,344.548857
4441,344.658528
4442,344.793474
4443,344.935286
4444,345.045556
4445,345.130298
4446,345.193335
4447,345.237362
4448,345.264313
4449,345.275508
4450,345.271729
4451,345.25325
4452,345.219852
4453,345.170809
4454,345.104858
4455,345.020134
4456,344.914033
4457,344.782888
4458,344.621076
4459,344.443429
4460,344.290481
4461,344.159361
4462,344.046628
4463,343.949121
4464,343.864138
4465,343.789432
4466,343.723151
4467,343.663775
4468,343.610057
4469,343.560972
4470,343.51568
4471,343.473484
4472,343.433808
4473,343.396174
4474,343.360181
4475,343.325494
4476,343.291835
4477,343.258975
4478,343.226734
4479,343.194981
4480,344.288048
4481,344.32996
4482,344.365631
4483,344.396011
4484,344.421689
4485,344.443044
4486,344.460302
4487,344.473555
4488,344.482769
4489,344.487785
4490,344.488309
4491,344.483907
4492,344.473979
4493,344.457735
4494,344.434136
4495,344.40175
4496,344.358348
4497,344.330686
4498,344.318275
4499,344.320653
4500,344.337763
4501,344.370078
4502,344.418656
4503,344.485166
4504,344.571875
4505,344.681466
4506,344.816292
4507,344.957944
4508,345.068012
4509,345.152508
4510,345.215254
4511,345.258944
4512,345.285514
4513,345.296289
4514,345.292054
4515,345.273083
4516,345.23916
4517,345.189558
4518,345.123017
4519,345.037669
4520,344.930911
4521,344.799081
4522,344.63655
4523,344.458148
4524,344.304431
4525,344.172532
4526,344.059017
4527,343.960728
4528,343.874966
4529,343.799483
4530,343.732427
4531,343.672281
4532,343.617799
4533,343.567961
4534,343.521928
4535,343.479011
4536,343.43864
4537,343.400344
4538,343.363732
4539,343.328482
4540,343.294328
4541,343.261057
4542,343.228504
4543,343.196549
4544,344.298334
4545,344.340801
4546,344.377019
4547,344.407942
4548,344.434157
4549,344.456046
4550,344.473835
4551,344.487614
4552,344.497351
4553,344.502885
4554,344.503921
4555,344.50002
4556,344.490581
4557,344.474807
4558,344.451648
4559,344.419663
4560,344.376611
4561,344.34922
4562,344.336985
4563,344.339427
4564,344.35648
4565,344.38861
4566,344.436874
4567,344.502945
4568,344.589098
4569,344.698035
4570,344.832132
4571,344.973017
4572,345.082318
4573,345.166057
4574,345.228073
4575,345.271075
4576,345.29701
4577,345.30721
4578,345.302463
4579,345.28305
4580,345.248753
4581,345.19885
4582,345.132076
4583,345.04656
4584,344.939692
4585,344.807794
4586,344.645223
4587,344.466785
4588,344.31301
4589,344.181013
4590,344.067349
4591,343.96885
4592,343.882816
4593,343.807
4594,343.739558
4595,343.678978
4596,343.624024
4597,343.573686
4598,343.527136
4599,343.483694
4600,343.442802
4601,343.403998
4602,343.366906
4603,343.331213
4604,343.296667
4605,343.263068
4606,343.230261
4607,343.198134
4608,344.304249
4609,344.34707
4610,344.383672
4611,344.415008
4612,344.441667
4613,344.464027
4614,344.482312
4615,344.496612
4616,344.506894
4617,344.512996
4618,344.51462
4619,344.511325
4620,344.502501
4621,344.487339
4622,344.464772
4623,344.433336
4624,344.390764
4625,344.36373
4626,344.351693
4627,344.354145
4628,344.370992
4629,344.402689
4630,344.450286
4631,344.515464
4632,344.600519
4633,344.708189
4634,344.840902
4635,344.980373
4636,345.088299
4637,345.170736
4638,345.231558
4639,345.273501
4640,345.29853
4641,345.307988
4642,345.302671
4643,345.282862
4644,345.248349
4645,345.198408
4646,345.131773
4647,345.046565
4648,344.940156
4649,344.808844
4650,344.646949
4651,344.469232
4652,344.316147
4653,344.184764
4654,344.071604
4655,343.973483
4656,343.887693
4657,343.811995
4658,343.744554
4659,343.683875
4660,343.628737
4661,343.578148
4662,343.531296
4663,343.487517
4664,343.446267
4665,343.407102
4666,343.369655
4667,343.333629
4668,343.298783
4669,343.264928
4670,343.231918
4671,343.199646
4672,344.305566
4673,344.34853
4674,344.385345
4675,344.416964
4676,344.443969
4677,344.466736
4678,344.485484
4679,344.500304
4680,344.511158
4681,344.517883
4682,344.520184
4683,344.517612
4684,344.509551
4685,344.495174
4686,344.473388
4687,344.442691
4688,344.400775
4689,344.374228
4690,344.362448
4691,344.364875
4692,344.381379
4693,344.412386
4694,344.458939
4695,344.522725
4696,344.606074
4697,344.711781
4698,344.842363
4699,344.979673
4700,345.085531
4701,345.16605
4702,345.225158
4703,345.265632
4704,345.289458
4705,345.297992
4706,345.292036
4707,345.271878
4708,345.237309
4709,345.18761
4710,345.121513
4711,345.037132
4712,344.931813
4713,344.801811
4714,344.641396
4715,344.465248
4716,344.313685
4717,344.183696
4718,344.071746
4719,343.974624
4720,343.889616
4721,343.814495
4722,343.747447
4723,343.686999
4724,343.631959
4725,343.581359
4726,343.534412
4727,343.490475
4728,343.449024
4729,343.409631
4730,343.371947
4731,343.335687
4732,343.300623
4733,343.266576
4734,343.233409
4735,343.20102
4736,344.301907
4737,344.344789
4738,344.381639
4739,344.413403
4740,344.440657
4741,344.463767
4742,344.482949
4743,344.498287
4744,344.509745
4745,344.51716
4746,344.520237
4747,344.518528
4748,344.511407
4749,344.498033
4750,344.477276
4751,344.447581
4752,344.406575
4753,344.380717
4754,344.369311
4755,344.371719
4756,344.387755
4757,344.417808
4758,344.462901
4759,344.524728
4760,344.605657
4761,344.708566
4762,344.836108
4763,344.970352
4764,345.073307
4765,345.151177
4766,345.207968
4767,345.246505
4768,345.268796
4769,345.276202
4770,345.269528
4771,345.249066
4772,345.214612
4773,345.165456
4774,345.100336
4775,345.017363
4776,344.913857
4777,344.786019
4778,344.628034
4779,344.454458
4780,344.305391
4781,344.177688
4782,344.067735
4783,343.972284
4784,343.888625
4785,343.814553
4786,343.748288
4787,343.688399
4788,343.633732
4789,343.583352
4790,343.536506
4791,343.492579
4792,343.451071
4793,343.411575
4794,343.373759
4795,343.337355
4796,343.302148
4797,343.267968
4798,343.234687
4799,343.202206
4800,344.292721
4801,344.335276
4802,344.371973
4803,344.403742
4804,344.431145
4805,344.454537
4806,344.474123
4807,344.489985
4808,344.502085
4809,344.510263
4810,344.514232
4811,344.513547
4812,344.507586
4813,344.495491
4814,344.476097
4815,344.447775
4816,344.408056
4817,344.383202
4818,344.372374
4819,344.374827
4820,344.390298
4821,344.419123
4822,344.462294
4823,344.5215
4824,344.599145
4825,344.698214
4826,344.821558
4827,344.951577
4828,345.050579
4829,345.124906
4830,345.178668
4831,345.214731
4832,345.235111
4833,345.241163
4834,345.233681
4835,345.212957
4836,345.178796
4837,345.130506
4838,345.066851
4839,344.985952
4840,344.885116
4841,344.760479
4842,344.606108
4843,344.436355
4844,344.290974
4845,344.166615
4846,344.059553
4847,343.966509
4848,343.884796
4849,343.812254
4850,343.747164
4851,343.688152
4852,343.634118
4853,343.584177
4854,343.537615
4855,343.493853
4856,343.45242
4857,343.412933
4858,343.375082
4859,343.338615
4860,343.303331
4861,343.269072
4862,343.235715
4863,343.203169
4864,344.277247
4865,344.319208
4866,344.355552
4867,344.387185
4868,344.414642
4869,344.438258
4870,344.458225
4871,344.474618
4872,344.487401
4873,344.496424
4874,344.501411
4875,344.501938
4876,344.497395
4877,344.48693
4878,344.469348
4879,344.442937
4880,344.405071
4881,344.381708
4882,344.371791
4883,344.374433
4884,344.38928
4885,344.416604
4886,344.457343
4887,344.513152
4888,344.586449
4889,344.680332
4890,344.797934
4891,344.92218
4892,345.015858
4893,345.085534
4894,345.135421
4895,345.1684
4896,345.186456
4897,345.190906
4898,345.182516
4899,345.161567
4900,345.12788
4901,345.0808
4902,345.019141
4903,344.941076
4904,344.843936
4905,344.723808
4906,344.574592
4907,344.410302
4908,344.270125
4909,344.150393
4910,344.047249
4911,343.957415
4912,343.878266
4913,343.807736
4914,343.744198
4915,343.686363
4916,343.633205
4917,343.583902
4918,343.53779
4919,343.494332
4920,343.453093
4921,343.413718
4922,343.375918
4923,343.339461
4924,343.30416
4925,343.269868
4926,343.236471
4927,343.203885
4928,344.254456
4929,344.29553
4930,344.331321
4931,344.362681
4932,344.390103
4933,344.413892
4934,344.434221
4935,344.451157
4936,344.464667
4937,344.474617
4938,344.480755
4939,344.482694
4940,344.479866
4941,344.47146
4942,344.456291
4943,344.432573
4944,344.397446
4945,344.376328
4946,344.367828
4947,344.370901
4948,344.385116
4949,344.410676
4950,344.448439
4951,344.499964
4952,344.567607
4953,344.654532
4954,344.764235
4955,344.880518
4956,344.967037
4957,345.030681
4958,345.075717
4959,345.104946
4960,345.120245
4961,345.122838
4962,345.113431
4963,345.092286
4964,345.059246
4965,345.013717
4966,344.95461
4967,344.880223
4968,344.788004
4969,344.674066
4970,344.53212
4971,344.375571
4972,344.242604
4973,344.129068
4974,344.031004
4975,343.945224
4976,343.869258
4977,343.801199
4978,343.73956
4979,343.683173
4980,343.631107
4981,343.582616
4982,343.5371
4983,343.494069
4984,343.453127
4985,343.413951
4986,343.376277
4987,343.339893
4988,343.304628
4989,343.270346
4990,343.236943
4991,343.204339
4992,344.222935
4993,344.262816
4994,344.297863
4995,344.328832
4996,344.356148
4997,344.38007
4998,344.400749
4999,344.418242
5000,344.432523
5001,344.443477
5002,344.450893
5003,344.45444
5004,344.453637
5005,344.447777
5006,344.43579
5007,344.415924
5008,344.385021
5009,344.367304
5010,344.360935
5011,344.364782
5012,344.378409
5013,344.401977
5014,344.436224
5015,344.482516
5016,344.542966
5017,344.620592
5018,344.719207
5019,344.824174
5020,344.901023
5021,344.956978
5022,344.996103
5023,345.02091
5024,345.033033
5025,345.033524
5026,345.022993
5027,345.001668
5028,344.96942
5029,344.925747
5030,344.869723
5031,344.799885
5032,344.71398
5033,344.608406
5034,344.476815
5035,344.331467
5036,344.208433
5037,344.102966
5038,344.011222
5039,343.930322
5040,343.858104
5041,343.792916
5042,343.733473
5043,343.678759
5044,343.627963
5045,343.580429
5046,343.535627
5047,343.493124
5048,343.452565
5049,343.413663
5050,343.376179
5051,343.339922
5052,343.304738
5053,343.270505
5054,343.237125
5055,343.204526
5056,344.180624
5057,344.219029
5058,344.253193
5059,344.283692
5060,344.310856
5061,344.33489
5062,344.355917
5063,344.373985
5064,344.389076
5065,344.401102
5066,344.409901
5067,344.415226
5068,344.416721
5069,344.413884
5070,344.405957
5071,344.391617
5072,344.367827
5073,344.355239
5074,344.35187
5075,344.35687
5076,344.369985
5077,344.391394
5078,344.421684
5079,344.46188
5080,344.513536
5081,344.578912
5082,344.661361
5083,344.749112
5084,344.812929
5085,344.859407
5086,344.891628
5087,344.911429
5088,344.920019
5089,344.918199
5090,344.90644
5091,344.884928
5092,344.853567
5093,344.811978
5094,344.759462
5095,344.694932
5096,344.616739
5097,344.522191
5098,344.405864
5099,344.277754
5100,344.16831
5101,344.07293
5102,343.988642
5103,343.913299
5104,343.845261
5105,343.78324
5106,343.726207
5107,343.673329
5108,343.623933
5109,343.577463
5110,343.533466
5111,343.491568
5112,343.451461
5113,343.412891
5114,343.37565
5115,343.339566
5116,343.304502
5117,343.270348
5118,343.237019
5119,343.204445
5120,344.124107
5121,344.160936
5122,344.194189
5123,344.224199
5124,344.251198
5125,344.275344
5126,344.296733
5127,344.315404
5128,344.331349
5129,344.344509
5130,344.354778
5131,344.362002
5132,344.365982
5133,344.366488
5134,344.363303
5135,344.356428
5136,344.346935
5137,344.34154
5138,344.341844
5139,344.348231
5140,344.360883
5141,344.380059
5142,344.406177
5143,344.439811
5144,344.481598
5145,344.531874
5146,344.589396
5147,344.646954
5148,344.69416
5149,344.729827
5150,344.754477
5151,344.768865
5152,344.773655
5153,344.769347
5154,344.756256
5155,344.734517
5156,344.704074
5157,344.664686
5158,344.615918
5159,344.557144
5160,344.487588
5161,344.406508
5162,344.314119
5163,344.216333
5164,344.124472
5165,344.040612
5166,343.964405
5167,343.89495
5168,343.831296
5169,343.772583
5170,343.718067
5171,343.667114
5172,343.619192
5173,343.573851
5174,343.530719
5175,343.48948
5176,343.449873
5177,343.41168
5178,343.37472
5179,343.338845
5180,343.303932
5181,343.269886
5182,343.236629
5183,343.204099
5184,344.079621
5185,344.114893
5186,344.147213
5187,344.176729
5188,344.203574
5189,344.227846
5190,344.249611
5191,344.268899
5192,344.285706
5193,344.300003
5194,344.311733
5195,344.320828
5196,344.327223
5197,344.330902
5198,344.331984
5199,344.330943
5200,344.329058
5201,344.329076
5202,344.332519
5203,344.340117
5204,344.352263
5205,344.369244
5206,344.391316
5207,344.418688
5208,344.451372
5209,344.488831
5210,344.529238
5211,344.568521
5212,344.60199
5213,344.627679
5214,344.645049
5215,344.654134
5216,344.655153
5217,344.648339
5218,344.63387
5219,344.611831
5220,344.58221
5221,344.544894
5222,344.499689
5223,344.446372
5224,344.384809
5225,344.315246
5226,344.238969
5227,344.159512
5228,344.081891
5229,344.008472
5230,343.939932
5231,343.876181
5232,343.816825
5233,343.761383
5234,343.709374
5235,343.660351
5236,343.613919
5237,343.569732
5238,343.52749
5239,343.486939
5240,343.447861
5241,343.410075
5242,343.373425
5243,343.337784
5244,343.303048
5245,343.269132
5246,343.235967
5247,343.203498
5248,344.045392
5249,344.079357
5250,344.110865
5251,344.13996
5252,344.166701
5253,344.191137
5254,344.213305
5255,344.233223
5256,344.250892
5257,344.266301
5258,344.279436
5259,344.290288
5260,344.298884
5261,344.305326
5262,344.309865
5263,344.313028
5264,344.315768
5265,344.319478
5266,344.325223
5267,344.333675
5268,344.345239
5269,344.360161
5270,344.378571
5271,344.400451
5272,344.425524
5273,344.453037
5274,344.481471
5275,344.50842
5276,344.531342
5277,344.548642
5278,344.559536
5279,344.563729
5280,344.561173
5281,344.551919
5282,344.536042
5283,344.513598
5284,344.484609
5285,344.449068
5286,344.406964
5287,344.358339
5288,344.303407
5289,344.242749
5290,344.177626
5291,344.110233
5292,344.043206
5293,343.978314
5294,343.916423
5295,343.857809
5296,343.802422
5297,343.750054
5298,343.700433
5299,343.65327
5300,343.60829
5301,343.565237
5302,343.523882
5303,343.484024
5304,343.445487
5305,343.408121
5306,343.371799
5307,343.336412
5308,343.30187
5309,343.2681
5310,343.235044
5311,343.202651
5312,344.019745
5313,344.052702
5314,344.083583
5315,344.112381
5316,344.139103
5317,344.163763
5318,344.186374
5319,344.206942
5320,344.225468
5321,344.241954
5322,344.25641
5323,344.268865
5324,344.279394
5325,344.288143
5326,344.295384
5327,344.301563
5328,344.307345
5329,344.313544
5330,344.32087
5331,344.329836
5332,344.340769
5333,344.353845
5334,344.369101
5335,344.386404
5336,344.405388
5337,344.425346
5338,344.445143
5339,344.46326
5340,344.47815
5341,344.48864
5342,344.494001
5343,344.493844
5344,344.487997
5345,344.476411
5346,344.459102
5347,344.436112
5348,344.407493
5349,344.373317
5350,344.333691
5351,344.28881
5352,344.239031
5353,344.184989
5354,344.127711
5355,344.068637
5356,344.009353
5357,343.951104
5358,343.894672
5359,343.840445
5360,343.788548
5361,343.738944
5362,343.691508
5363,343.646074
5364,343.602461
5365,343.560489
5366,343.51999
5367,343.480808
5368,343.442807
5369,343.405865
5370,343.369877
5371,343.334753
5372,343.300418
5373,343.266808
5374,343.233874
5375,343.20157
5376,344.001297
5377,344.033538
5378,344.064002
5379,344.092652
5380,344.119465
5381,344.144431
5382,344.16754
5383,344.188788
5384,344.208172
5385,344.2257
5386,344.241391
5387,344.255292
5388,344.267495
5389,344.278149
5390,344.287498
5391,344.295889
5392,344.30378
5393,344.311689
5394,344.320084
5395,344.329323
5396,344.339636
5397,344.351126
5398,344.363764
5399,344.377369
5400,344.391578
5401,344.405798
5402,344.419195
5403,344.430758
5404,344.439465
5405,344.444474
5406,344.445185
5407,344.441222
5408,344.43238
5409,344.418573
5410,344.399793
5411,344.376082
5412,344.347522
5413,344.314237
5414,344.276408
5415,344.234303
5416,344.188323
5417,344.139056
5418,344.087308
5419,344.034079
5420,343.980417
5421,343.927211
5422,343.8751
5423,343.824474
5424,343.775527
5425,343.728317
5426,343.682812
5427,343.638932
5428,343.596565
5429,343.555594
5430,343.515897
5431,343.47736
5432,343.439875
5433,343.403348
5434,343.367692
5435,343.332835
5436,343.298712
5437,343.265272
5438,343.23247
5439,343.200267
5440,343.988961
5441,344.020758
5442,344.051016
5443,344.079682
5444,344.106716
5445,344.132086
5446,344.155766
5447,344.177739
5448,344.197997
5449,344.216542
5450,344.233397
5451,344.248612
5452,344.262273
5453,344.274519
5454,344.285545
5455,344.295617
5456,344.305051
5457,344.314186
5458,344.32333
5459,344.332717
5460,344.342487
5461,344.352676
5462,344.36321
5463,344.373894
5464,344.384395
5465,344.394232
5466,344.402789
5467,344.409358
5468,344.413234
5469,344.413805
5470,344.410602
5471,344.403307
5472,344.391731
5473,344.375785
5474,344.355464
5475,344.330823
5476,344.301972
5477,344.269075
5478,344.232355
5479,344.192117
5480,344.14876
5481,344.102805
5482,344.05489
5483,344.005747
5484,343.956118
5485,343.906654
5486,343.857865
5487,343.810096
5488,343.763558
5489,343.718351
5490,343.674497
5491,343.631969
5492,343.590708
5493,343.550637
5494,343.511674
5495,343.473734
5496,343.436736
5497,343.400606
5498,343.365274
5499,343.33068
5500,343.296773
5501,343.263508
5502,343.230846
5503,343.198754
5504,343.9819
5505,344.013502
5506,344.043762
5507,344.07262
5508,344.100018
5509,344.12591
5510,344.150253
5511,344.173017
5512,344.194183
5513,344.213745
5514,344.231721
5515,344.248152
5516,344.263117
5517,344.276728
5518,344.289143
5519,344.300557
5520,344.311194
5521,344.321278
5522,344.331006
5523,344.340518
5524,344.349878
5525,344.359068
5526,344.367979
5527,344.376407
5528,344.384055
5529,344.390532
5530,344.395369
5531,344.398054
5532,344.398081
5533,344.395003
5534,344.388465
5535,344.378214
5536,344.364095
5537,344.346042
5538,344.324067
5539,344.298246
5540,344.26872
5541,344.235687
5542,344.199404
5543,344.160194
5544,344.118445
5545,344.074619
5546,344.029237
5547,343.98286
5548,343.93604
5549,343.889269
5550,343.842948
5551,343.797371
5552,343.752733
5553,343.709146
5554,343.666658
5555,343.625273
5556,343.584964
5557,343.545683
5558,343.507374
5559,343.469976
5560,343.433427
5561,343.397669
5562,343.362646
5563,343.32831
5564,343.294617
5565,343.261529
5566,343.229014
5567,343.197042
5568,343.979485
5569,344.011124
5570,344.041593
5571,344.070824
5572,344.098748
5573,344.1253
5574,344.150423
5575,344.17407
5576,344.196205
5577,344.216814
5578,344.2359
5579,344.253496
5580,344.269665
5581,344.284499
5582,344.298121
5583,344.31068
5584,344.322334
5585,344.333235
5586,344.343501
5587,344.353203
5588,344.362343
5589,344.370852
5590,344.378587
5591,344.385337
5592,344.390825
5593,344.394726
5594,344.39667
5595,344.396276
5596,344.393172
5597,344.387029
5598,344.377582
5599,344.364641
5600,344.348092
5601,344.327899
5602,344.304099
5603,344.276801
5604,344.246176
5605,344.212461
5606,344.175949
5607,344.136982
5608,344.095946
5609,344.053261
5610,344.009369
5611,343.964719
5612,343.919737
5613,343.874804
5614,343.830233
5615,343.786264
5616,343.743064
5617,343.700739
5618,343.659344
5619,343.618894
5620,343.579381
5621,343.540774
5622,343.503036
5623,343.466119
5624,343.429976
5625,343.394562
5626,343.35983
5627,343.325741
5628,343.292258
5629,343.259349
5630,343.226985
5631,343.195141
5632,343.981255
5633,344.013152
5634,344.044038
5635,344.073838
5636,344.102469
5637,344.129847
5638,344.155897
5639,344.180548
5640,344.20375
5641,344.225468
5642,344.245694
5643,344.264448
5644,344.281777
5645,344.297758
5646,344.312493
5647,344.326099
5648,344.338695
5649,344.350386
5650,344.361241
5651,344.371275
5652,344.380438
5653,344.388609
5654,344.395604
5655,344.401191
5656,344.4051
5657,344.407044
5658,344.406725
5659,344.403846
5660,344.398133
5661,344.389342
5662,344.377281
5663,344.361811
5664,344.342858
5665,344.320418
5666,344.294557
5667,344.265417
5668,344.233213
5669,344.19823
5670,344.160808
5671,344.121325
5672,344.080179
5673,344.03777
5674,343.994492
5675,343.950714
5676,343.906776
5677,343.862972
5678,343.819544
5679,343.776678
5680,343.734508
5681,343.693119
5682,343.652561
5683,343.61285
5684,343.573981
5685,343.535935
5686,343.498681
5687,343.462183
5688,343.426402
5689,343.391301
5690,343.35684
5691,343.322986
5692,343.289707
5693,343.256976
5694,343.224768
5695,343.193058
5696,343.986888
5697,344.019258
5698,344.050779
5699,344.081364
5700,344.110911
5701,344.139317
5702,344.166477
5703,344.192297
5704,344.2167
5705,344.239633
5706,344.261069
5707,344.281016
5708,344.29951
5709,344.31662
5710,344.332436
5711,344.347063
5712,344.360605
5713,344.373142
5714,344.384715
5715,344.395298
5716,344.404791
5717,344.413011
5718,344.419715
5719,344.424628
5720,344.427469
5721,344.427966
5722,344.42587
5723,344.420951
5724,344.413003
5725,344.40185
5726,344.387355
5727,344.36942
5728,344.348006
5729,344.323131
5730,344.294892
5731,344.263467
5732,344.229123
5733,344.192212
5734,344.153147
5735,344.112371
5736,344.070318
5737,344.027391
5738,343.983952
5739,343.940315
5740,343.89675
5741,343.853477
5742,343.810676
5743,343.768478
5744,343.726978
5745,343.686236
5746,343.646284
5747,343.607129
5748,343.568764
5749,343.53117
5750,343.494319
5751,343.458179
5752,343.422716
5753,343.387896
5754,343.353685
5755,343.320053
5756,343.286973
5757,343.254419
5758,343.222368
5759,343.1908
5760,343.996174
5761,344.029238
5762,344.061628
5763,344.093242
5764,344.123958
5765,344.153637
5766,344.182142
5767,344.209344
5768,344.235134
5769,344.259431
5770,344.282191
5771,344.303408
5772,344.323113
5773,344.341375
5774,344.358287
5775,344.373961
5776,344.388506
5777,344.402008
5778,344.414498
5779,344.425926
5780,344.436138
5781,344.44487
5782,344.451783
5783,344.456523
5784,344.45877
5785,344.458259
5786,344.454775
5787,344.448145
5788,344.438222
5789,344.424886
5790,344.408041
5791,344.387622
5792,344.363604
5793,344.336025
5794,344.304998
5795,344.270737
5796,344.233574
5797,344.193957
5798,344.152417
5799,344.109506
5800,344.065728
5801,344.021512
5802,343.977197
5803,343.93305
5804,343.889274
5805,343.846022
5806,343.803405
5807,343.761502
5808,343.720363
5809,343.680014
5810,343.640462
5811,343.601701
5812,343.563713
5813,343.526471
5814,343.489947
5815,343.454108
5816,343.41892
5817,343.384351
5818,343.35037
5819,343.316948
5820,343.284059
5821,343.25168
5822,343.219791
5823,343.18837
5824,344.008996
5825,344.042986
5826,344.076507
5827,344.109441
5828,344.141629
5829,344.172892
5830,344.203043
5831,344.231904
5832,344.259324
5833,344.285189
5834,344.309433
5835,344.332037
5836,344.353034
5837,344.372501
5838,344.390552
5839,344.407326
5840,344.422966
5841,344.437592
5842,344.451262
5843,344.463922
5844,344.475361
5845,344.485194
5846,344.492917
5847,344.498035
5848,344.500162
5849,344.499032
5850,344.494472
5851,344.48637
5852,344.47464
5853,344.459212
5854,344.440021
5855,344.417019
5856,344.390185
5857,344.359547
5858,344.325218
5859,344.287437
5860,344.246608
5861,344.203318
5862,344.158297
5863,344.112283
5864,344.065898
5865,344.019609
5866,343.973735
5867,343.928483
5868,343.883981
5869,343.840305
5870,343.797497
5871,343.755571
5872,343.714528
5873,343.674354
5874,343.635027
5875,343.596517
5876,343.558792
5877,343.521815
5878,343.48555
5879,343.449959
5880,343.415009
5881,343.380664
5882,343.346894
5883,343.31367
5884,343.280967
5885,343.248763
5886,343.217038
5887,343.185771
5888,344.025309
5889,344.060474
5890,344.095433
5891,344.130036
5892,344.164081
5893,344.197324
5894,344.229509
5895,344.260391
5896,344.289761
5897,344.317461
5898,344.343398
5899,344.367545
5900,344.389939
5901,344.41068
5902,344.42992
5903,344.447849
5904,344.464679
5905,344.480609
5906,344.495771
5907,344.510153
5908,344.5235
5909,344.53524
5910,344.544555
5911,344.550703
5912,344.553202
5913,344.551802
5914,344.546407
5915,344.536989
5916,344.523536
5917,344.506029
5918,344.48443
5919,344.45869
5920,344.428764
5921,344.394639
5922,344.356388
5923,344.314238
5924,344.268655
5925,344.220432
5926,344.170642
5927,344.120354
5928,344.07037
5929,344.021192
5930,343.973092
5931,343.926187
5932,343.880504
5933,343.836026
5934,343.792707
5935,343.750493
5936,343.709325
5937,343.669145
5938,343.629893
5939,343.591515
5940,343.553957
5941,343.517169
5942,343.481104
5943,343.445718
5944,343.410972
5945,343.376827
5946,343.343252
5947,343.310217
5948,343.277696
5949,343.245666
5950,343.214108
5951,343.183002
5952,344.045114
5953,344.081737
5954,344.118497
5955,344.155209
5956,344.191601
5957,344.227339
5958,344.262067
5959,344.295443
5960,344.327176
5961,344.357054
5962,344.384951
5963,344.410831
5964,344.434747
5965,344.456832
5966,344.477295
5967,344.496405
5968,344.514484
5969,344.531869
5970,344.54885
5971,344.565554
5972,344.581745
5973,344.596577
5974,344.608581
5975,344.616561
5976,344.619937
5977,344.618561
5978,344.612482
5979,344.601811
5980,344.586637
5981,344.567
5982,344.54288
5983,344.514208
5984,344.480878
5985,344.442791
5986,344.399906
5987,344.35235
5988,344.300594
5989,344.245691
5990,344.189388
5991,344.13336
5992,344.078647
5993,344.025736
5994,343.974771
5995,343.925719
5996,343.878466
5997,343.832869
5998,343.78878
5999,343.746064
6000,343.704594
6001,343.66426
6002,343.624965
6003,343.586621
6004,343.549153
6005,343.512492
6006,343.47658
6007,343.441362
6008,343.406793
6009,343.37283
6010,343.339437
6011,343.306584
6012,343.274241
6013,343.242387
6014,343.211001
6015,343.180062
6016,344.068434
6017,344.106836
6018,344.145848
6019,344.185228
6020,344.224608
6021,344.263525
6022,344.30147
6023,344.337961
6024,344.372595
6025,344.405084
6026,344.435268
6027,344.463108
6028,344.488679
6029,344.512164
6030,344.533842
6031,344.554093
6032,344.573386
6033,344.592271
6034,344.611323
6035,344.631004
6036,344.651324
6037,344.671164
6038,344.687498
6039,344.698281
6040,344.702999
6041,344.701812
6042,344.695068
6043,344.683092
6044,344.666111
6045,344.644231
6046,344.617442
6047,344.585631
6048,344.548595
6049,344.506077
6050,344.457816
6051,344.403666
6052,344.343875
6053,344.279695
6054,344.214373
6055,344.150759
6056,344.090076
6057,344.032604
6058,343.978207
6059,343.9266
6060,343.877467
6061,343.830507
6062,343.785452
6063,343.742072
6064,343.700166
6065,343.65957
6066,343.620139
6067,343.581756
6068,343.544318
6069,343.507738
6070,343.471941
6071,343.436864
6072,343.402451
6073,343.368656
6074,343.335438
6075,343.302761
6076,343.270597
6077,343.238921
6078,343.207712
6079,343.176948
6080,344.095272
6081,344.135833
6082,344.177655
6083,344.220431
6084,344.263657
6085,344.306673
6086,344.348743
6087,344.389171
6088,344.427397
6089,344.463042
6090,344.49591
6091,344.525969
6092,344.553331
6093,344.578239
6094,344.60106
6095,344.622297
6096,344.642602
6097,344.662802
6098,344.683907
6099,344.70704
6100,344.733098
6101,344.7614
6102,344.784673
6103,344.799277
6104,344.805556
6105,344.804463
6106,344.796861
6107,344.783377
6108,344.764404
6109,344.740114
6110,344.710494
6111,344.675361
6112,344.634379
6113,344.587065
6114,344.532807
6115,344.470905
6116,344.400781
6117,344.323012
6118,344.244877
6119,344.171511
6120,344.103687
6121,344.040986
6122,343.982743
6123,343.9283
6124,343.877082
6125,343.8286
6126,343.782451
6127,343.738299
6128,343.69587
6129,343.654935
6130,343.615309
6131,343.576836
6132,343.539387
6133,343.502855
6134,343.467149
6135,343.432194
6136,343.397925
6137,343.364289
6138,343.33124
6139,343.29874
6140,343.266756
6141,343.235262
6142,343.204236
6143,343.173655
6144,344.125568
6145,344.168731
6146,344.214069
6147,344.261196
6148,344.309431
6149,344.357818
6150,344.405251
6151,344.450709
6152,344.493416
6153,344.532889
6154,344.568911
6155,344.601477
6156,344.630759
6157,344.657071
6158,344.680876
6159,344.702798
6160,344.723671
6161,344.744612
6162,344.76714
6163,344.793345
6164,344.826173
6165,344.870043
6166,344.904659
6167,344.923415
6168,344.930762
6169,344.929186
6170,344.920229
6171,344.904854
6172,344.883601
6173,344.856693
6174,344.824087
6175,344.785511
6176,344.740469
6177,344.688223
6178,344.627738
6179,344.557515
6180,344.475086
6181,344.375143
6182,344.278457
6183,344.193632
6184,344.118064
6185,344.04987
6186,343.987632
6187,343.930253
6188,343.876871
6189,343.826802
6190,343.779501
6191,343.734529
6192,343.691531
6193,343.650221
6194,343.610365
6195,343.571775
6196,343.534293
6197,343.49779
6198,343.462162
6199,343.427319
6200,343.393189
6201,343.359709
6202,343.32683
6203,343.294508
6204,343.262708
6205,343.231403
6206,343.200567
6207,343.170179
6208,344.159122
6209,344.205405
6210,344.25514
6211,344.307881
6212,344.362727
6213,344.418279
6214,344.472803
6215,344.524753
6216,344.573068
6217,344.617178
6218,344.656888
6219,344.692269
6220,344.723582
6221,344.751232
6222,344.775772
6223,344.797925
6224,344.818655
6225,344.83928
6226,344.861658
6227,344.888453
6228,344.923434
6229,344.971529
6230,345.009266
6231,345.028771
6232,345.035278
6233,345.031991
6234,345.020869
6235,345.003072
6236,344.979217
6237,344.949518
6238,344.913873
6239,344.8719
6240,344.822941
6241,344.766021
6242,344.69975
6243,344.622095
6244,344.529812
6245,344.417016
6246,344.308183
6247,344.213998
6248,344.131484
6249,344.058153
6250,343.992103
6251,343.931889
6252,343.8764
6253,343.824775
6254,343.776337
6255,343.730548
6256,343.68698
6257,343.64529
6258,343.6052
6259,343.566487
6260,343.528967
6261,343.492491
6262,343.456939
6263,343.422208
6264,343.388217
6265,343.354897
6266,343.322191
6267,343.290053
6268,343.258445
6269,343.227335
6270,343.1967
6271,343.166514
6272,344.195517
6273,344.245499
6274,344.300698
6275,344.360694
6276,344.424391
6277,344.489736
6278,344.55381
6279,344.614194
6280,344.669506
6281,344.71918
6282,344.763152
6283,344.801653
6284,344.835081
6285,344.863956
6286,344.88891
6287,344.910722
6288,344.930399
6289,344.94931
6290,344.969401
6291,344.99351
6292,345.025697
6293,345.071166
6294,345.105993
6295,345.122214
6296,345.125286
6297,345.118616
6298,345.104251
6299,345.08335
6300,345.056478
6301,345.023767
6302,344.985013
6303,344.939709
6304,344.887038
6305,344.825836
6306,344.754474
6307,344.670649
6308,344.570907
6309,344.449522
6310,344.332264
6311,344.230912
6312,344.142678
6313,344.064913
6314,343.995473
6315,343.932687
6316,343.875265
6317,343.822201
6318,343.772706
6319,343.726157
6320,343.682059
6321,343.640016
6322,343.599712
6323,343.56089
6324,343.523344
6325,343.486906
6326,343.451438
6327,343.416828
6328,343.382984
6329,343.349831
6330,343.317308
6331,343.285363
6332,343.253956
6333,343.223052
6334,343.192626
6335,343.162653
6336,344.234018
6337,344.288292
6338,344.350155
6339,344.419443
6340,344.495107
6341,344.574292
6342,344.651524
6343,344.722864
6344,344.786775
6345,344.842982
6346,344.891766
6347,344.933645
6348,344.96923
6349,344.999175
6350,345.024182
6351,345.045034
6352,345.062678
6353,345.078351
6354,345.0938
6355,345.111641
6356,345.135899
6357,345.172538
6358,345.198641
6359,345.207283
6360,345.204057
6361,345.19217
6362,345.173406
6363,345.148688
6364,345.118384
6365,345.082461
6366,345.040565
6367,344.992046
6368,344.935946
6369,344.870946
6370,344.79527
6371,344.706493
6372,344.601133
6373,344.473634
6374,344.350333
6375,344.243602
6376,344.150868
6377,344.069481
6378,343.997195
6379,343.932212
6380,343.873118
6381,343.8188
6382,343.768383
6383,343.721173
6384,343.676619
6385,343.63428
6386,343.593805
6387,343.554909
6388,343.517364
6389,343.480985
6390,343.44562
6391,343.411147
6392,343.377466
6393,343.344494
6394,343.312166
6395,343.280427
6396,343.249232
6397,343.218546
6398,343.188341
6399,343.158592
6400,344.273504
6401,344.332561
6402,344.402211
6403,344.483005
6404,344.574757
6405,344.67452
6406,344.770371
6407,344.85568
6408,344.929776
6409,344.993342
6410,345.047349
6411,345.092762
6412,345.130476
6413,345.161306
6414,345.186007
6415,345.20532
6416,345.220029
6417,345.231058
6418,345.239638
6419,345.247634
6420,345.258293
6421,345.278413
6422,345.288834
6423,345.285342
6424,345.273034
6425,345.254236
6426,345.230042
6427,345.200893
6428,345.166821
6429,345.127551
6430,345.082542
6431,345.030988
6432,344.971794
6433,344.903522
6434,344.824295
6435,344.731631
6436,344.622061
6437,344.490126
6438,344.362457
6439,344.251757
6440,344.155612
6441,344.07141
6442,343.996866
6443,343.930117
6444,343.869667
6445,343.814333
6446,343.763172
6447,343.715437
6448,343.670531
6449,343.627977
6450,343.587394
6451,343.548475
6452,343.510971
6453,343.474684
6454,343.43945
6455,343.405137
6456,343.371639
6457,343.338868
6458,343.306751
6459,343.275232
6460,343.244264
6461,343.213809
6462,343.183839
6463,343.154325
6464,344.312473
6465,344.376518
6466,344.454561
6467,344.548398
6468,344.660395
6469,344.79318
6470,344.916265
6471,345.018173
6472,345.103396
6473,345.174692
6474,345.234039
6475,345.282966
6476,345.32269
6477,345.354191
6478,345.37827
6479,345.395588
6480,345.4067
6481,345.412087
6482,345.412188
6483,345.40749
6484,345.398896
6485,345.389467
6486,345.37513
6487,345.355539
6488,345.332123
6489,345.305263
6490,345.274955
6491,345.240983
6492,345.202954
6493,345.160307
6494,345.112292
6495,345.057941
6496,344.996031
6497,344.925021
6498,344.842962
6499,344.74733
6500,344.634669
6501,344.499563
6502,344.368799
6503,344.255273
6504,344.15667
6505,344.070409
6506,343.9942
6507,343.92614
6508,343.864687
6509,343.808607
6510,343.756912
6511,343.708814
6512,343.663684
6513,343.621015
6514,343.580405
6515,343.541526
6516,343.504116
6517,343.467963
6518,343.432896
6519,343.398775
6520,343.365486
6521,343.332936
6522,343.301051
6523,343.269771
6524,343.239045
6525,343.208837
6526,343.179113
6527,343.149848
6528,344.349207
6529,344.417995
6530,344.503985
6531,344.609955
6532,344.740007
6533,344.899841
6534,345.045769
6535,345.162709
6536,345.258273
6537,345.336784
6538,345.401085
6539,345.453209
6540,345.494665
6541,345.526585
6542,345.5498
6543,345.564888
6544,345.572186
6545,345.571776
6546,345.563445
6547,345.546654
6548,345.52075
6549,345.486279
6550,345.449847
6551,345.414647
6552,345.380022
6553,345.344887
6554,345.30829
6555,345.269398
6556,345.227411
6557,345.181481
6558,345.130651
6559,345.073801
6560,345.009588
6561,344.936379
6562,344.852162
6563,344.754379
6564,344.639568
6565,344.502321
6566,344.369507
6567,344.254122
6568,344.153903
6569,344.066293
6570,343.988996
6571,343.920089
6572,343.858002
6573,343.801469
6574,343.749472
6575,343.701196
6576,343.655987
6577,343.61332
6578,343.572775
6579,343.534012
6580,343.496758
6581,343.460791
6582,343.425933
6583,343.392038
6584,343.358988
6585,343.326687
6586,343.295057
6587,343.264034
6588,343.23357
6589,343.203623
6590,343.174161
6591,343.145158
6592,344.382073
6593,344.454995
6594,344.547727
6595,344.663491
6596,344.806781
6597,344.982836
6598,345.143641
6599,345.272145
6600,345.376277
6601,345.460961
6602,345.529534
6603,345.584373
6604,345.627207
6605,345.659279
6606,345.681443
6607,345.694205
6608,345.697734
6609,345.691838
6610,345.675914
6611,345.648957
6612,345.609918
6613,345.559561
6614,345.507743
6615,345.459843
6616,345.415259
6617,345.372403
6618,345.329792
6619,345.286167
6620,345.240401
6621,345.191404
6622,345.138038
6623,345.079044
6624,345.012972
6625,344.938111
6626,344.852388
6627,344.753209
6628,344.637089
6629,344.498609
6630,344.364661
6631,344.24828
6632,344.147222
6633,344.058934
6634,343.981114
6635,343.911827
6636,343.849486
6637,343.792807
6638,343.740754
6639,343.692498
6640,343.64737
6641,343.604834
6642,343.564458
6643,343.525895
6644,343.488865
6645,343.453141
6646,343.418539
6647,343.38491
6648,343.352133
6649,343.32011
6650,343.288759
6651,343.258018
6652,343.227833
6653,343.198165
6654,343.168981
6655,343.140252
6656,344.409755
6657,344.486028
6658,344.584061
6659,344.707192
6660,344.859816
6661,345.046464
6662,345.217305
6663,345.354242
6664,345.464991
6665,345.554599
6666,345.626609
6667,345.683588
6668,345.727399
6669,345.759356
6670,345.780319
6671,345.79074
6672,345.790672
6673,345.779756
6674,345.757196
6675,345.721832
6676,345.672645
6677,345.610885
6678,345.547746
6679,345.489775
6680,345.436766
6681,345.387074
6682,345.338995
6683,345.291019
6684,345.241796
6685,345.190052
6686,345.134502
6687,345.073772
6688,345.006324
6689,344.930374
6690,344.843798
6691,344.743957
6692,344.627333
6693,344.488476
6694,344.354257
6695,344.237701
6696,344.13655
6697,344.04824
6698,343.970459
6699,343.901261
6700,343.839053
6701,343.782544
6702,343.730693
6703,343.682664
6704,343.637785
6705,343.595514
6706,343.555418
6707,343.517146
6708,343.480415
6709,343.444995
6710,343.410701
6711,343.377381
6712,343.344914
6713,343.313199
6714,343.282155
6715,343.251718
6716,343.221834
6717,343.192463
6718,343.163571
6719,343.135132
6720,344.431313
6721,344.510119
6722,344.61207
6723,344.740479
6724,344.89954
6725,345.093272
6726,345.270912
6727,345.413781
6728,345.529349
6729,345.622613
6730,345.697171
6731,345.755666
6732,345.800026
6733,345.831597
6734,345.851235
6735,345.859346
6736,345.855906
6737,345.840462
6738,345.812136
6739,345.769757
6740,345.712453
6741,345.641885
6742,345.569948
6743,345.503862
6744,345.44379
6745,345.388184
6746,345.33528
6747,345.28344
6748,345.231174
6749,345.177079
6750,345.119758
6751,345.057749
6752,344.989442
6753,344.912998
6754,344.826243
6755,344.726494
6756,344.610184
6757,344.471817
6758,344.338202
6759,344.222301
6760,344.121813
6761,344.034144
6762,343.956968
6763,343.888336
6764,343.826655
6765,343.770638
6766,343.71925
6767,343.671661
6768,343.627203
6769,343.585339
6770,343.545637
6771,343.507749
6772,343.471394
6773,343.436342
6774,343.402409
6775,343.369445
6776,343.337325
6777,343.305952
6778,343.275243
6779,343.245134
6780,343.215572
6781,343.186516
6782,343.157934
6783,343.129797
6784,344.446138
6785,344.526696
6786,344.631333
6787,344.763302
6788,344.926621
6789,345.124979
6790,345.307076
6791,345.453899
6792,345.572724
6793,345.668462
6794,345.744692
6795,345.804072
6796,345.848547
6797,345.879468
6798,345.897669
6799,345.903517
6800,345.896929
6801,345.877393
6802,345.844
6803,345.795618
6804,345.731534
6805,345.653734
6806,345.574573
6807,345.501722
6808,345.435651
6809,345.374947
6810,345.317853
6811,345.262672
6812,345.207827
6813,345.151825
6814,345.093192
6815,345.030399
6816,344.96179
6817,344.885485
6818,344.799272
6819,344.700423
6820,344.585312
6821,344.448376
6822,344.316311
6823,344.201957
6824,344.102931
6825,344.016598
6826,343.940615
6827,343.873034
6828,343.812278
6829,343.757078
6830,343.706417
6831,343.659481
6832,343.615617
6833,343.5743
6834,343.535108
6835,343.497699
6836,343.461798
6837,343.42718
6838,343.393664
6839,343.3611
6840,343.329368
6841,343.29837
6842,343.268025
6843,343.23827
6844,343.209051
6845,343.18033
6846,343.152072
6847,343.124252
6848,344.45387
6849,344.535449
6850,344.641695
6851,344.775804
6852,344.941669
6853,345.142778
6854,345.327523
6855,345.476691
6856,345.59743
6857,345.694567
6858,345.771641
6859,345.831296
6860,345.875464
6861,345.905479
6862,345.922143
6863,345.925773
6864,345.916232
6865,345.892955
6866,345.855007
6867,345.80129
6868,345.73123
6869,345.647086
6870,345.561604
6871,345.482838
6872,345.411526
6873,345.346382
6874,345.285676
6875,345.227673
6876,345.170733
6877,345.113299
6878,345.053841
6879,344.990793
6880,344.922473
6881,344.846986
6882,344.762102
6883,344.665056
6884,344.552155
6885,344.417738
6886,344.288315
6887,344.176517
6888,344.07984
6889,343.995589
6890,343.921411
6891,343.855381
6892,343.795951
6893,343.741889
6894,343.692214
6895,343.64614
6896,343.60304
6897,343.562409
6898,343.523839
6899,343.487003
6900,343.451634
6901,343.417514
6902,343.384468
6903,343.352352
6904,343.321047
6905,343.290458
6906,343.260507
6907,343.23113
6908,343.202277
6909,343.173908
6910,343.145992
6911,343.118502
6912,344.454313
6913,344.536232
6914,344.643125
6915,344.778153
6916,344.945138
6917,345.147461
6918,345.333358
6919,345.483506
6920,345.604974
6921,345.702531
6922,345.779677
6923,345.839028
6924,345.882488
6925,345.911358
6926,345.926393
6927,345.927852
6928,345.915529
6929,345.888784
6930,345.846626
6931,345.787945
6932,345.712257
6933,345.622078
6934,345.530605
6935,345.44633
6936,345.370251
6937,345.301178
6938,345.237373
6939,345.17705
6940,345.118507
6941,345.06013
6942,345.000356
6943,344.937602
6944,344.870191
6945,344.796247
6946,344.713558
6947,344.619355
6948,344.509876
6949,344.379315
6950,344.253874
6951,344.145836
6952,344.052515
6953,343.971159
6954,343.899429
6955,343.835452
6956,343.777744
6957,343.725134
6958,343.676693
6959,343.631681
6960,343.589506
6961,343.549691
6962,343.511853
6963,343.475678
6964,343.440915
6965,343.407357
6966,343.374835
6967,343.343212
6968,343.312373
6969,343.282226
6970,343.252697
6971,343.223724
6972,343.195257
6973,343.16726
6974,343.1397
6975,343.112554
6976,344.447379
6977,344.528984
6978,344.635632
6979,344.770471
6980,344.937301
6981,345.139475
6982,345.325192
6983,345.475088
6984,345.596198
6985,345.693262
6986,345.76975
6987,345.828248
6988,345.870625
6989,345.898133
6990,345.91147
6991,345.910821
6992,345.895883
6993,345.865905
6994,345.81977
6995,345.756252
6996,345.674841
6997,345.57829
6998,345.480534
6999,345.390731
7000,345.310127
7001,345.237526
7002,345.1711
7003,345.108957
7004,345.049311
7005,344.990494
7006,344.930919
7007,344.869015
7008,344.803142
7009,344.731496
7010,344.651949
7011,344.5618
7012,344.457266
7013,344.332327
7014,344.21262
7015,344.109831
7016,344.021032
7017,343.943447
7018,343.874821
7019,343.813391
7020,343.757781
7021,343.706914
7022,343.659937
7023,343.616169
7024,343.575067
7025,343.53619
7026,343.499182
7027,343.463753
7028,343.429666
7029,343.396729
7030,343.364782
7031,343.333694
7032,343.303358
7033,343.273687
7034,343.244608
7035,343.216062
7036,343.188003
7037,343.160395
7038,343.133208
7039,343.106418
7040,344.433049
7041,344.513695
7042,344.619223
7043,344.752795
7044,344.918238
7045,345.118946
7046,345.303195
7047,345.451648
7048,345.571347
7049,345.667031
7050,345.742156
7051,345.799276
7052,345.840219
7053,345.866181
7054,345.877788
7055,345.875133
7056,345.857791
7057,345.824845
7058,345.774948
7059,345.70657
7060,345.618866
7061,345.514615
7062,345.409411
7063,345.313645
7064,345.228621
7065,345.152881
7066,345.084335
7067,345.020903
7068,344.96068
7069,344.901938
7070,344.843078
7071,344.782564
7072,344.718842
7073,344.650241
7074,344.574823
7075,344.490116
7076,344.392506
7077,344.275762
7078,344.164269
7079,344.068617
7080,343.985654
7081,343.912743
7082,343.847849
7083,343.789417
7084,343.73624
7085,343.687371
7086,343.642056
7087,343.599693
7088,343.559793
7089,343.52196
7090,343.485872
7091,343.451263
7092,343.417917
7093,343.385655
7094,343.35433
7095,343.323819
7096,343.294022
7097,343.264857
7098,343.236254
7099,343.20816
7100,343.180529
7101,343.153328
7102,343.126527
7103,343.100106
7104,344.411363
7105,344.490392
7106,344.593895
7107,344.725073
7108,344.887832
7109,345.085684
7110,345.267113
7111,345.412879
7112,345.530082
7113,345.623486
7114,345.696543
7115,345.751777
7116,345.790962
7117,345.81523
7118,345.825128
7119,345.820642
7120,345.801206
7121,345.765689
7122,345.712397
7123,345.639195
7124,345.544162
7125,345.428724
7126,345.313432
7127,345.21102
7128,345.121802
7129,345.043469
7130,344.973426
7131,344.909316
7132,344.849086
7133,344.790949
7134,344.733311
7135,344.674698
7136,344.613682
7137,344.548797
7138,344.47843
7139,344.400619
7140,344.3125
7141,344.208357
7142,344.108939
7143,344.022752
7144,343.946973
7145,343.879546
7146,343.818907
7147,343.763833
7148,343.713352
7149,343.666682
7150,343.62319
7151,343.58236
7152,343.543769
7153,343.50707
7154,343.471978
7155,343.438255
7156,343.405706
7157,343.374168
7158,343.343507
7159,343.313611
7160,343.284386
7161,343.255756
7162,343.227656
7163,343.200035
7164,343.172851
7165,343.146073
7166,343.119673
7167,343.093632
7168,344.38244
7169,344.459159
7170,344.559654
7171,344.687178
7172,344.84577
7173,345.039172
7174,345.216234
7175,345.357923
7176,345.471445
7177,345.56162
7178,345.63189
7179,345.684735
7180,345.721866
7181,345.744337
7182,345.752609
7183,345.746564
7184,345.725496
7185,345.688046
7186,345.632117
7187,345.554696
7188,345.451445
7189,345.314914
7190,345.184422
7191,345.075471
7192,344.982972
7193,344.902986
7194,344.83229
7195,344.768235
7196,344.708636
7197,344.651664
7198,344.595755
7199,344.539524
7200,344.481697
7201,344.421058
7202,344.356413
7203,344.286592
7204,344.21063
7205,344.128782
7206,344.048145
7207,343.973708
7208,343.906057
7209,343.844601
7210,343.788518
7211,343.737016
7212,343.689394
7213,343.645056
7214,343.603496
7215,343.564292
7216,343.527091
7217,343.491597
7218,343.457561
7219,343.424778
7220,343.393074
7221,343.362304
7222,343.332346
7223,343.303098
7224,343.274476
7225,343.246407
7226,343.218834
7227,343.191707
7228,343.164989
7229,343.138648
7230,343.112662
7231,343.087011
7232,344.346517
7233,344.420186
7234,344.516559
7235,344.638943
7236,344.791561
7237,344.978527
7238,345.149323
7239,345.285276
7240,345.393773
7241,345.479686
7242,345.546425
7243,345.596389
7244,345.631196
7245,345.651812
7246,345.65861
7247,345.651384
7248,345.629315
7249,345.590879
7250,345.533674
7251,345.454085
7252,345.346583
7253,345.201912
7254,345.064009
7255,344.950886
7256,344.856569
7257,344.776124
7258,344.705757
7259,344.642546
7260,344.584202
7261,344.52889
7262,344.475098
7263,344.421549
7264,344.367132
7265,344.310876
7266,344.251951
7267,344.189755
7268,344.124161
7269,344.056117
7270,343.988642
7271,343.924397
7272,343.86442
7273,343.808812
7274,343.757276
7275,343.709377
7276,343.664664
7277,343.622712
7278,343.583141
7279,343.54562
7280,343.509861
7281,343.47562
7282,343.442689
7283,343.410888
7284,343.380069
7285,343.350102
7286,343.32088
7287,343.292312
7288,343.264319
7289,343.236837
7290,343.209812
7291,343.183199
7292,343.156963
7293,343.131075
7294,343.105514
7295,343.080263
7296,344.304017
7297,344.373845
7298,344.464827
7299,344.580263
7300,344.724566
7301,344.902431
7302,345.064447
7303,345.1926
7304,345.294513
7305,345.375048
7306,345.437494
7307,345.484102
7308,345.516352
7309,345.535099
7310,345.540631
7311,345.532683
7312,345.510387
7313,345.47216
7314,345.415489
7315,345.336521
7316,345.229275
7317,345.083966
7318,344.945505
7319,344.832649
7320,344.73931
7321,344.660261
7322,344.591509
7323,344.530061
7324,344.473638
7325,344.420465
7326,344.369124
7327,344.31846
7328,344.267521
7329,344.215535
7330,344.161926
7331,344.106385
7332,344.049026
7333,343.990607
7334,343.932631
7335,343.876561
7336,343.823241
7337,343.772972
7338,343.725726
7339,343.681307
7340,343.639448
7341,343.599867
7342,343.562292
7343,343.526472
7344,343.492183
7345,343.459226
7346,343.427429
7347,343.396643
7348,343.366739
7349,343.337606
7350,343.309148
7351,343.281285
7352,343.253946
7353,343.227074
7354,343.200617
7355,343.174536
7356,343.148797
7357,343.123375
7358,343.098251
7359,343.073407
7360,344.255635
7361,344.32081
7362,344.404995
7363,344.511291
7364,344.644125
7365,344.808955
7366,344.95862
7367,345.076343
7368,345.169892
7369,345.243885
7370,345.301302
7371,345.344123
7372,345.373628
7373,345.390531
7374,345.395042
7375,345.386871
7376,345.36518
7377,345.328471
7378,345.274365
7379,345.199167
7380,345.096965
7381,344.957653
7382,344.825137
7383,344.717397
7384,344.628295
7385,344.552779
7386,344.487062
7387,344.428337
7388,344.374491
7389,344.323897
7390,344.275279
7391,344.227621
7392,344.180119
7393,344.132155
7394,344.083312
7395,344.033412
7396,343.98259
7397,343.931349
7398,343.880517
7399,343.830939
7400,343.783211
7401,343.737637
7402,343.694298
7403,343.653132
7404,343.613998
7405,343.576717
7406,343.541103
7407,343.506973
7408,343.474155
7409,343.442494
7410,343.411851
7411,343.3821
7412,343.353134
7413,343.324858
7414,343.297188
7415,343.270053
7416,343.243391
7417,343.217147
7418,343.191278
7419,343.165746
7420,343.140519
7421,343.115575
7422,343.090897
7423,343.066468
7424,344.202411
7425,344.262194
7426,344.338185
7427,344.432873
7428,344.549977
7429,344.695107
7430,344.826872
7431,344.930892
7432,345.014212
7433,345.080577
7434,345.132329
7435,345.171019
7436,345.197647
7437,345.212761
7438,345.216499
7439,345.208582
7440,345.188282
7441,345.154337
7442,345.104778
7443,345.036579
7444,344.944773
7445,344.819759
7446,344.700847
7447,344.603366
7448,344.521753
7449,344.451827
7450,344.390471
7451,344.335341
7452,344.284646
7453,344.236998
7454,344.191305
7455,344.146706
7456,344.102534
7457,344.058293
7458,344.013667
7459,343.968532
7460,343.922983
7461,343.877338
7462,343.832078
7463,343.787714
7464,343.74465
7465,343.703138
7466,343.663287
7467,343.625102
7468,343.588517
7469,343.553428
7470,343.51971
7471,343.487234
7472,343.455872
7473,343.425504
7474,343.396019
7475,343.367316
7476,343.339304
7477,343.311903
7478,343.28504
7479,343.258653
7480,343.232686
7481,343.207091
7482,343.181826
7483,343.156858
7484,343.132157
7485,343.107703
7486,343.083479
7487,343.059472
7488,344.145753
7489,344.199641
7490,344.266433
7491,344.347428
7492,344.443871
7493,344.555398
7494,344.659645
7495,344.746599
7496,344.818183
7497,344.876116
7498,344.921744
7499,344.956058
7500,344.979728
7501,344.993119
7502,344.9963
7503,344.989035
7504,344.970765
7505,344.940571
7506,344.897123
7507,344.838622
7508,344.762772
7509,344.667127
7510,344.573066
7511,344.490776
7512,344.419257
7513,344.356473
7514,344.300467
7515,344.249581
7516,344.202463
7517,344.158018
7518,344.115371
7519,344.073823
7520,344.032835
7521,343.992015
7522,343.951114
7523,343.910034
7524,343.868827
7525,343.827688
7526,343.786907
7527,343.746804
7528,343.707649
7529,343.669636
7530,343.632871
7531,343.597386
7532,343.563159
7533,343.530132
7534,343.498226
7535,343.467351
7536,343.437415
7537,343.408326
7538,343.379996
7539,343.352345
7540,343.325297
7541,343.298784
7542,343.272744
7543,343.247122
7544,343.221868
7545,343.196938
7546,343.172295
7547,343.147905
7548,343.123744
7549,343.099789
7550,343.076027
7551,343.052446
7552,344.087316
7553,344.135229
7554,344.192783
7555,344.26021
7556,344.336877
7557,344.419634
7558,344.499055
7559,344.569319
7560,344.629137
7561,344.678563
7562,344.718019
7563,344.747952
7564,344.768709
7565,344.780481
7566,344.783279
7567,344.776921
7568,344.761035
7569,344.735061
7570,344.698314
7571,344.650131
7572,344.590331
7573,344.520602
7574,344.449263
7575,344.382432
7576,344.321629
7577,344.26656
7578,344.216356
7579,344.170046
7580,344.126728
7581,344.085614
7582,344.046044
7583,344.007484
7584,343.969514
7585,343.931828
7586,343.894231
7587,343.85664
7588,343.819078
7589,343.781663
7590,343.744575
7591,343.708015
7592,343.67217
7593,343.637183
7594,343.603143
7595,343.570092
7596,343.53803
7597,343.50693
7598,343.476743
7599,343.447407
7600,343.418857
7601,343.391023
7602,343.363839
7603,343.337238
7604,343.311159
7605,343.285544
7606,343.26034
7607,343.235497
7608,343.210972
7609,343.186725
7610,343.162718
7611,343.138923
7612,343.115313
7613,343.091868
7614,343.068575
7615,343.045423
7616,344.028725
7617,344.070981
7618,344.120134
7619,344.175871
7620,344.237029
7621,344.300918
7622,344.362917
7623,344.419474
7624,344.468885
7625,344.510509
7626,344.544205
7627,344.570027
7628,344.588066
7629,344.598371
7630,344.600911
7631,344.595557
7632,344.582094
7633,344.560257
7634,344.529816
7635,344.490767
7636,344.443703
7637,344.390501
7638,344.335121
7639,344.281049
7640,344.229953
7641,344.182262
7642,344.137783
7643,344.096059
7644,344.056559
7645,344.018768
7646,343.982226
7647,343.946542
7648,343.911406
7649,343.876586
7650,343.841935
7651,343.807382
7652,343.772935
7653,343.738665
7654,343.704683
7655,343.671125
7656,343.638115
7657,343.605761
7658,343.574135
7659,343.543277
7660,343.513201
7661,343.483895
7662,343.45533
7663,343.427467
7664,343.400258
7665,343.373652
7666,343.347598
7667,343.322041
7668,343.296933
7669,343.272223
7670,343.247865
7671,343.223817
7672,343.200036
7673,343.176487
7674,343.153134
7675,343.129947
7676,343.106902
7677,343.083977
7678,343.06116
7679,343.038439
7680,343.971305
7681,344.008447
7682,344.050392
7683,344.096656
7684,344.14613
7685,344.196887
7686,344.246314
7687,344.292143
7688,344.332903
7689,344.367778
7690,344.396369
7691,344.418499
7692,344.434092
7693,344.443099
7694,344.445458
7695,344.441084
7696,344.429877
7697,344.411765
7698,344.38678
7699,344.355204
7700,344.317778
7701,344.275952
7702,344.231927
7703,344.187781
7704,344.144836
7705,344.103703
7706,344.064514
7707,344.027134
7708,343.991302
7709,343.956714
7710,343.923073
7711,343.890114
7712,343.857616
7713,343.825416
7714,343.793402
7715,343.761523
7716,343.729777
7717,343.698208
7718,343.66689
7719,343.635911
7720,343.605362
7721,343.57532
7722,343.545843
7723,343.516969
7724,343.488713
7725,343.461076
7726,343.434041
7727,343.407583
7728,343.381669
7729,343.356261
7730,343.331318
7731,343.306798
7732,343.282659
7733,343.25886
7734,343.235359
7735,343.212117
7736,343.189097
7737,343.166262
7738,343.143579
7739,343.121018
7740,343.098552
7741,343.076159
7742,343.053823
7743,343.031536
7744,343.915978
7745,343.948605
7746,343.984533
7747,344.023284
7748,344.06395
7749,344.105179
7750,344.14533
7751,344.182877
7752,344.216663
7753,344.245912
7754,344.270144
7755,344.289074
7756,344.302532
7757,344.31041
7758,344.312631
7759,344.309138
7760,344.299904
7761,344.284963
7762,344.264474
7763,344.238799
7764,344.208612
7765,344.174964
7766,344.139217
7767,344.102689
7768,344.066361
7769,344.030814
7770,343.996308
7771,343.962882
7772,343.93045
7773,343.898859
7774,343.867937
7775,343.837518
7776,343.807458
7777,343.777645
7778,343.748002
7779,343.718495
7780,343.689119
7781,343.659905
7782,343.630903
7783,343.602175
7784,343.573786
7785,343.545793
7786,343.518244
7787,343.49117
7788,343.464589
7789,343.438507
7790,343.412915
7791,343.387798
7792,343.363132
7793,343.33889
7794,343.315039
7795,343.291546
7796,343.268375
7797,343.245491
7798,343.222856
7799,343.200435
7800,343.178191
7801,343.15609
7802,343.134096
7803,343.112179
7804,343.090308
7805,343.068459
7806,343.046613
7807,343.024759
7808,343.863278
7809,343.891958
7810,343.922913
7811,343.955721
7812,343.989674
7813,344.023803
7814,344.056989
7815,344.088158
7816,344.116414
7817,344.141084
7818,344.161693
7819,344.177923
7820,344.189564
7821,344.196479
7822,344.198582
7823,344.195834
7824,344.188247
7825,344.175908
7826,344.159014
7827,344.137922
7828,344.113185
7829,344.085568
7830,344.055978
7831,344.025303
7832,343.994266
7833,343.963364
7834,343.932885
7835,343.902954
7836,343.873588
7837,343.844735
7838,343.816313
7839,343.78823
7840,343.760401
7841,343.732756
7842,343.705249
7843,343.677858
7844,343.650583
7845,343.623446
7846,343.596484
7847,343.569742
7848,343.543269
7849,343.51711
7850,343.491301
7851,343.465871
7852,343.440837
7853,343.416207
7854,343.391978
7855,343.368141
7856,343.34468
7857,343.321573
7858,343.298796
7859,343.27632
7860,343.254115
7861,343.23215
7862,343.210391
7863,343.188805
7864,343.167355
7865,343.146007
7866,343.124726
7867,343.103474
7868,343.08222
7869,343.060932
7870,343.039586
7871,343.018165
7872,343.813424
7873,343.838664
7874,343.865511
7875,343.893608
7876,343.922392
7877,343.95114
7878,343.979041
7879,344.0053
7880,344.029215
7881,344.05022
7882,344.067883
7883,344.081888
7884,344.092015
7885,344.098118
7886,344.100111
7887,344.097964
7888,344.091706
7889,344.08144
7890,344.067366
7891,344.049795
7892,344.029174
7893,344.006069
7894,343.981118
7895,343.954953
7896,343.928115
7897,343.901016
7898,343.873932
7899,343.847023
7900,343.820361
7901,343.79396
7902,343.767798
7903,343.741837
7904,343.716033
7905,343.690351
7906,343.664768
7907,343.639273
7908,343.613871
7909,343.588582
7910,343.563435
7911,343.538465
7912,343.513709
7913,343.489203
7914,343.464978
7915,343.441057
7916,343.417458
7917,343.394189
7918,343.371251
7919,343.348639
7920,343.32634
7921,343.304339
7922,343.282617
7923,343.261148
7924,343.239908
7925,343.218867
7926,343.197995
7927,343.177259
7928,343.156625
7929,343.136054
7930,343.11551
7931,343.094953
7932,343.074342
7933,343.053637
7934,343.032806
7935,343.011822
7936,343.76641
7937,343.788649
7938,343.812107
7939,343.836463
7940,343.861248
7941,343.885892
7942,343.909769
7943,343.932261
7944,343.952806
7945,343.970926
7946,343.986237
7947,343.998446
7948,344.007339
7949,344.012771
7950,344.014658
7951,344.012974
7952,344.007754
7953,343.999101
7954,343.987196
7955,343.972307
7956,343.954789
7957,343.935074
7958,343.913635
7959,343.890943
7960,343.867416
7961,343.843394
7962,343.819126
7963,343.794783
7964,343.770465
7965,343.746222
7966,343.722073
7967,343.698014
7968,343.674034
7969,343.650121
7970,343.626268
7971,343.602476
7972,343.578754
7973,343.55512
7974,343.531599
7975,343.508221
7976,343.485016
7977,343.462012
7978,343.439237
7979,343.41671
7980,343.394449
7981,343.37246
7982,343.350748
7983,343.329308
7984,343.308134
7985,343.287213
7986,343.266528
7987,343.246058
7988,343.225782
7989,343.205671
7990,343.185698
7991,343.16583
7992,343.146032
7993,343.126268
7994,343.106494
7995,343.086665
7996,343.066733
7997,343.046646
7998,343.026354
7999,343.005812
8000,343.722061
8001,343.741695
8002,343.762379
8003,343.783787
8004,343.805499
8005,343.827029
8006,343.847865
8007,343.867502
8008,343.885471
8009,343.901365
8010,343.914843
8011,343.925638
8012,343.933548
8013,343.938434
8014,343.940218
8015,343.938874
8016,343.934438
8017,343.927005
8018,343.916733
8019,343.903852
8020,343.88865
8021,343.871468
8022,343.852675
8023,343.832638
8024,343.811692
8025,343.790123
8026,343.768155
8027,343.745954
8028,343.723631
8029,343.701259
8030,343.678876
8031,343.656505
8032,343.634153
8033,343.611825
8034,343.589526
8035,343.567263
8036,343.545051
8037,343.522906
8038,343.500852
8039,343.478913
8040,343.457117
8041,343.435486
8042,343.414046
8043,343.392813
8044,343.371802
8045,343.351022
8046,343.330477
8047,343.310165
8048,343.290081
8049,343.270214
8050,343.25055
8051,343.231072
8052,343.211759
8053,343.192585
8054,343.173524
8055,343.154543
8056,343.13561
8057,343.116682
8058,343.097717
8059,343.078662
8060,343.059459
8061,343.040039
8062,343.020327
8063,343.000246
8064,343.680064
8065,343.697485
8066,343.715962
8067,343.735114
8068,343.754523
8069,343.773748
8070,343.792344
8071,343.809873
8072,343.825933
8073,343.840163
8074,343.852259
8075,343.861977
8076,343.869129
8077,343.873585
8078,343.875269
8079,343.874159
8080,343.870286
8081,343.863736
8082,343.854651
8083,343.843227
8084,343.829709
8085,343.814379
8086,343.797539
8087,343.779491
8088,343.760517
8089,343.740864
8090,343.720734
8091,343.700284
8092,343.67963
8093,343.65885
8094,343.637998
8095,343.617105
8096,343.596194
8097,343.575278
8098,343.554369
8099,343.533479
8100,343.512624
8101,343.491823
8102,343.471095
8103,343.450464
8104,343.429953
8105,343.409583
8106,343.389376
8107,343.369348
8108,343.349512
8109,343.329876
8110,343.310445
8111,343.291219
8112,343.272193
8113,343.253358
8114,343.234702
8115,343.216208
8116,343.197859
8117,343.17963
8118,343.161495
8119,343.143424
8120,343.125382
8121,343.107328
8122,343.089217
8123,343.070991
8124,343.052582
8125,343.033905
8126,343.014849
8127,342.995278
8128,343.639947
8129,343.655638
8130,343.6725
8131,343.69004
8132,343.707827
8133,343.725443
8134,343.742479
8135,343.758542
8136,343.773265
8137,343.786323
8138,343.797438
8139,343.806381
8140,343.812979
8141,343.817108
8142,343.818698
8143,343.817727
8144,343.814224
8145,343.808267
8146,343.799985
8147,343.789555
8148,343.777191
8149,343.763144
8150,343.747677
8151,343.731055
8152,343.713529
8153,343.695319
8154,343.676612
8155,343.657555
8156,343.638262
8157,343.618812
8158,343.599263
8159,343.579651
8160,343.560003
8161,343.540335
8162,343.520663
8163,343.501002
8164,343.481368
8165,343.461777
8166,343.442251
8167,343.42281
8168,343.403475
8169,343.384267
8170,343.365203
8171,343.3463
8172,343.327569
8173,343.30902
8174,343.290656
8175,343.272477
8176,343.254479
8177,343.236655
8178,343.218994
8179,343.20148
8180,343.184096
8181,343.16682
8182,343.149627
8183,343.132487
8184,343.115368
8185,343.098228
8186,343.081021
8187,343.06369
8188,343.04616
8189,343.028334
8190,343.010071
8191,342.991146
8192,343.671422
8193,343.687365
8194,343.702647
8195,343.717156
8196,343.73083
8197,343.743637
8198,343.755564
8199,343.766613
8200,343.7768
8201,343.786154
8202,343.794715
8203,343.802537
8204,343.809694
8205,343.816278
8206,343.822408
8207,343.828233
8208,343.833949
8209,343.839809
8210,343.845997
8211,343.852635
8212,343.859787
8213,343.867466
8214,343.875626
8215,343.884161
8216,343.892895
8217,343.901567
8218,343.909814
8219,343.917152
8220,343.923051
8221,343.927123
8222,343.92908
8223,343.928707
8224,343.925851
8225,343.920405
8226,343.912303
8227,343.901513
8228,343.888038
8229,343.871915
8230,343.853219
8231,343.832069
8232,343.808639
8233,343.783173
8234,343.756007
8235,343.727601
8236,343.698478
8237,343.66903
8238,343.639547
8239,343.610231
8240,343.581221
8241,343.552605
8242,343.52443
8243,343.496712
8244,343.469441
8245,343.442587
8246,343.416102
8247,343.389924
8248,343.363975
8249,343.338161
8250,343.31237
8251,343.286466
8252,343.260281
8253,343.233594
8254,343.206097
8255,343.177318
8256,343.693528
8257,343.710474
8258,343.726648
8259,343.741976
8260,343.756409
8261,343.769921
8262,343.782502
8263,343.794156
8264,343.804902
8265,343.814768
8266,343.823799
8267,343.832053
8268,343.839604
8269,343.846551
8270,343.853017
8271,343.859162
8272,343.865187
8273,343.871357
8274,343.877864
8275,343.884834
8276,343.892336
8277,343.900383
8278,343.908926
8279,343.917855
8280,343.926984
8281,343.936039
8282,343.944642
8283,343.952284
8284,343.958418
8285,343.962635
8286,343.964634
8287,343.964189
8288,343.96114
8289,343.955373
8290,343.946821
8291,343.935451
8292,343.921264
8293,343.904301
8294,343.88464
8295,343.862406
8296,343.837783
8297,343.811028
8298,343.782491
8299,343.752653
8300,343.72206
8301,343.691123
8302,343.660143
8303,343.629336
8304,343.598848
8305,343.568771
8306,343.539155
8307,343.510018
8308,343.481351
8309,343.453123
8310,343.425285
8311,343.397774
8312,343.370511
8313,343.343401
8314,343.316332
8315,343.289173
8316,343.261764
8317,343.233908
8318,343.205361
8319,343.175824
8320,343.71398
8321,343.731924
8322,343.748991
8323,343.765133
8324,343.780315
8325,343.79452
8326,343.807743
8327,343.81999
8328,343.831283
8329,343.841654
8330,343.851148
8331,343.859826
8332,343.867766
8333,343.875071
8334,343.881869
8335,343.888325
8336,343.894648
8337,343.901108
8338,343.907904
8339,343.915167
8340,343.922969
8341,343.931321
8342,343.940173
8343,343.949412
8344,343.958842
8345,343.968181
8346,343.977034
8347,343.98488
8348,343.991153
8349,343.995433
8350,343.997404
8351,343.996835
8352,343.993556
8353,343.987452
8354,343.978452
8355,343.966521
8356,343.951663
8357,343.933919
8358,343.913372
8359,343.890152
8360,343.864451
8361,343.836536
8362,343.806772
8363,343.775655
8364,343.743746
8365,343.711472
8366,343.679148
8367,343.646997
8368,343.615173
8369,343.583773
8370,343.55285
8371,343.522425
8372,343.492488
8373,343.463012
8374,343.433947
8375,343.405232
8376,343.376788
8377,343.348525
8378,343.320336
8379,343.2921
8380,343.263677
8381,343.234907
8382,343.205614
8383,343.175623
8384,343.732854
8385,343.75175
8386,343.769682
8387,343.786616
8388,343.802529
8389,343.817409
8390,343.831257
8391,343.844084
8392,343.855913
8393,343.866778
8394,343.876726
8395,343.885821
8396,343.894145
8397,343.901802
8398,343.908924
8399,343.91568
8400,343.922285
8401,343.929013
8402,343.936067
8403,343.943581
8404,343.951629
8405,343.960222
8406,343.969309
8407,343.978772
8408,343.98841
8409,343.997932
8410,344.006934
8411,344.014884
8412,344.021204
8413,344.025463
8414,344.027338
8415,344.02659
8416,344.023047
8417,344.016588
8418,344.00714
8419,343.99467
8420,343.979181
8421,343.960716
8422,343.939362
8423,343.915255
8424,343.888591
8425,343.859647
8426,343.828798
8427,343.796552
8428,343.763482
8429,343.730027
8430,343.696511
8431,343.663166
8432,343.630152
8433,343.597569
8434,343.565477
8435,343.533895
8436,343.50282
8437,343.472223
8438,343.442059
8439,343.412268
8440,343.382775
8441,343.353497
8442,343.324335
8443,343.295182
8444,343.26592
8445,343.236424
8446,343.206568
8447,343.176246
8448,343.750201
8449,343.769989
8450,343.788743
8451,343.806436
8452,343.823052
8453,343.838584
8454,343.853038
8455,343.866428
8456,343.878778
8457,343.890126
8458,343.90052
8459,343.910025
8460,343.918724
8461,343.926725
8462,343.934161
8463,343.941205
8464,343.948074
8465,343.955045
8466,343.962323
8467,343.970045
8468,343.978285
8469,343.987054
8470,343.9963
8471,344.005901
8472,344.015653
8473,344.025261
8474,344.034312
8475,344.042268
8476,344.048543
8477,344.0527
8478,344.054411
8479,344.053432
8480,344.049586
8481,344.042754
8482,344.03286
8483,344.019871
8484,344.003792
8485,343.984667
8486,343.962586
8487,343.937688
8488,343.910176
8489,343.880332
8490,343.848538
8491,343.815311
8492,343.781233
8493,343.746752
8494,343.712198
8495,343.677809
8496,343.643751
8497,343.61013
8498,343.577005
8499,343.544402
8500,343.512318
8501,343.480729
8502,343.449591
8503,343.41885
8504,343.388437
8505,343.358273
8506,343.328271
8507,343.29834
8508,343.268379
8509,343.238293
8510,343.207989
8511,343.177399
8512,343.766064
8513,343.786678
8514,343.806202
8515,343.824613
8516,343.841899
8517,343.858057
8518,343.873094
8519,343.887028
8520,343.899884
8521,343.911702
8522,343.922531
8523,343.932437
8524,343.941504
8525,343.949839
8526,343.957579
8527,343.964897
8528,343.97201
8529,343.979198
8530,343.986665
8531,343.99455
8532,344.002927
8533,344.011806
8534,344.021135
8535,344.030789
8536,344.040564
8537,344.05016
8538,344.059162
8539,344.067027
8540,344.073167
8541,344.077142
8542,344.07862
8543,344.077356
8544,344.073173
8545,344.065949
8546,344.055609
8547,344.042122
8548,344.025492
8549,344.005767
8550,343.983036
8551,343.957444
8552,343.929196
8553,343.898578
8554,343.865978
8555,343.831917
8556,343.796983
8557,343.761628
8558,343.726188
8559,343.690907
8560,343.655952
8561,343.621433
8562,343.587414
8563,343.553923
8564,343.52096
8565,343.488504
8566,343.456517
8567,343.424948
8568,343.393734
8569,343.362805
8570,343.332085
8571,343.301492
8572,343.270948
8573,343.240372
8574,343.209698
8575,343.178877
8576,343.780484
8577,343.801858
8578,343.822097
8579,343.841181
8580,343.859099
8581,343.875851
8582,343.891446
8583,343.905903
8584,343.91925
8585,343.931524
8586,343.942777
8587,343.953074
8588,343.9625
8589,343.971162
8590,343.979195
8591,343.986771
8592,343.994109
8593,344.001486
8594,344.009107
8595,344.01711
8596,344.025568
8597,344.034491
8598,344.043827
8599,344.05345
8600,344.063156
8601,344.072643
8602,344.081499
8603,344.089178
8604,344.095095
8605,344.098807
8606,344.099984
8607,344.098381
8608,344.093822
8609,344.086187
8610,344.075402
8611,344.061435
8612,344.044293
8613,344.024026
8614,344.000724
8615,343.974532
8616,343.94566
8617,343.914393
8618,343.881122
8619,343.84637
8620,343.810729
8621,343.774652
8622,343.738478
8623,343.702452
8624,343.666746
8625,343.631471
8626,343.596693
8627,343.562445
8628,343.52873
8629,343.495531
8630,343.462814
8631,343.430532
8632,343.398631
8633,343.367047
8634,343.335715
8635,343.304564
8636,343.273528
8637,343.242544
8638,343.211557
8639,343.180531
8640,343.793505
8641,343.815571
8642,343.836469
8643,343.856177
8644,343.874688
8645,343.892002
8646,343.908129
8647,343.923088
8648,343.936907
8649,343.949624
8650,343.96129
8651,343.97197
8652,343.981747
8653,343.990725
8654,343.99904
8655,344.006861
8656,344.014403
8657,344.021943
8658,344.029684
8659,344.03776
8660,344.046244
8661,344.055146
8662,344.064413
8663,344.07392
8664,344.083465
8665,344.092748
8666,344.10136
8667,344.108758
8668,344.11436
8669,344.117728
8670,344.118536
8671,344.11654
8672,344.111568
8673,344.103501
8674,344.092268
8675,344.07784
8676,344.060225
8677,344.039471
8678,344.015674
8679,343.988976
8680,343.959588
8681,343.927795
8682,343.893987
8683,343.858688
8684,343.822486
8685,343.785835
8686,343.749076
8687,343.712452
8688,343.676137
8689,343.640244
8690,343.604842
8691,343.569965
8692,343.535621
8693,343.501796
8694,343.468462
8695,343.435578
8696,343.403095
8697,343.370958
8698,343.339109
8699,343.307489
8700,343.27604
8701,343.244711
8702,343.213458
8703,343.182249
8704,343.805174
8705,343.827866
8706,343.849365
8707,343.869651
8708,343.888715
8709,343.906557
8710,343.923188
8711,343.938626
8712,343.952901
8713,343.966047
8714,343.978116
8715,343.98917
8716,343.999289
8717,344.008577
8718,344.017164
8719,344.025216
8720,344.032945
8721,344.040624
8722,344.04845
8723,344.056556
8724,344.065013
8725,344.073829
8726,344.082951
8727,344.092258
8728,344.10155
8729,344.110532
8730,344.118801
8731,344.125822
8732,344.131019
8733,344.133962
8734,344.134329
8735,344.131884
8736,344.126459
8737,344.117939
8738,344.106256
8739,344.091382
8740,344.073329
8741,344.052146
8742,344.027926
8743,344.000814
8744,343.971017
8745,343.93882
8746,343.904607
8747,343.868899
8748,343.832282
8749,343.795205
8750,343.758006
8751,343.720928
8752,343.684143
8753,343.647766
8754,343.611868
8755,343.576486
8756,343.54163
8757,343.507293
8758,343.47345
8759,343.440066
8760,343.407099
8761,343.374501
8762,343.342221
8763,343.310209
8764,343.278416
8765,343.246797
8766,343.215316
8767,343.183946
8768,343.815545
8769,343.838799
8770,343.860844
8771,343.88166
8772,343.901236
8773,343.919573
8774,343.936681
8775,343.952578
8776,343.96729
8777,343.980853
8778,343.993314
8779,344.004734
8780,344.01519
8781,344.024781
8782,344.033633
8783,344.041906
8784,344.049807
8785,344.057601
8786,344.065482
8787,344.073577
8788,344.081954
8789,344.090621
8790,344.099525
8791,344.108547
8792,344.117493
8793,344.126077
8794,344.133902
8795,344.140447
8796,344.145146
8797,344.147579
8798,344.147435
8799,344.144484
8800,344.138565
8801,344.129568
8802,344.11743
8803,344.102126
8804,344.083668
8805,344.062107
8806,344.037537
8807,344.0101
8808,343.98
8809,343.947517
8810,343.91303
8811,343.877053
8812,343.840163
8813,343.802804
8814,343.765307
8815,343.727914
8816,343.690794
8817,343.654063
8818,343.617792
8819,343.582022
8820,343.546768
8821,343.512024
8822,343.477773
8823,343.443986
8824,343.410624
8825,343.377649
8826,343.345015
8827,343.31268
8828,343.280601
8829,343.248741
8830,343.217067
8831,343.185556
8832,343.824678
8833,343.848433
8834,343.870971
8835,343.892271
8836,343.912321
8837,343.931121
8838,343.94868
8839,343.965014
8840,343.980148
8841,343.994115
8842,344.00696
8843,344.01874
8844,344.029528
8845,344.039418
8846,344.04853
8847,344.057018
8848,344.065078
8849,344.072969
8850,344.080877
8851,344.088924
8852,344.097172
8853,344.105628
8854,344.11424
8855,344.122894
8856,344.131401
8857,344.139486
8858,344.146766
8859,344.152734
8860,344.15684
8861,344.158677
8862,344.157947
8863,344.154431
8864,344.147975
8865,344.138477
8866,344.125877
8867,344.110154
8868,344.091322
8869,344.069434
8870,344.044583
8871,344.016908
8872,343.986608
8873,343.953956
8874,343.919324
8875,343.883213
8876,343.84619
8877,343.808689
8878,343.771034
8879,343.733459
8880,343.696133
8881,343.659171
8882,343.622645
8883,343.586598
8884,343.55105
8885,343.515999
8886,343.481434
8887,343.44733
8888,343.413657
8889,343.380381
8890,343.347463
8891,343.314866
8892,343.282555
8893,343.250495
8894,343.21866
8895,343.187028
8896,343.832646
8897,343.856845
8898,343.879826
8899,343.901566
8900,343.922054
8901,343.941287
8902,343.959273
8903,343.976025
8904,343.991565
8905,344.005926
8906,344.019147
8907,344.031283
8908,344.042401
8909,344.052589
8910,344.06196
8911,344.070657
8912,344.07887
8913,344.086844
8914,344.094756
8915,344.10272
8916,344.110793
8917,344.118979
8918,344.127229
8919,344.13543
8920,344.143406
8921,344.150891
8922,344.157522
8923,344.16281
8924,344.166224
8925,344.167378
8926,344.165987
8927,344.161845
8928,344.154809
8929,344.144782
8930,344.131711
8931,344.115579
8932,344.096401
8933,344.074233
8934,344.049164
8935,344.021333
8936,343.990933
8937,343.958228
8938,343.923576
8939,343.887465
8940,343.850446
8941,343.812939
8942,343.775257
8943,343.737629
8944,343.700219
8945,343.66314
8946,343.626467
8947,343.590247
8948,343.554501
8949,343.519235
8950,343.484442
8951,343.450102
8952,343.416192
8953,343.382683
8954,343.349544
8955,343.316741
8956,343.284244
8957,343.252025
8958,343.220058
8959,343.188324
8960,343.839538
8961,343.864128
8962,343.887505
8963,343.909647
8964,343.930539
8965,343.950177
8966,343.968567
8967,343.985719
8968,344.001653
8969,344.016397
8970,344.029988
8971,344.042476
8972,344.053924
8973,344.064411
8974,344.074043
8975,344.082952
8976,344.091314
8977,344.099362
8978,344.10726
8979,344.115111
8980,344.122968
8981,344.13083
8982,344.138649
8983,344.146318
8984,344.153669
8985,344.160455
8986,344.166329
8987,344.170831
8988,344.173454
8989,344.173836
8990,344.171709
8991,344.166882
8992,344.159221
8993,344.148638
8994,344.135084
8995,344.118548
8996,344.099049
8997,344.07664
8998,344.051414
8999,344.023505
9000,343.993099
9001,343.96045
9002,343.925901
9003,343.889919
9004,343.853036
9005,343.815653
9006,343.778069
9007,343.740506
9008,343.703123
9009,343.666033
9010,343.629313
9011,343.593012
9012,343.557157
9013,343.521758
9014,343.486813
9015,343.452311
9016,343.418231
9017,343.384552
9018,343.351246
9019,343.318287
9020,343.285648
9021,343.253304
9022,343.221233
9023,343.189416
9024,343.845461
9025,343.870393
9026,343.894126
9027,343.916634
9028,343.937901
9029,343.957921
9030,343.976694
9031,343.994231
9032,344.010546
9033,344.025666
9034,344.039622
9035,344.052461
9036,344.064238
9037,344.075029
9038,344.084926
9039,344.094052
9040,344.102565
9041,344.110683
9042,344.118553
9043,344.126268
9044,344.133871
9045,344.14136
9046,344.148686
9047,344.155747
9048,344.162386
9049,344.168371
9050,344.173384
9051,344.176993
9052,344.178727
9053,344.178248
9054,344.175312
9055,344.169741
9056,344.161412
9057,344.150244
9058,344.136196
9059,344.119258
9060,344.099454
9061,344.07684
9062,344.051508
9063,344.023589
9064,343.993263
9065,343.960773
9066,343.926443
9067,343.890715
9068,343.854091
9069,343.816951
9070,343.779579
9071,343.742187
9072,343.704931
9073,343.667923
9074,343.631243
9075,343.594944
9076,343.559058
9077,343.523599
9078,343.488573
9079,343.453971
9080,343.419782
9081,343.385986
9082,343.352565
9083,343.319494
9084,343.286751
9085,343.254314
9086,343.222164
9087,343.190283
9088,343.850548
9089,343.875782
9090,343.899836
9091,343.922681
9092,343.944298
9093,343.964678
9094,343.983819
9095,344.001726
9096,344.018413
9097,344.033901
9098,344.048218
9099,344.061405
9100,344.073514
9101,344.08461
9102,344.094779
9103,344.104129
9104,344.112802
9105,344.12099
9106,344.128823
9107,344.136381
9108,344.1437
9109,344.150773
9110,344.157551
9111,344.163937
9112,344.169782
9113,344.174875
9114,344.178923
9115,344.181536
9116,344.182286
9117,344.180867
9118,344.177054
9119,344.170685
9120,344.161647
9121,344.149867
9122,344.135309
9123,344.117967
9124,344.09787
9125,344.075077
9126,344.049678
9127,344.021806
9128,343.991634
9129,343.959394
9130,343.925388
9131,343.890026
9132,343.853774
9133,343.816982
9134,343.779919
9135,343.742788
9136,343.705743
9137,343.668896
9138,343.632331
9139,343.596104
9140,343.560253
9141,343.524798
9142,343.489748
9143,343.455104
9144,343.420857
9145,343.386994
9146,343.3535
9147,343.320357
9148,343.287544
9149,343.255045
9150,343.22284
9151,343.190914
9152,343.854965
9153,343.880471
9154,343.904818
9155,343.927976
9156,343.949924
9157,343.970648
9158,343.990143
9159,344.008411
9160,344.025461
9161,344.04131
9162,344.055984
9163,344.069517
9164,344.081956
9165,344.09336
9166,344.103805
9167,344.113387
9168,344.122227
9169,344.130487
9170,344.138276
9171,344.145662
9172,344.152671
9173,344.159294
9174,344.165479
9175,344.171136
9176,344.176122
9177,344.180243
9178,344.183236
9179,344.184761
9180,344.184445
9181,344.182016
9182,344.177271
9183,344.170059
9184,344.160277
9185,344.147858
9186,344.132773
9187,344.115021
9188,344.094634
9189,344.071674
9190,344.046236
9191,344.018448
9192,343.988484
9193,343.956564
9194,343.922969
9195,343.88807
9196,343.852279
9197,343.815918
9198,343.779239
9199,343.742438
9200,343.705669
9201,343.669046
9202,343.632655
9203,343.596558
9204,343.560796
9205,343.525397
9206,343.490375
9207,343.455735
9208,343.421475
9209,343.387587
9210,343.354059
9211,343.320877
9212,343.288026
9213,343.25549
9214,343.223253
9215,343.191299
9216,343.858928
9217,343.884682
9218,343.909305
9219,343.932761
9220,343.955025
9221,343.976082
9222,343.995922
9223,344.014542
9224,344.031949
9225,344.048154
9226,344.063178
9227,344.077053
9228,344.089818
9229,344.101527
9230,344.112247
9231,344.122061
9232,344.131073
9233,344.139402
9234,344.147137
9235,344.154334
9236,344.161013
9237,344.16716
9238,344.172724
9239,344.177615
9240,344.1817
9241,344.184798
9242,344.186674
9243,344.187043
9244,344.185606
9245,344.182123
9246,344.176405
9247,344.168317
9248,344.157763
9249,344.144683
9250,344.129053
9251,344.110879
9252,344.090196
9253,344.067071
9254,344.041599
9255,344.013912
9256,343.98418
9257,343.952616
9258,343.919486
9259,343.885111
9260,343.849835
9261,343.813952
9262,343.777702
9263,343.741277
9264,343.704828
9265,343.668473
9266,343.632299
9267,343.596374
9268,343.560744
9269,343.525443
9270,343.490489
9271,343.455893
9272,343.421657
9273,343.387779
9274,343.35425
9275,343.321061
9276,343.288198
9277,343.255649
9278,343.2234
9279,343.191436
9280,343.862715
9281,343.888708
9282,343.913597
9283,343.937342
9284,343.959917
9285,343.9813
9286,344.001478
9287,344.020446
9288,344.038203
9289,344.054758
9290,344.070128
9291,344.084338
9292,344.097421
9293,344.109424
9294,344.120405
9295,344.130435
9296,344.139595
9297,344.147972
9298,344.155635
9299,344.162627
9300,344.16896
9301,344.174616
9302,344.179543
9303,344.183655
9304,344.186828
9305,344.188898
9306,344.18966
9307,344.188879
9308,344.186315
9309,344.181763
9310,344.175057
9311,344.166074
9312,344.154727
9313,344.140966
9314,344.124773
9315,344.106159
9316,344.085165
9317,344.061859
9318,344.036342
9319,344.008745
9320,343.979234
9321,343.948014
9322,343.915328
9323,343.881456
9324,343.846689
9325,343.811288
9326,343.77548
9327,343.739447
9328,343.70334
9329,343.667276
9330,343.631347
9331,343.595623
9332,343.560157
9333,343.524984
9334,343.490129
9335,343.455608
9336,343.421427
9337,343.387588
9338,343.354086
9339,343.320915
9340,343.288065
9341,343.255525
9342,343.223282
9343,343.191325
9344,343.866545
9345,343.892778
9346,343.917932
9347,343.941966
9348,343.964849
9349,343.986557
9350,344.007072
9351,344.026384
9352,344.044489
9353,344.06139
9354,344.077099
9355,344.091634
9356,344.105025
9357,344.117307
9358,344.128529
9359,344.138748
9360,344.148025
9361,344.156424
9362,344.163995
9363,344.170766
9364,344.176742
9365,344.181901
9366,344.186191
9367,344.18953
9368,344.191804
9369,344.192869
9370,344.192549
9371,344.190653
9372,344.186987
9373,344.181378
9374,344.173684
9375,344.163798
9376,344.151647
9377,344.137189
9378,344.120412
9379,344.101335
9380,344.080003
9381,344.056489
9382,344.030895
9383,344.003352
9384,343.974022
9385,343.943096
9386,343.910798
9387,343.877372
9388,343.843067
9389,343.808119
9390,343.772733
9391,343.737086
9392,343.70132
9393,343.665555
9394,343.629882
9395,343.594376
9396,343.559091
9397,343.524068
9398,343.489335
9399,343.454912
9400,343.42081
9401,343.387034
9402,343.353582
9403,343.320451
9404,343.287634
9405,343.255121
9406,343.222903
9407,343.190968
9408,343.870585
9409,343.897067
9410,343.922494
9411,343.946823
9412,343.970019
9413,343.992056
9414,344.01291
9415,344.032567
9416,344.051019
9417,344.068262
9418,344.084304
9419,344.099156
9420,344.112839
9421,344.125383
9422,344.136824
9423,344.147205
9424,344.156571
9425,344.164966
9426,344.172424
9427,344.178961
9428,344.184575
9429,344.189238
9430,344.1929
9431,344.195485
9432,344.19689
9433,344.196989
9434,344.195636
9435,344.192671
9436,344.187939
9437,344.181297
9438,344.172628
9439,344.161842
9440,344.148879
9441,344.133708
9442,344.116326
9443,344.096757
9444,344.075052
9445,344.05129
9446,344.025573
9447,343.99803
9448,343.968817
9449,343.938116
9450,343.906127
9451,343.873069
9452,343.83916
9453,343.80461
9454,343.769607
9455,343.734316
9456,343.698875
9457,343.663399
9458,343.627982
9459,343.592697
9460,343.557602
9461,343.52274
9462,343.488145
9463,343.453837
9464,343.419832
9465,343.386136
9466,343.352753
9467,343.31968
9468,343.286914
9469,343.254446
9470,343.222268
9471,343.190369
9472,343.874962
9473,343.901709
9474,343.927423
9475,343.952059
9476,343.975579
9477,343.997952
9478,344.019152
9479,344.039159
9480,344.057958
9481,344.075543
9482,344.091912
9483,344.107072
9484,344.121037
9485,344.133825
9486,344.145463
9487,344.155982
9488,344.165411
9489,344.173781
9490,344.181109
9491,344.187404
9492,344.192653
9493,344.196829
9494,344.199881
9495,344.201739
9496,344.202312
9497,344.201491
9498,344.199153
9499,344.19517
9500,344.189413
9501,344.18177
9502,344.172144
9503,344.160464
9504,344.146683
9505,344.130783
9506,344.11277
9507,344.092676
9508,344.070558
9509,344.046496
9510,344.020597
9511,343.992987
9512,343.963816
9513,343.933255
9514,343.901488
9515,343.86871
9516,343.835118
9517,343.800898
9518,343.766223
9519,343.731246
9520,343.696098
9521,343.660891
9522,343.625715
9523,343.590645
9524,343.555739
9525,343.521044
9526,343.486593
9527,343.452411
9528,343.418515
9529,343.384914
9530,343.351614
9531,343.318616
9532,343.285915
9533,343.253507
9534,343.221383
9535,343.189534
9536,343.87977
9537,343.906805
9538,343.932825
9539,343.957785
9540,343.981644
9541,344.004367
9542,344.025922
9543,344.046286
9544,344.065438
9545,344.083365
9546,344.100059
9547,344.115521
9548,344.129755
9549,344.142773
9550,344.15459
9551,344.165225
9552,344.174698
9553,344.183024
9554,344.190212
9555,344.196259
9556,344.201149
9557,344.20485
9558,344.207314
9559,344.208476
9560,344.208255
9561,344.20656
9562,344.203287
9563,344.198332
9564,344.191593
9565,344.182978
9566,344.172414
9567,344.159846
9568,344.145243
9569,344.128597
9570,344.109925
9571,344.089267
9572,344.066686
9573,344.042267
9574,344.016118
9575,343.988366
9576,343.959153
9577,343.928642
9578,343.897003
9579,343.864414
9580,343.831052
9581,343.797087
9582,343.762677
9583,343.727962
9584,343.693067
9585,343.658097
9586,343.623141
9587,343.588272
9588,343.553549
9589,343.519017
9590,343.484713
9591,343.450661
9592,343.416882
9593,343.383387
9594,343.350182
9595,343.317269
9596,343.284647
9597,343.252312
9598,343.220255
9599,343.18847
9600,343.885077
9601,343.912426
9602,343.938776
9603,343.964082
9604,343.9883
9605,344.011389
9606,344.033315
9607,344.054046
9608,344.073559
9609,344.091832
9610,344.108852
9611,344.124611
9612,344.139106
9613,344.152341
9614,344.164323
9615,344.175059
9616,344.18456
9617,344.19283
9618,344.199869
9619,344.205668
9620,344.210205
9621,344.213446
9622,344.215345
9623,344.215843
9624,344.214868
9625,344.212342
9626,344.208179
9627,344.202296
9628,344.19461
9629,344.185052
9630,344.173566
9631,344.160115
9632,344.144681
9633,344.127269
9634,344.107907
9635,344.086641
9636,344.063544
9637,344.038705
9638,344.012233
9639,343.984256
9640,343.954914
9641,343.924361
9642,343.892755
9643,343.860262
9644,343.827043
9645,343.793254
9646,343.759039
9647,343.724529
9648,343.68984
9649,343.655072
9650,343.620308
9651,343.585621
9652,343.551066
9653,343.516691
9654,343.48253
9655,343.448612
9656,343.414954
9657,343.38157
9658,343.348468
9659,343.315652
9660,343.283119
9661,343.250868
9662,343.218892
9663,343.187181
9664,343.890929
9665,343.91862
9666,343.945328
9667,343.971006
9668,343.995605
9669,344.019082
9670,344.041396
9671,344.062511
9672,344.082395
9673,344.101022
9674,344.118371
9675,344.134426
9676,344.149178
9677,344.162621
9678,344.174756
9679,344.185581
9680,344.195098
9681,344.203304
9682,344.210191
9683,344.215743
9684,344.219936
9685,344.222734
9686,344.224092
9687,344.223956
9688,344.222262
9689,344.218944
9690,344.213931
9691,344.207155
9692,344.198554
9693,344.188075
9694,344.17568
9695,344.161346
9696,344.145071
9697,344.12687
9698,344.106781
9699,344.084861
9700,344.06119
9701,344.035862
9702,344.008992
9703,343.980706
9704,343.951145
9705,343.920456
9706,343.88879
9707,343.856301
9708,343.82314
9709,343.789448
9710,343.75536
9711,343.720995
9712,343.686463
9713,343.651855
9714,343.617253
9715,343.582724
9716,343.548321
9717,343.514092
9718,343.480069
9719,343.446281
9720,343.412746
9721,343.379479
9722,343.346487
9723,343.313774
9724,343.281341
9725,343.249184
9726,343.217298
9727,343.185675
9728,343.897352
9729,343.925416
9730,343.952512
9731,343.978589
9732,344.003597
9733,344.027487
9734,344.050212
9735,344.07173
9736,344.092001
9737,344.110992
9738,344.128676
9739,344.145029
9740,344.160035
9741,344.173682
9742,344.185961
9743,344.196866
9744,344.206391
9745,344.214527
9746,344.221259
9747,344.226569
9748,344.230428
9749,344.232799
9750,344.233639
9751,344.232896
9752,344.230515
9753,344.226437
9754,344.220606
9755,344.212968
9756,344.203475
9757,344.192092
9758,344.178795
9759,344.163575
9760,344.146443
9761,344.127425
9762,344.106571
9763,344.083947
9764,344.05964
9765,344.033753
9766,344.006405
9767,343.977727
9768,343.947857
9769,343.916941
9770,343.885124
9771,343.852552
9772,343.819364
9773,343.785694
9774,343.751665
9775,343.717387
9776,343.682962
9777,343.648475
9778,343.614001
9779,343.579604
9780,343.545336
9781,343.511238
9782,343.477346
9783,343.443684
9784,343.410272
9785,343.377124
9786,343.344246
9787,343.311644
9788,343.279318
9789,343.247266
9790,343.215481
9791,343.183956
9792,343.904354
9793,343.932823
9794,343.960339
9795,343.986848
9796,344.012296
9797,344.036627
9798,344.059789
9799,344.081731
9800,344.102408
9801,344.121778
9802,344.139806
9803,344.156462
9804,344.171722
9805,344.185569
9806,344.197987
9807,344.208965
9808,344.218491
9809,344.226552
9810,344.23313
9811,344.238201
9812,344.241735
9813,344.243694
9814,344.244035
9815,344.242708
9816,344.239665
9817,344.234855
9818,344.228232
9819,344.219754
9820,344.209388
9821,344.197111
9822,344.182913
9823,344.166799
9824,344.14879
9825,344.128926
9826,344.107264
9827,344.083883
9828,344.058877
9829,344.032359
9830,344.004454
9831,343.975298
9832,343.945033
9833,343.913801
9834,343.881747
9835,343.849008
9836,343.815716
9837,343.781996
9838,343.747962
9839,343.713715
9840,343.679349
9841,343.644943
9842,343.610566
9843,343.576276
9844,343.542122
9845,343.508144
9846,343.474373
9847,343.440833
9848,343.407542
9849,343.374514
9850,343.341755
9851,343.30927
9852,343.277059
9853,343.245119
9854,343.213445
9855,343.182029
9856,343.911926
9857,343.940833
9858,343.968803
9859,343.995778
9860,344.021698
9861,344.046503
9862,344.070132
9863,344.092527
9864,344.113632
9865,344.133398
9866,344.151782
9867,344.168748
9868,344.184264
9869,344.198308
9870,344.21086
9871,344.221904
9872,344.231424
9873,344.239405
9874,344.245826
9875,344.250661
9876,344.253878
9877,344.255437
9878,344.255294
9879,344.253403
9880,344.249717
9881,344.244195
9882,344.236797
9883,344.227495
9884,344.216265
9885,344.203099
9886,344.187998
9887,344.170977
9888,344.15207
9889,344.131325
9890,344.108812
9891,344.084619
9892,344.05885
9893,344.031628
9894,344.003087
9895,343.973372
9896,343.942627
9897,343.910997
9898,343.878624
9899,343.845642
9900,343.812175
9901,343.778339
9902,343.744241
9903,343.709975
9904,343.675624
9905,343.641261
9906,343.60695
9907,343.572744
9908,343.538687
9909,343.504814
9910,343.471156
9911,343.437733
9912,343.404562
9913,343.371654
9914,343.339018
9915,343.306655
9916,343.274565
9917,343.242747
9918,343.211193
9919,343.179897
9920,343.920044
9921,343.949422
9922,343.97788
9923,344.005357
9924,344.031787
9925,344.057102
9926,344.081231
9927,344.104107
9928,344.125666
9929,344.145849
9930,344.164604
9931,344.181887
9932,344.197663
9933,344.211902
9934,344.224581
9935,344.235683
9936,344.245188
9937,344.253081
9938,344.25934
9939,344.263938
9940,344.266841
9941,344.268008
9942,344.267393
9943,344.264949
9944,344.260634
9945,344.25441
9946,344.246249
9947,344.236129
9948,344.224041
9949,344.209984
9950,344.193972
9951,344.17603
9952,344.1562
9953,344.134542
9954,344.111134
9955,344.086073
9956,344.059477
9957,344.031479
9958,344.002226
9959,343.971872
9960,343.940568
9961,343.908464
9962,343.8757
9963,343.842405
9964,343.808699
9965,343.774691
9966,343.740477
9967,343.706146
9968,343.671771
9969,343.637421
9970,343.603149
9971,343.569006
9972,343.535028
9973,343.50125
9974,343.467696
9975,343.434386
9976,343.401333
9977,343.368549
9978,343.336038
9979,343.303802
9980,343.271842
9981,343.240152
9982,343.208729
9983,343.177562
9984,343.928664
9985,343.958545
9986,343.987526
9987,344.015543
9988,344.042523
9989,344.068386
9990,344.093054
9991,344.116446
9992,344.138487
9993,344.15911
9994,344.178251
9995,344.195862
9996,344.211899
9997,344.226329
9998,344.239128
9999,344.250274
10000,344.259752
10001,344.267544
10002,344.27363
10003,344.277984
10004,344.280571
10005,344.281346
10006,344.280262
10007,344.277271
10008,344.27233
10009,344.265409
10010,344.256486
10011,344.24555
10012,344.2326
10013,344.217648
10014,344.200714
10015,344.181834
10016,344.161058
10017,344.138454
10018,344.114108
10019,344.088128
10020,344.060643
10021,344.031801
10022,344.001763
10023,343.970696
10024,343.938763
10025,343.906116
10026,343.872896
10027,343.83923
10028,343.805232
10029,343.771003
10030,343.736632
10031,343.702197
10032,343.667768
10033,343.633402
10034,343.599148
10035,343.56505
10036,343.53114
10037,343.497446
10038,343.463991
10039,343.430791
10040,343.397857
10041,343.365197
10042,343.332815
10043,343.300713
10044,343.268889
10045,343.237337
10046,343.206053
10047,343.175027
10048,343.937724
10049,343.968138
10050,343.997679
10051,344.026275
10052,344.053846
10053,344.080301
10054,344.105547
10055,344.129493
10056,344.152049
10057,344.173135
10058,344.19268
10059,344.210626
10060,344.226925
10061,344.241541
10062,344.254445
10063,344.26562
10064,344.275049
10065,344.282718
10066,344.288612
10067,344.292706
10068,344.294965
10069,344.295343
10070,344.293785
10071,344.29024
10072,344.284668
10073,344.277042
10074,344.26735
10075,344.25559
10076,344.241772
10077,344.225915
10078,344.208048
10079,344.188215
10080,344.166472
10081,344.142893
10082,344.117573
10083,344.090628
10084,344.062198
10085,344.032448
10086,344.001559
10087,343.969715
10088,343.937091
10089,343.903846
10090,343.87012
10091,343.836036
10092,343.801703
10093,343.767216
10094,343.732654
10095,343.698088
10096,343.663579
10097,343.629177
10098,343.594926
10099,343.560859
10100,343.527007
10101,343.493393
10102,343.460033
10103,343.426942
10104,343.394128
10105,343.361596
10106,343.329349
10107,343.297387
10108,343.265706
10109,343.234301
10110,343.203165
10111,343.17229
10112,343.947143
10113,343.978117
10114,344.008251
10115,344.037467
10116,344.065674
10117,344.092766
10118,344.118636
10119,344.143175
10120,344.16628
10121,344.187855
10122,344.207821
10123,344.22611
10124,344.242669
10125,344.257458
10126,344.27045
10127,344.281627
10128,344.290977
10129,344.298491
10130,344.30416
10131,344.307964
10132,344.309872
10133,344.309833
10134,344.307784
10135,344.303666
10136,344.297443
10137,344.289093
10138,344.278615
10139,344.266017
10140,344.251318
10141,344.234545
10142,344.215734
10143,344.194936
10144,344.172211
10145,344.147638
10146,344.121317
10147,344.09337
10148,344.06395
10149,344.033239
10150,344.001444
10151,343.968772
10152,343.935411
10153,343.901526
10154,343.867257
10155,343.832724
10156,343.798029
10157,343.763258
10158,343.728484
10159,343.693769
10160,343.659164
10161,343.624714
10162,343.590454
10163,343.556413
10164,343.522614
10165,343.489076
10166,343.455812
10167,343.422832
10168,343.390141
10169,343.357742
10170,343.325636
10171,343.293821
10172,343.262292
10173,343.231042
10174,343.200066
10175,343.169352
10176,343.956813
10177,343.988371
10178,344.019131
10179,344.049008
10180,344.077896
10181,344.105675
10182,344.132216
10183,344.157392
10184,344.181079
10185,344.20317
10186,344.223572
10187,344.242208
10188,344.25902
10189,344.273967
10190,344.28702
10191,344.298164
10192,344.307393
10193,344.314706
10194,344.320099
10195,344.323565
10196,344.325077
10197,344.324585
10198,344.322008
10199,344.317281
10200,344.310368
10201,344.301263
10202,344.289971
10203,344.276513
10204,344.260916
10205,344.243216
10206,344.223454
10207,344.201684
10208,344.177971
10209,344.152396
10210,344.125062
10211,344.096096
10212,344.065659
10213,344.03395
10214,344.001212
10215,343.96768
10216,343.933558
10217,343.899012
10218,343.864184
10219,343.829187
10220,343.794116
10221,343.759051
10222,343.724055
10223,343.689182
10224,343.654476
10225,343.619973
10226,343.585702
10227,343.551685
10228,343.51794
10229,343.48448
10230,343.451315
10231,343.418449
10232,343.385887
10233,343.353629
10234,343.321671
10235,343.290012
10236,343.258643
10237,343.22756
10238,343.196752
10239,343.166211
10240,343.966601
10241,343.998761
10242,344.030178
10243,344.060756
10244,344.090373
10245,344.118889
10246,344.146151
10247,344.172006
10248,344.196312
10249,344.218943
10250,344.239792
10251,344.258775
10252,344.27583
10253,344.29091
10254,344.30399
10255,344.315058
10256,344.324111
10257,344.331158
10258,344.336205
10259,344.339257
10260,344.3403
10261,344.339288
10262,344.336118
10263,344.330716
10264,344.323057
10265,344.313146
10266,344.301002
10267,344.286657
10268,344.270145
10269,344.251508
10270,344.230793
10271,344.208054
10272,344.18336
10273,344.156792
10274,344.128453
10275,344.098474
10276,344.067022
10277,344.034309
10278,344.000623
10279,343.966232
10280,343.931351
10281,343.89615
10282,343.860766
10283,343.825309
10284,343.789866
10285,343.754509
10286,343.719295
10287,343.684267
10288,343.649464
10289,343.614912
10290,343.580633
10291,343.546645
10292,343.51296
10293,343.479585
10294,343.446525
10295,343.413783
10296,343.381358
10297,343.349248
10298,343.317449
10299,343.285955
10300,343.254758
10301,343.22385
10302,343.193223
10303,343.162865
10304,343.976347
10305,344.009121
10306,344.041218
10307,344.072534
10308,344.102927
10309,344.132231
10310,344.160263
10311,344.186842
10312,344.211798
10313,344.234989
10314,344.256293
10315,344.275618
10316,344.292896
10317,344.308081
10318,344.321146
10319,344.332081
10320,344.340893
10321,344.347594
10322,344.352204
10323,344.354737
10324,344.355194
10325,344.353537
10326,344.349657
10327,344.34348
10328,344.334993
10329,344.324214
10330,344.311173
10331,344.29591
10332,344.278466
10333,344.258887
10334,344.237223
10335,344.21353
10336,344.187875
10337,344.160341
10338,344.131032
10339,344.100079
10340,344.067657
10341,344.033996
10342,343.999413
10343,343.964207
10344,343.928603
10345,343.892777
10346,343.856865
10347,343.820971
10348,343.785178
10349,343.749548
10350,343.714131
10351,343.678964
10352,343.644075
10353,343.609486
10354,343.575213
10355,343.541265
10356,343.50765
10357,343.47437
10358,343.441427
10359,343.408819
10360,343.376543
10361,343.344593
10362,343.312963
10363,343.281645
10364,343.250631
10365,343.219911
10366,343.189475
10367,343.159312
10368,343.985858
10369,344.019247
10370,344.052042
10371,344.084126
10372,344.115337
10373,344.145479
10374,344.174329
10375,344.201668
10376,344.227302
10377,344.251065
10378,344.272824
10379,344.292478
10380,344.309954
10381,344.325205
10382,344.338206
10383,344.348948
10384,344.357442
10385,344.363708
10386,344.367774
10387,344.369667
10388,344.369401
10389,344.366951
10390,344.362223
10391,344.355155
10392,344.345747
10393,344.334029
10394,344.320043
10395,344.303832
10396,344.285443
10397,344.264925
10398,344.242327
10399,344.217705
10400,344.191126
10401,344.162672
10402,344.132446
10403,344.100586
10404,344.06727
10405,344.032743
10406,343.997346
10407,343.961397
10408,343.925135
10409,343.88874
10410,343.852347
10411,343.816059
10412,343.779951
10413,343.744081
10414,343.70849
10415,343.673208
10416,343.638258
10417,343.603653
10418,343.569404
10419,343.535514
10420,343.501985
10421,343.468817
10422,343.436005
10423,343.403545
10424,343.37143
10425,343.339653
10426,343.308205
10427,343.277077
10428,343.246258
10429,343.215738
10430,343.185506
10431,343.155549
10432,343.994913
10433,344.028905
10434,344.0624
10435,344.095272
10436,344.127335
10437,344.158356
10438,344.188062
10439,344.216191
10440,344.242516
10441,344.266852
10442,344.289053
10443,344.309013
10444,344.326654
10445,344.341928
10446,344.354809
10447,344.365294
10448,344.373392
10449,344.379131
10450,344.382545
10451,344.383671
10452,344.382539
10453,344.379148
10454,344.373431
10455,344.365353
10456,344.354932
10457,344.342209
10458,344.327232
10459,344.310052
10460,344.290714
10461,344.269268
10462,344.245762
10463,344.22025
10464,344.192798
10465,344.163486
10466,344.132419
10467,344.099734
10468,344.065618
10469,344.030327
10470,343.994216
10471,343.957618
10472,343.920782
10473,343.883893
10474,343.847086
10475,343.810462
10476,343.774091
10477,343.738026
10478,343.702302
10479,343.666942
10480,343.631962
10481,343.59737
10482,343.56317
10483,343.529361
10484,343.49594
10485,343.462903
10486,343.430241
10487,343.397946
10488,343.36601
10489,343.334422
10490,343.303171
10491,343.272246
10492,343.241636
10493,343.211329
10494,343.181313
10495,343.151575
10496,344.003261
10497,344.037828
10498,344.072009
10499,344.105666
10500,344.138594
10501,344.170518
10502,344.201102
10503,344.230029
10504,344.257039
10505,344.281929
10506,344.304546
10507,344.324775
10508,344.342539
10509,344.357786
10510,344.370493
10511,344.380654
10512,344.388283
10513,344.393409
10514,344.396071
10515,344.396316
10516,344.39419
10517,344.389721
10518,344.382889
10519,344.373696
10520,344.362184
10521,344.348403
10522,344.332408
10523,344.314247
10524,344.293969
10525,344.271619
10526,344.247244
10527,344.220896
10528,344.192636
10529,344.162544
10530,344.130723
10531,344.097313
10532,344.062505
10533,344.026562
10534,343.98985
10535,343.952711
10536,343.9154
10537,343.878107
10538,343.840969
10539,343.804081
10540,343.767513
10541,343.73131
10542,343.695502
10543,343.660109
10544,343.625139
10545,343.590596
10546,343.556478
10547,343.522779
10548,343.489493
10549,343.45661
10550,343.42412
10551,343.392012
10552,343.360272
10553,343.32889
10554,343.297852
10555,343.267147
10556,343.23676
10557,343.20668
10558,343.176893
10559,343.147387
10560,344.010634
10561,344.045727
10562,344.08055
10563,344.114958
10564,344.148727
10565,344.181545
10566,344.212992
10567,344.242687
10568,344.270345
10569,344.295748
10570,344.318733
10571,344.339183
10572,344.357017
10573,344.372184
10574,344.384658
10575,344.394436
10576,344.401532
10577,344.405975
10578,344.407809
10579,344.407088
10580,344.403872
10581,344.398222
10582,344.390183
10583,344.379807
10584,344.367156
10585,344.35229
10586,344.335266
10587,344.316135
10588,344.29494
10589,344.271726
10590,344.246536
10591,344.219417
10592,344.190428
10593,344.159646
10594,344.127173
10595,344.093149
10596,344.057767
10597,344.021295
10598,343.984104
10599,343.946542
10600,343.908868
10601,343.871274
10602,343.833896
10603,343.796829
10604,343.760138
10605,343.723864
10606,343.688034
10607,343.652661
10608,343.617749
10609,343.583296
10610,343.549298
10611,343.515743
10612,343.482622
10613,343.449922
10614,343.417629
10615,343.385729
10616,343.354208
10617,343.323052
10618,343.292245
10619,343.261776
10620,343.231628
10621,343.201789
10622,343.172245
10623,343.142984
10624,344.016756
10625,344.052303
10626,344.087691
10627,344.12277
10628,344.157297
10629,344.190918
10630,344.22314
10631,344.253524
10632,344.281754
10633,344.307597
10634,344.330883
10635,344.35149
10636,344.369334
10637,344.384363
10638,344.39655
10639,344.405892
10640,344.412404
10641,344.416116
10642,344.417078
10643,344.41535
10644,344.411011
10645,344.404155
10646,344.394889
10647,344.383314
10648,344.369518
10649,344.353572
10650,344.335537
10651,344.315465
10652,344.293397
10653,344.269374
10654,344.243436
10655,344.215627
10656,344.186001
10657,344.154631
10658,344.121618
10659,344.087101
10660,344.051273
10661,344.014401
10662,343.976861
10663,343.939001
10664,343.901084
10665,343.863301
10666,343.825786
10667,343.788633
10668,343.751903
10669,343.715634
10670,343.679848
10671,343.644555
10672,343.609754
10673,343.57544
10674,343.541604
10675,343.508232
10676,343.475311
10677,343.442824
10678,343.410756
10679,343.37909
10680,343.347811
10681,343.316901
10682,343.286346
10683,343.25613
10684,343.226238
10685,343.196656
10686,343.167369
10687,343.138365
10688,344.021359
10689,344.057264
10690,344.093113
10691,344.128744
10692,344.163893
10693,344.198172
10694,344.231027
10695,344.261974
10696,344.290665
10697,344.316852
10698,344.340353
10699,344.36104
10700,344.378825
10701,344.393656
10702,344.405504
10703,344.414366
10704,344.420258
10705,344.423213
10706,344.423287
10707,344.420551
10708,344.415105
10709,344.407076
10710,344.396619
10711,344.38388
10712,344.368973
10713,344.351984
10714,344.332983
10715,344.312021
10716,344.289142
10717,344.264383
10718,344.23778
10719,344.209372
10720,344.179212
10721,344.147368
10722,344.113937
10723,344.079056
10724,344.042915
10725,344.005781
10726,343.968028
10727,343.930004
10728,343.89197
10729,343.854116
10730,343.816573
10731,343.779434
10732,343.742756
10733,343.706574
10734,343.670906
10735,343.635757
10736,343.601126
10737,343.567004
10738,343.533376
10739,343.500229
10740,343.467544
10741,343.435305
10742,343.403492
10743,343.372088
10744,343.341075
10745,343.310435
10746,343.280152
10747,343.250208
10748,343.220589
10749,343.191279
10750,343.162264
10751,343.13353
10752,344.024196
10753,344.060347
10754,344.096527
10755,344.132565
10756,344.168178
10757,344.202942
10758,344.236265
10759,344.267623
10760,344.296643
10761,344.323056
10762,344.34667
10763,344.36735
10764,344.385003
10765,344.399575
10766,344.411036
10767,344.419382
10768,344.424631
10769,344.426822
10770,344.426014
10771,344.422297
10772,344.415788
10773,344.406645
10774,344.395064
10775,344.381225
10776,344.36527
10777,344.347303
10778,344.327402
10779,344.305624
10780,344.282013
10781,344.256604
10782,344.229432
10783,344.200532
10784,344.169951
10785,344.137755
10786,344.104036
10787,344.068927
10788,344.032614
10789,343.99536
10790,343.957535
10791,343.919485
10792,343.881466
10793,343.843665
10794,343.80621
10795,343.76919
10796,343.732659
10797,343.69665
10798,343.661177
10799,343.626244
10800,343.591844
10801,343.557968
10802,343.524599
10803,343.491721
10804,343.459313
10805,343.427357
10806,343.395832
10807,343.364719
10808,343.333999
10809,343.303652
10810,343.273662
10811,343.244011
10812,343.214682
10813,343.185661
10814,343.156932
10815,343.128482
10816,344.025054
10817,344.061323
10818,344.097691
10819,344.133976
10820,344.169877
10821,344.204947
10822,344.238561
10823,344.270166
10824,344.299367
10825,344.325877
10826,344.349493
10827,344.370071
10828,344.387516
10829,344.401768
10830,344.412798
10831,344.420601
10832,344.425196
10833,344.426627
10834,344.424963
10835,344.420304
10836,344.412792
10837,344.402611
10838,344.389986
10839,344.375131
10840,344.358211
10841,344.339349
10842,344.318635
10843,344.296131
10844,344.271883
10845,344.245926
10846,344.218292
10847,344.189014
10848,344.158136
10849,344.125718
10850,344.091848
10851,344.056653
10852,344.020314
10853,343.983088
10854,343.945339
10855,343.907404
10856,343.869536
10857,343.831915
10858,343.794666
10859,343.757874
10860,343.721589
10861,343.685841
10862,343.650644
10863,343.615998
10864,343.581895
10865,343.548323
10866,343.515265
10867,343.482702
10868,343.450613
10869,343.418977
10870,343.387773
10871,343.356982
10872,343.326581
10873,343.296553
10874,343.266878
10875,343.237539
10876,343.20852
10877,343.179803
10878,343.151375
10879,343.123222
10880,344.023754
10881,344.060006
10882,344.096408
10883,344.132772
10884,344.168783
10885,344.203973
10886,344.237697
10887,344.26938
10888,344.298606
10889,344.325077
10890,344.348578
10891,344.368958
10892,344.386117
10893,344.399992
10894,344.410551
10895,344.417789
10896,344.421729
10897,344.422416
10898,344.41993
10899,344.414383
10900,344.405936
10901,344.394797
10902,344.381219
10903,344.365442
10904,344.347655
10905,344.327998
10906,344.306571
10907,344.283444
10908,344.258666
10909,344.232272
10910,344.204294
10911,344.174762
10912,344.143716
10913,344.111213
10914,344.077334
10915,344.042201
10916,344.005987
10917,343.968941
10918,343.931416
10919,343.893742
10920,343.856163
10921,343.818853
10922,343.78193
10923,343.745475
10924,343.709536
10925,343.674141
10926,343.639301
10927,343.605014
10928,343.571274
10929,343.538065
10930,343.50537
10931,343.47317
10932,343.441442
10933,343.410165
10934,343.379317
10935,343.348878
10936,343.318826
10937,343.289141
10938,343.259805
10939,343.230799
10940,343.202106
10941,343.173711
10942,343.145599
10943,343.117756
10944,344.020161
10945,344.056252
10946,344.09253
10947,344.1288
10948,344.164739
10949,344.199865
10950,344.233517
10951,344.265106
10952,344.294202
10953,344.320495
10954,344.343762
10955,344.363847
10956,344.380643
10957,344.394085
10958,344.404139
10959,344.4108
10960,344.414089
10961,344.414058
10962,344.410793
10963,344.404418
10964,344.39511
10965,344.383099
10966,344.368664
10967,344.352066
10968,344.333518
10969,344.313174
10970,344.291146
10971,344.26751
10972,344.242319
10973,344.215611
10974,344.187413
10975,344.157757
10976,344.126678
10977,344.094229
10978,344.060488
10979,344.025567
10980,343.989632
10981,343.95292
10982,343.915772
10983,343.878507
10984,343.841356
10985,343.804485
10986,343.768008
10987,343.732
10988,343.696506
10989,343.661553
10990,343.627151
10991,343.593298
10992,343.559985
10993,343.527198
10994,343.494919
10995,343.463129
10996,343.431805
10997,343.400926
10998,343.370469
10999,343.340413
11000,343.310738
11001,343.281422
11002,343.252447
11003,343.223795
11004,343.195448
11005,343.167391
11006,343.139609
11007,343.112089
11008,344.014179
11009,344.04996
11010,344.085952
11011,344.121955
11012,344.157641
11013,344.192519
11014,344.225919
11015,344.257243
11016,344.286052
11017,344.31203
11018,344.334946
11019,344.35464
11020,344.371
11021,344.383959
11022,344.393479
11023,344.399555
11024,344.402208
11025,344.401493
11026,344.397499
11027,344.390362
11028,344.380272
11029,344.367479
11030,344.352284
11031,344.334973
11032,344.315775
11033,344.294862
11034,344.272353
11035,344.248331
11036,344.222853
11037,344.195955
11038,344.167668
11039,344.13802
11040,344.107046
11041,344.074794
11042,344.041337
11043,344.00678
11044,343.971279
11045,343.935057
11046,343.89844
11047,343.861729
11048,343.825144
11049,343.78884
11050,343.752926
11051,343.717471
11052,343.682519
11053,343.648096
11054,343.61421
11055,343.580861
11056,343.548039
11057,343.515733
11058,343.483922
11059,343.452589
11060,343.421712
11061,343.391268
11062,343.361237
11063,343.331597
11064,343.302326
11065,343.273405
11066,343.244814
11067,343.216536
11068,343.188553
11069,343.160851
11070,343.133414
11071,343.106228
11072,344.005749
11073,344.041072
11074,344.076614
11075,344.112177
11076,344.147428
11077,344.181876
11078,344.214847
11079,344.245738
11080,344.274107
11081,344.299633
11082,344.322084
11083,344.341294
11084,344.357151
11085,344.369581
11086,344.378546
11087,344.384038
11088,344.386078
11089,344.38472
11090,344.380057
11091,344.372231
11092,344.361443
11093,344.347961
11094,344.332109
11095,344.314196
11096,344.294469
11097,344.27311
11098,344.250248
11099,344.22597
11100,344.200333
11101,344.173378
11102,344.145134
11103,344.115628
11104,344.084895
11105,344.05298
11106,344.019951
11107,343.985908
11108,343.950994
11109,343.915416
11110,343.87948
11111,343.843467
11112,343.807582
11113,343.771968
11114,343.736728
11115,343.701927
11116,343.667609
11117,343.633798
11118,343.600504
11119,343.567726
11120,343.535458
11121,343.503687
11122,343.472395
11123,343.441565
11124,343.411176
11125,343.381206
11126,343.351634
11127,343.32244
11128,343.293602
11129,343.265101
11130,343.236917
11131,343.209033
11132,343.181433
11133,343.154101
11134,343.127022
11135,343.100184
11136,343.994856
11137,344.029568
11138,344.064498
11139,344.099448
11140,344.134086
11141,344.167924
11142,344.20029
11143,344.230582
11144,344.25836
11145,344.283304
11146,344.305179
11147,344.323819
11148,344.339108
11149,344.350971
11150,344.359368
11151,344.364286
11152,344.365745
11153,344.363797
11154,344.358535
11155,344.350103
11156,344.338709
11157,344.324636
11158,344.308235
11159,344.289839
11160,344.26971
11161,344.24804
11162,344.224959
11163,344.200559
11164,344.174899
11165,344.148018
11166,344.119948
11167,344.090717
11168,344.060356
11169,344.028913
11170,343.996451
11171,343.963064
11172,343.928884
11173,343.8941
11174,343.858991
11175,343.823812
11176,343.788751
11177,343.75394
11178,343.719476
11179,343.685423
11180,343.651823
11181,343.6187
11182,343.586067
11183,343.553925
11184,343.522268
11185,343.491084
11186,343.46036
11187,343.430076
11188,343.400215
11189,343.370755
11190,343.341676
11191,343.312958
11192,343.28458
11193,343.256523
11194,343.228769
11195,343.2013
11196,343.174099
11197,343.147153
11198,343.120446
11199,343.093967
11200,343.981518
11201,344.015472
11202,344.049628
11203,344.083793
11204,344.117641
11205,344.150691
11206,344.182278
11207,344.211809
11208,344.238851
11209,344.263085
11210,344.28428
11211,344.302269
11212,344.316935
11213,344.328201
11214,344.336024
11215,344.340388
11216,344.341309
11217,344.338836
11218,344.333059
11219,344.324118
11220,344.312223
11221,344.297669
11222,344.280839
11223,344.262092
11224,344.241701
11225,344.21986
11226,344.196704
11227,344.172321
11228,344.146772
11229,344.120099
11230,344.092332
11231,344.0635
11232,344.033638
11233,344.00279
11234,343.971021
11235,343.938419
11236,343.905107
11237,343.871255
11238,343.837105
11239,343.802883
11240,343.768755
11241,343.734847
11242,343.701249
11243,343.668026
11244,343.635218
11245,343.602853
11246,343.570944
11247,343.539495
11248,343.508502
11249,343.477955
11250,343.447842
11251,343.418147
11252,343.388851
11253,343.359936
11254,343.331381
11255,343.303169
11256,343.275277
11257,343.247689
11258,343.220386
11259,343.193351
11260,343.166567
11261,343.140021
11262,343.113699
11263,343.08759
11264,343.965795
11265,343.998843
11266,344.032068
11267,344.065279
11268,344.098162
11269,344.130247
11270,344.160886
11271,344.189499
11272,344.215662
11273,344.239066
11274,344.259483
11275,344.276747
11276,344.290743
11277,344.301391
11278,344.308644
11279,344.312484
11280,344.312922
11281,344.310003
11282,344.30381
11283,344.294478
11284,344.282212
11285,344.267307
11286,344.250189
11287,344.231245
11288,344.210748
11289,344.188892
11290,344.165808
11291,344.141585
11292,344.116284
11293,344.089946
11294,344.062605
11295,344.034291
11296,344.00504
11297,343.974898
11298,343.943929
11299,343.91222
11300,343.879885
11301,343.84708
11302,343.813999
11303,343.780829
11304,343.747722
11305,343.714797
11306,343.682139
11307,343.649814
11308,343.617863
11309,343.586315
11310,343.555185
11311,343.52448
11312,343.494199
11313,343.464333
11314,343.434873
11315,343.405804
11316,343.377109
11317,343.348772
11318,343.320772
11319,343.293093
11320,343.265714
11321,343.238618
11322,343.211787
11323,343.185204
11324,343.158854
11325,343.132723
11326,343.106798
11327,343.081068
11328,343.947782
11329,343.979785
11330,344.011923
11331,344.044016
11332,344.075762
11333,344.10671
11334,344.136235
11335,344.163776
11336,344.188927
11337,344.211388
11338,344.230937
11339,344.247413
11340,344.2607
11341,344.270715
11342,344.277411
11343,344.280766
11344,344.280787
11345,344.277513
11346,344.271023
11347,344.261445
11348,344.248975
11349,344.233911
11350,344.216699
11351,344.197741
11352,344.177313
11353,344.155605
11354,344.132747
11355,344.108827
11356,344.083906
11357,344.058027
11358,344.031225
11359,344.003535
11360,343.974994
11361,343.945651
11362,343.915568
11363,343.884828
11364,343.853539
11365,343.821837
11366,343.789878
11367,343.757818
11368,343.725792
11369,343.693906
11370,343.662246
11371,343.630872
11372,343.59983
11373,343.569148
11374,343.538845
11375,343.508929
11376,343.479401
11377,343.450256
11378,343.421486
11379,343.393079
11380,343.365018
11381,343.337289
11382,343.309874
11383,343.282754
11384,343.255912
11385,343.22933
11386,343.202991
11387,343.176879
11388,343.150978
11389,343.125276
11390,343.09976
11391,343.074419
11392,343.927615
11393,343.958438
11394,343.989344
11395,344.02016
11396,344.050603
11397,344.080247
11398,344.108496
11399,344.134821
11400,344.158834
11401,344.18025
11402,344.198854
11403,344.214488
11404,344.227036
11405,344.236415
11406,344.242574
11407,344.24549
11408,344.245167
11409,344.241641
11410,344.234983
11411,344.225318
11412,344.212833
11413,344.197821
11414,344.18073
11415,344.161961
11416,344.141788
11417,344.120398
11418,344.09792
11419,344.074442
11420,344.050027
11421,344.024722
11422,343.998564
11423,343.971592
11424,343.943845
11425,343.915374
11426,343.88624
11427,343.856522
11428,343.826319
11429,343.795747
11430,343.764936
11431,343.734016
11432,343.703104
11433,343.672296
11434,343.641671
11435,343.61129
11436,343.581195
11437,343.551419
11438,343.521981
11439,343.492891
11440,343.464153
11441,343.435765
11442,343.407718
11443,343.380004
11444,343.352608
11445,343.325516
11446,343.298711
11447,343.272177
11448,343.245895
11449,343.219849
11450,343.194022
11451,343.168398
11452,343.142962
11453,343.117702
11454,343.092604
11455,343.067661
11456,343.905462
11457,343.934984
11458,343.964523
11459,343.993916
11460,344.022899
11461,344.05108
11462,344.077904
11463,344.102879
11464,344.125645
11465,344.145928
11466,344.163523
11467,344.178273
11468,344.190062
11469,344.198809
11470,344.204459
11471,344.206988
11472,344.206397
11473,344.202721
11474,344.196029
11475,344.186439
11476,344.174133
11477,344.159387
11478,344.142634
11479,344.124259
11480,344.104526
11481,344.08362
11482,344.061669
11483,344.038765
11484,344.014972
11485,343.990343
11486,343.964921
11487,343.938746
11488,343.911862
11489,343.88432
11490,343.856181
11491,343.827519
11492,343.798423
11493,343.768993
11494,343.739339
11495,343.709571
11496,343.679789
11497,343.650079
11498,343.620515
11499,343.591152
11500,343.562036
11501,343.533195
11502,343.504653
11503,343.47642
11504,343.448503
11505,343.4209
11506,343.393607
11507,343.366615
11508,343.339911
11509,343.313483
11510,343.287314
11511,343.261389
11512,343.23569
11513,343.210201
11514,343.184905
11515,343.159786
11516,343.134829
11517,343.110023
11518,343.085354
11519,343.060816
11520,343.881524
11521,343.909637
11522,343.937693
11523,343.965537
11524,343.992924
11525,344.019498
11526,344.044765
11527,344.06828
11528,344.089708
11529,344.108792
11530,344.12533
11531,344.139169
11532,344.150193
11533,344.158318
11534,344.163491
11535,344.165684
11536,344.164901
11537,344.161173
11538,344.154571
11539,344.145208
11540,344.133261
11541,344.118985
11542,344.102775
11543,344.084983
11544,344.06586
11545,344.045588
11546,344.024297
11547,344.002081
11548,343.979013
11549,343.95515
11550,343.93054
11551,343.905228
11552,343.879261
11553,343.852691
11554,343.825579
11555,343.797992
11556,343.770012
11557,343.741726
11558,343.713228
11559,343.684611
11560,343.655963
11561,343.627361
11562,343.59887
11563,343.570544
11564,343.542424
11565,343.514542
11566,343.486918
11567,343.459568
11568,343.432496
11569,343.405705
11570,343.379191
11571,343.352946
11572,343.326961
11573,343.301221
11574,343.275712
11575,343.250419
11576,343.225325
11577,343.200413
11578,343.175666
11579,343.151068
11580,343.126606
11581,343.102265
11582,343.078035
11583,343.053907
11584,343.856027
11585,343.882643
11586,343.909125
11587,343.935326
11588,343.961015
11589,343.985872
11590,344.009484
11591,344.031462
11592,344.051497
11593,344.069341
11594,344.084798
11595,344.097715
11596,344.107977
11597,344.1155
11598,344.120228
11599,344.122136
11600,344.121226
11601,344.117531
11602,344.111122
11603,344.102113
11604,344.090672
11605,344.07704
11606,344.061542
11607,344.044487
11608,344.026113
11609,344.006597
11610,343.986073
11611,343.964643
11612,343.942383
11613,343.919359
11614,343.895623
11615,343.871225
11616,343.846216
11617,343.820649
11618,343.794582
11619,343.768081
11620,343.741217
11621,343.71407
11622,343.68672
11623,343.659248
11624,343.63173
11625,343.604235
11626,343.576822
11627,343.54954
11628,343.522429
11629,343.49552
11630,343.468833
11631,343.442384
11632,343.416179
11633,343.390222
11634,343.364509
11635,343.339035
11636,343.31379
11637,343.288761
11638,343.263936
11639,343.239297
11640,343.214829
11641,343.190513
11642,343.166334
11643,343.142275
11644,343.11832
11645,343.094456
11646,343.070673
11647,343.046961
11648,343.829205
11649,343.854259
11650,343.87911
11651,343.903617
11652,343.927569
11653,343.950681
11654,343.972614
11655,343.993035
11656,344.011662
11657,344.028258
11658,344.042632
11659,344.054635
11660,344.064151
11661,344.071095
11662,344.075414
11663,344.07708
11664,344.076098
11665,344.072501
11666,344.066361
11667,344.057788
11668,344.046944
11669,344.034043
11670,344.019351
11671,344.003129
11672,343.985595
11673,343.966922
11674,343.947246
11675,343.926672
11676,343.905285
11677,343.883153
11678,343.860338
11679,343.836892
11680,343.812869
11681,343.788323
11682,343.763312
11683,343.737898
11684,343.712147
11685,343.686128
11686,343.659914
11687,343.633574
11688,343.607177
11689,343.580783
11690,343.554446
11691,343.528211
11692,343.502115
11693,343.476188
11694,343.45045
11695,343.424916
11696,343.399595
11697,343.37449
11698,343.349598
11699,343.324915
11700,343.300432
11701,343.276137
11702,343.252016
11703,343.228053
11704,343.204231
11705,343.180533
11706,343.156941
11707,343.133436
11708,343.110004
11709,343.086628
11710,343.063299
11711,343.040008
11712,343.801289
11713,343.824736
11714,343.847929
11715,343.870738
11716,343.892968
11717,343.914371
11718,343.934663
11719,343.953559
11720,343.970802
11721,343.986173
11722,343.999488
11723,344.010601
11724,344.019397
11725,344.025794
11726,344.029736
11727,344.031199
11728,344.030185
11729,344.02673
11730,344.020903
11731,344.012808
11732,344.002594
11733,343.990449
11734,343.976592
11735,343.961242
11736,343.944595
11737,343.926815
11738,343.908035
11739,343.888365
11740,343.867892
11741,343.846692
11742,343.824827
11743,343.802357
11744,343.779337
11745,343.755822
11746,343.73187
11747,343.707538
11748,343.682888
11749,343.657984
11750,343.63289
11751,343.607669
11752,343.58238
11753,343.557077
11754,343.531809
11755,343.506619
11756,343.48154
11757,343.456599
11758,343.431818
11759,343.407211
11760,343.382787
11761,343.358548
11762,343.334495
11763,343.310622
11764,343.28692
11765,343.263379
11766,343.239983
11767,343.216718
11768,343.193564
11769,343.170504
11770,343.147518
11771,343.124586
11772,343.101691
11773,343.078816
11774,343.055948
11775,343.033081
11776,343.772487
11777,343.794301
11778,343.815838
11779,343.836973
11780,343.857531
11781,343.877294
11782,343.896017
11783,343.913452
11784,343.929369
11785,343.943563
11786,343.955862
11787,343.966124
11788,343.974237
11789,343.98012
11790,343.983719
11791,343.985009
11792,343.983994
11793,343.980705
11794,343.975209
11795,343.967603
11796,343.958019
11797,343.94662
11798,343.933589
11799,343.919113
11800,343.903364
11801,343.886496
11802,343.868636
11803,343.849893
11804,343.830358
11805,343.810108
11806,343.789211
11807,343.767728
11808,343.745717
11809,343.723234
11810,343.700335
11811,343.677076
11812,343.653515
11813,343.62971
11814,343.605719
11815,343.581598
11816,343.557401
11817,343.533177
11818,343.50897
11819,343.484818
11820,343.460753
11821,343.436801
11822,343.412982
11823,343.389309
11824,343.365792
11825,343.342434
11826,343.319233
11827,343.296187
11828,343.273286
11829,343.250518
11830,343.227869
11831,343.205323
11832,343.18286
11833,343.160459
11834,343.1381
11835,343.11576
11836,343.093418
11837,343.071057
11838,343.04866
11839,343.026218
11840,343.742972
11841,343.763144
11842,343.783044
11843,343.802553
11844,343.82151
11845,343.839719
11846,343.856964
11847,343.873025
11848,343.887693
11849,343.900778
11850,343.912119
11851,343.921581
11852,343.929055
11853,343.934462
11854,343.93775
11855,343.938893
11856,343.937894
11857,343.934783
11858,343.92962
11859,343.922492
11860,343.913518
11861,343.902836
11862,343.890602
11863,343.876977
11864,343.862114
11865,343.846152
11866,343.829212
11867,343.8114
11868,343.792808
11869,343.773514
11870,343.753588
11871,343.733094
11872,343.71209
11873,343.690632
11874,343.668776
11875,343.646576
11876,343.624087
11877,343.601362
11878,343.578455
11879,343.555416
11880,343.532294
11881,343.509134
11882,343.485976
11883,343.462855
11884,343.4398
11885,343.416836
11886,343.39398
11887,343.371248
11888,343.348646
11889,343.326179
11890,343.303846
11891,343.281642
11892,343.259558
11893,343.237584
11894,343.215703
11895,343.193898
11896,343.172148
11897,343.150431
11898,343.128722
11899,343.106996
11900,343.085228
11901,343.063395
11902,343.041477
11903,343.019463
11904,343.712874
11905,343.731406
11906,343.749703
11907,343.767649
11908,343.785091
11909,343.801847
11910,343.817718
11911,343.832503
11912,343.846012
11913,343.85807
11914,343.868523
11915,343.877243
11916,343.884128
11917,343.889099
11918,343.892105
11919,343.893123
11920,343.892152
11921,343.889219
11922,343.884379
11923,343.877708
11924,343.869311
11925,343.859307
11926,343.847831
11927,343.835021
11928,343.821014
11929,343.805935
11930,343.789899
11931,343.773007
11932,343.755349
11933,343.737004
11934,343.718041
11935,343.698527
11936,343.678519
11937,343.658075
11938,343.637247
11939,343.616089
11940,343.594653
11941,343.572988
11942,343.551144
11943,343.529168
11944,343.507104
11945,343.484993
11946,343.462871
11947,343.44077
11948,343.418719
11949,343.396739
11950,343.374849
11951,343.35306
11952,343.33138
11953,343.309814
11954,343.28836
11955,343.267013
11956,343.245765
11957,343.224604
11958,343.203513
11959,343.182473
11960,343.161462
11961,343.140454
11962,343.119423
11963,343.098336
11964,343.077165
11965,343.055879
11966,343.034452
11967,343.012869
11968,343.682271
11969,343.699177
11970,343.71592
11971,343.732382
11972,343.748407
11973,343.763818
11974,343.778427
11975,343.792046
11976,343.804497
11977,343.815615
11978,343.825257
11979,343.833301
11980,343.839648
11981,343.844224
11982,343.84698
11983,343.84789
11984,343.846954
11985,343.844194
11986,343.839659
11987,343.833417
11988,343.825558
11989,343.816187
11990,343.805422
11991,343.793384
11992,343.780193
11993,343.765964
11994,343.750804
11995,343.734809
11996,343.718065
11997,343.700651
11998,343.682637
11999,343.664086
12000,343.645059
12001,343.62561
12002,343.605792
12003,343.585656
12004,343.565252
12005,343.544626
12006,343.523825
12007,343.502891
12008,343.481866
12009,343.460787
12010,343.439688
12011,343.418598
12012,343.397543
12013,343.376544
12014,343.355617
12015,343.334774
12016,343.314023
12017,343.293366
12018,343.272803
12019,343.252328
12020,343.231932
12021,343.211603
12022,343.191324
12023,343.171075
12024,343.15083
12025,343.130562
12026,343.110238
12027,343.089823
12028,343.069278
12029,343.048565
12030,343.027647
12031,343.006497
12032,343.651184
12033,343.666489
12034,343.681747
12035,343.696821
12036,343.711541
12037,343.725727
12038,343.739194
12039,343.751761
12040,343.763258
12041,343.773531
12042,343.782443
12043,343.789878
12044,343.795743
12045,343.799967
12046,343.802501
12047,343.80332
12048,343.802422
12049,343.799826
12050,343.795576
12051,343.78973
12052,343.782369
12053,343.773586
12054,343.763482
12055,343.752166
12056,343.739746
12057,343.726327
12058,343.712006
12059,343.696877
12060,343.68102
12061,343.664513
12062,343.647424
12063,343.629816
12064,343.611748
12065,343.593273
12066,343.574444
12067,343.555308
12068,343.535914
12069,343.516305
12070,343.496525
12071,343.476614
12072,343.456609
12073,343.436546
12074,343.416456
12075,343.396365
12076,343.376299
12077,343.356275
12078,343.336311
12079,343.316415
12080,343.296596
12081,343.276857
12082,343.257195
12083,343.237606
12084,343.21808
12085,343.198604
12086,343.179161
12087,343.159728
12088,343.14028
12089,343.120785
12090,343.101206
12091,343.081501
12092,343.061623
12093,343.041518
12094,343.021134
12095,343.000427
12096,343.619565
12097,343.633316
12098,343.647184
12099,343.66099
12100,343.674537
12101,343.68763
12102,343.700082
12103,343.711716
12104,343.722369
12105,343.731893
12106,343.740158
12107,343.747054
12108,343.752493
12109,343.756405
12110,343.758746
12111,343.759489
12112,343.758631
12113,343.756189
12114,343.752201
12115,343.746719
12116,343.739815
12117,343.731571
12118,343.722079
12119,343.711436
12120,343.699738
12121,343.687084
12122,343.673563
12123,343.659262
12124,343.64426
12125,343.628631
12126,343.61244
12127,343.595749
12128,343.578615
12129,343.561091
12130,343.543227
12131,343.525068
12132,343.506661
12133,343.488047
12134,343.469267
12135,343.450358
12136,343.431355
12137,343.412292
12138,343.393196
12139,343.374094
12140,343.355007
12141,343.335955
12142,343.31695
12143,343.298003
12144,343.279121
12145,343.260305
12146,343.241556
12147,343.222866
12148,343.204227
12149,343.185625
12150,343.167042
12151,343.148455
12152,343.129836
12153,343.111152
12154,343.092361
12155,343.073415
12156,343.054254
12157,343.034811
12158,343.015006
12159,342.994762
12160,343.587269
12161,343.599562
12162,343.612188
12163,343.624883
12164,343.637409
12165,343.649554
12166,343.661125
12167,343.671949
12168,343.681868
12169,343.690739
12170,343.698441
12171,343.704868
12172,343.709935
12173,343.713579
12174,343.715753
12175,343.716435
12176,343.715618
12177,343.713319
12178,343.70957
12179,343.704421
12180,343.697933
12181,343.690183
12182,343.681253
12183,343.671231
12184,343.660208
12185,343.648271
12186,343.635507
12187,343.621996
12188,343.607814
12189,343.593029
12190,343.577707
12191,343.561905
12192,343.54568
12193,343.529081
12194,343.512157
12195,343.494952
12196,343.477508
12197,343.459867
12198,343.442065
12199,343.424139
12200,343.40612
12201,343.38804
12202,343.369926
12203,343.351801
12204,343.333686
12205,343.315598
12206,343.29755
12207,343.279552
12208,343.26161
12209,343.243726
12210,343.225899
12211,343.208122
12212,343.190387
12213,343.172679
12214,343.154981
12215,343.137269
12216,343.119516
12217,343.101684
12218,343.083732
12219,343.065603
12220,343.047231
12221,343.028527
12222,343.009379
12223,342.989649
12224,343.554007
12225,343.565065
12226,343.576683
12227,343.588472
12228,343.600155
12229,343.611507
12230,343.622337
12231,343.632475
12232,343.641769
12233,343.650085
12234,343.657305
12235,343.663331
12236,343.668082
12237,343.671496
12238,343.673531
12239,343.674165
12240,343.673391
12241,343.671223
12242,343.667692
12243,343.662842
12244,343.656732
12245,343.649431
12246,343.641015
12247,343.631567
12248,343.621169
12249,343.609905
12250,343.597854
12251,343.585093
12252,343.571693
12253,343.55772
12254,343.543235
12255,343.528294
12256,343.51295
12257,343.497251
12258,343.481242
12259,343.464966
12260,343.448464
12261,343.431773
12262,343.41493
12263,343.397966
12264,343.380914
12265,343.363802
12266,343.346656
12267,343.329497
12268,343.312345
12269,343.295216
12270,343.278123
12271,343.261075
12272,343.244077
12273,343.22713
12274,343.210235
12275,343.193384
12276,343.176569
12277,343.159776
12278,343.142989
12279,343.126183
12280,343.109331
12281,343.092398
12282,343.075338
12283,343.058096
12284,343.040599
12285,343.022746
12286,343.004394
12287,342.985318
12288,343.39148
12289,342.632022
12290,343.259672
12291,342.939549
12292,343.377039
12293,342.62243
12294,343.242396
12295,342.928967
12296,342.750861
12297,342.014983
12298,342.619561
12299,342.313911
