0,336.908367
1,336.907885
2,336.90796
3,336.908713
4,336.910056
5,336.911873
6,336.91406
7,336.916528
8,336.919205
9,336.922026
10,336.924936
11,336.927886
12,336.930834
13,336.933741
14,336.936571
15,336.939294
16,336.941881
17,336.944307
18,336.946549
19,336.94859
20,336.950412
21,336.952004
22,336.953354
23,336.954457
24,336.955309
25,336.955908
26,336.956256
27,336.956359
28,336.956222
29,336.955856
30,336.95527
31,336.954478
32,336.953493
33,336.952329
34,336.950999
35,336.949518
36,336.947899
37,336.946152
38,336.944287
39,336.94231
40,336.940225
41,336.938033
42,336.935728
43,336.933305
44,336.930751
45,336.928051
46,336.925188
47,336.92214
48,336.918886
49,336.915404
50,336.911672
51,336.90767
52,336.903384
53,336.8988
54,336.893913
55,336.888722
56,336.883235
57,336.877469
58,336.871452
59,336.865234
60,336.858895
61,336.8526
62,336.846733
63,336.842323
64,336.921429
65,336.921204
66,336.921528
67,336.922496
68,336.924031
69,336.926027
70,336.928386
71,336.931023
72,336.933866
73,336.93685
74,336.939921
75,336.943029
76,336.94613
77,336.949185
78,336.952158
79,336.955015
80,336.957728
81,336.960271
82,336.962621
83,336.964758
84,336.966665
85,336.96833
86,336.969741
87,336.970892
88,336.971778
89,336.9724
90,336.972759
91,336.972861
92,336.972713
93,336.972324
94,336.971708
95,336.970876
96,336.969845
97,336.968628
98,336.967241
99,336.9657
100,336.964018
101,336.962207
102,336.960279
103,336.958239
104,336.956093
105,336.953841
106,336.951478
107,336.948997
108,336.946386
109,336.943628
110,336.940703
111,336.937588
112,336.934259
113,336.930692
114,336.926863
115,336.922749
116,336.918332
117,336.9136
118,336.908543
119,336.903161
120,336.89746
121,336.891455
122,336.885176
123,336.878667
124,336.872009
125,336.865365
126,336.859129
127,336.854384
128,336.937947
129,336.938126
130,336.938874
131,336.940219
132,336.942087
133,336.944388
134,336.947032
135,336.949942
136,336.953046
137,336.956285
138,336.959603
139,336.962951
140,336.966284
141,336.969562
142,336.972746
143,336.975804
144,336.978705
145,336.98142
146,336.983928
147,336.986205
148,336.988236
149,336.990005
150,336.991503
151,336.992721
152,336.993656
153,336.994308
154,336.994679
155,336.994776
156,336.994606
157,336.994182
158,336.993517
159,336.992626
160,336.991526
161,336.990234
162,336.988767
163,336.987143
164,336.985378
165,336.983486
166,336.981479
167,336.979366
168,336.977153
169,336.97484
170,336.972424
171,336.969895
172,336.96724
173,336.964439
174,336.961471
175,336.958307
176,336.95492
177,336.95128
178,336.947358
179,336.943128
180,336.938568
181,336.933661
182,336.928396
183,336.922769
184,336.916784
185,336.910455
186,336.903807
187,336.896883
188,336.88976
189,336.882602
190,336.875818
191,336.870594
192,336.955129
193,336.955787
194,336.957068
195,336.958906
196,336.961218
197,336.963921
198,336.966939
199,336.970201
200,336.973643
201,336.977206
202,336.980836
203,336.984484
204,336.988106
205,336.991659
206,336.995105
207,336.998409
208,337.001539
209,337.004466
210,337.007165
211,337.009613
212,337.011792
213,337.013686
214,337.015286
215,337.016582
216,337.017572
217,337.018255
218,337.018636
219,337.018721
220,337.018521
221,337.01805
222,337.017322
223,337.016356
224,337.015171
225,337.013788
226,337.012227
227,337.010508
228,337.008651
229,337.006672
230,337.004588
231,337.002408
232,337.000141
233,336.997787
234,336.995344
235,336.992801
236,336.990143
237,336.987346
238,336.984384
239,336.981223
240,336.977828
241,336.974164
242,336.970193
243,336.965884
244,336.961209
245,336.956145
246,336.950677
247,336.944797
248,336.938507
249,336.931816
250,336.924747
251,336.917338
252,336.909665
253,336.901891
254,336.894459
255,336.888678
256,336.972225
257,336.973401
258,336.975285
259,336.977697
260,336.980534
261,336.983721
262,336.987189
263,336.990875
264,336.994719
265,336.998667
266,337.002667
267,337.006671
268,337.010632
269,337.01451
270,337.018263
271,337.021855
272,337.025254
273,337.028427
274,337.031348
275,337.033993
276,337.036342
277,337.03838
278,337.040094
279,337.041477
280,337.042526
281,337.04324
282,337.043626
283,337.043692
284,337.04345
285,337.042917
286,337.042111
287,337.041054
288,337.039768
289,337.038277
290,337.036608
291,337.034783
292,337.032827
293,337.030761
294,337.028604
295,337.026369
296,337.024068
297,337.021703
298,337.019271
299,337.016762
300,337.014156
301,337.011427
302,337.008541
303,337.005455
304,337.002127
305,336.998509
306,336.994556
307,336.990226
308,336.985484
309,336.9803
310,336.974653
311,336.968532
312,336.961933
313,336.954862
314,336.947339
315,336.939397
316,336.93111
317,336.92265
318,336.914494
319,336.908101
320,336.989084
321,336.9908
322,336.993332
323,336.996376
324,336.999805
325,337.003542
326,337.007526
327,337.011699
328,337.016008
329,337.020401
330,337.024828
331,337.029241
332,337.033595
333,337.037845
334,337.041952
335,337.045876
336,337.049582
337,337.053038
338,337.056213
339,337.059083
340,337.061626
341,337.063824
342,337.065666
343,337.067144
344,337.068254
345,337.068997
346,337.069381
347,337.069417
348,337.06912
349,337.068508
350,337.067605
351,337.066436
352,337.065029
353,337.063414
354,337.061619
355,337.059676
356,337.057613
357,337.055457
358,337.053232
359,337.050958
360,337.048647
361,337.046305
362,337.043932
363,337.041516
364,337.039034
365,337.036453
366,337.03373
367,337.030814
368,337.027647
369,337.024169
370,337.02032
371,337.016047
372,337.011304
373,337.006052
374,337.000265
375,336.993925
376,336.987024
377,336.979565
378,336.971563
379,336.96305
380,336.954098
381,336.944889
382,336.935946
383,336.928888
384,337.00572
385,337.007991
386,337.011202
387,337.014924
388,337.018997
389,337.023342
390,337.0279
391,337.032621
392,337.037454
393,337.04235
394,337.047261
395,337.05214
396,337.056939
397,337.061616
398,337.066125
399,337.070428
400,337.074486
401,337.078263
402,337.081728
403,337.084852
404,337.087614
405,337.089993
406,337.091976
407,337.093556
408,337.094729
409,337.095498
410,337.095872
411,337.095864
412,337.095492
413,337.094781
414,337.093758
415,337.092453
416,337.0909
417,337.089135
418,337.087194
419,337.085115
420,337.082934
421,337.080684
422,337.078396
423,337.076096
424,337.073803
425,337.071527
426,337.069269
427,337.067017
428,337.064746
429,337.062415
430,337.05997
431,337.057343
432,337.054461
433,337.051242
434,337.047609
435,337.043493
436,337.038833
437,337.033582
438,337.027705
439,337.021179
440,337.013992
441,337.006144
442,336.997646
443,336.988528
444,336.978863
445,336.968845
446,336.95905
447,336.951275
448,337.022188
449,337.025025
450,337.028939
451,337.033374
452,337.038136
453,337.043139
454,337.048327
455,337.053653
456,337.059068
457,337.064527
458,337.069981
459,337.075384
460,337.080688
461,337.085846
462,337.090813
463,337.095546
464,337.100004
465,337.104147
466,337.10794
467,337.111354
468,337.114362
469,337.116943
470,337.119083
471,337.120772
472,337.12201
473,337.122799
474,337.12315
475,337.123081
476,337.122614
477,337.121777
478,337.120603
479,337.11913
480,337.1174
481,337.115454
482,337.11334
483,337.111102
484,337.108785
485,337.106433
486,337.104084
487,337.101774
488,337.099529
489,337.097366
490,337.095289
491,337.093289
492,337.091337
493,337.089385
494,337.087363
495,337.085184
496,337.082747
497,337.079944
498,337.076673
499,337.072841
500,337.068373
501,337.063209
502,337.057308
503,337.05064
504,337.043192
505,337.034959
506,337.025951
507,337.016196
508,337.00577
509,336.994882
510,336.984166
511,336.975614
512,337.038545
513,337.041956
514,337.046594
515,337.051774
516,337.057265
517,337.062973
518,337.068844
519,337.074829
520,337.080886
521,337.086968
522,337.093028
523,337.099018
524,337.104889
525,337.110592
526,337.116078
527,337.1213
528,337.126212
529,337.130771
530,337.134939
531,337.138681
532,337.141967
533,337.144775
534,337.147087
535,337.148896
536,337.150198
537,337.150999
538,337.151313
539,337.15116
540,337.150568
541,337.14957
542,337.148209
543,337.146529
544,337.144579
545,337.142415
546,337.140089
547,337.137661
548,337.135184
549,337.132715
550,337.130304
551,337.127997
552,337.125831
553,337.123834
554,337.122018
555,337.120377
556,337.11888
557,337.117473
558,337.116068
559,337.114549
560,337.112776
561,337.1106
562,337.10788
563,337.104497
564,337.100358
565,337.09539
566,337.089545
567,337.082792
568,337.075114
569,337.066506
570,337.056978
571,337.046555
572,337.035319
573,337.023494
574,337.01178
575,337.002381
576,337.054841
577,337.058836
578,337.064218
579,337.070171
580,337.076429
581,337.082888
582,337.089492
583,337.096194
584,337.102953
585,337.109723
586,337.116456
587,337.123102
588,337.12961
589,337.135927
590,337.142001
591,337.147778
592,337.153209
593,337.158244
594,337.162839
595,337.166954
596,337.170556
597,337.17362
598,337.176124
599,337.17806
600,337.179426
601,337.180229
602,337.180485
603,337.180219
604,337.179466
605,337.178266
606,337.176669
607,337.17473
608,337.17251
609,337.170074
610,337.16749
611,337.164828
612,337.162158
613,337.159549
614,337.157067
615,337.154773
616,337.152718
617,337.150946
618,337.149482
619,337.148328
620,337.147461
621,337.14682
622,337.146301
623,337.145749
624,337.144958
625,337.143704
626,337.141793
627,337.139075
628,337.135436
629,337.130798
630,337.125109
631,337.118338
632,337.11047
633,337.101503
634,337.091445
635,337.080325
636,337.068224
637,337.055388
638,337.042586
639,337.032258
640,337.071122
641,337.07571
642,337.081854
643,337.08861
644,337.095672
645,337.102927
646,337.110316
647,337.117794
648,337.12532
649,337.132846
650,337.140325
651,337.147705
652,337.154929
653,337.161942
654,337.168683
655,337.175094
656,337.181118
657,337.186697
658,337.191782
659,337.196325
660,337.200289
661,337.203641
662,337.20636
663,337.208434
664,337.209861
665,337.210651
666,337.210823
667,337.210409
668,337.209447
669,337.207991
670,337.206098
671,337.203835
672,337.201278
673,337.198505
674,337.1956
675,337.192648
676,337.189737
677,337.186954
678,337.184382
679,337.182103
680,337.180189
681,337.178705
682,337.177696
683,337.177188
684,337.177176
685,337.177614
686,337.178393
687,337.179309
688,337.180032
689,337.180159
690,337.179423
691,337.177652
692,337.174732
693,337.170586
694,337.16517
695,337.15846
696,337.15045
697,337.141143
698,337.130548
699,337.118697
700,337.105673
701,337.091742
702,337.077747
703,337.066393
704,337.087425
705,337.092617
706,337.099543
707,337.10713
708,337.115035
709,337.123132
710,337.131361
711,337.139678
712,337.148039
713,337.156399
714,337.164707
715,337.172907
716,337.180939
717,337.18874
718,337.196243
719,337.203381
720,337.210086
721,337.216294
722,337.221943
723,337.22698
724,337.231358
725,337.235039
726,337.237999
727,337.240223
728,337.241708
729,337.242467
730,337.242523
731,337.241913
732,337.240686
733,337.238904
734,337.236638
735,337.23397
736,337.230991
737,337.227796
738,337.224488
739,337.221171
740,337.217955
741,337.214946
742,337.212253
743,337.20998
744,337.208229
745,337.207094
746,337.206658
747,337.20699
748,337.208144
749,337.210146
750,337.212955
751,337.216345
752,337.219693
753,337.222026
754,337.223021
755,337.222583
756,337.220654
757,337.217196
758,337.212187
759,337.205629
760,337.197529
761,337.187902
762,337.176763
763,337.164143
764,337.15013
765,337.135006
766,337.119698
767,337.107202
768,337.103783
769,337.109588
770,337.117318
771,337.125767
772,337.134554
773,337.143543
774,337.152671
775,337.161894
776,337.171169
777,337.180448
778,337.189677
779,337.198798
780,337.207745
781,337.216444
782,337.224821
783,337.232797
784,337.240292
785,337.24723
786,337.253536
787,337.259146
788,337.264003
789,337.268064
790,337.271296
791,337.273682
792,337.275221
793,337.275925
794,337.275823
795,337.27496
796,337.273394
797,337.2712
798,337.268464
799,337.265286
800,337.261776
801,337.258051
802,337.254234
803,337.250456
804,337.246847
805,337.243541
806,337.240674
807,337.238383
808,337.236804
809,337.236075
810,337.236338
811,337.237755
812,337.240527
813,337.24494
814,337.251326
815,337.25971
816,337.268739
817,337.27501
818,337.278643
819,337.280065
820,337.279471
821,337.27693
822,337.272485
823,337.266176
824,337.258042
825,337.248113
826,337.236416
827,337.222983
828,337.2079
829,337.191466
830,337.174694
831,337.160911
832,337.12022
833,337.126653
834,337.135207
835,337.144551
836,337.154263
837,337.164197
838,337.174288
839,337.184493
840,337.194767
841,337.205062
842,337.215321
843,337.225481
844,337.235467
845,337.245197
846,337.254584
847,337.263534
848,337.271951
849,337.279742
850,337.286818
851,337.2931
852,337.298518
853,337.303018
854,337.306562
855,337.309128
856,337.310713
857,337.311333
858,337.311021
859,337.309831
860,337.307833
861,337.305118
862,337.30179
863,337.29797
864,337.293792
865,337.289397
866,337.284937
867,337.280569
868,337.276452
869,337.272751
870,337.269634
871,337.267275
872,337.265854
873,337.265571
874,337.266665
875,337.269471
876,337.274559
877,337.283003
878,337.296652
879,337.317432
880,337.342694
881,337.356766
882,337.364449
883,337.368432
884,337.369604
885,337.368266
886,337.364569
887,337.358622
888,337.350508
889,337.340288
890,337.327999
891,337.313676
892,337.297402
893,337.279487
894,337.261037
895,337.245764
896,337.136759
897,337.143831
898,337.153235
899,337.163508
900,337.174191
901,337.185128
902,337.196253
903,337.207522
904,337.218893
905,337.230315
906,337.24173
907,337.253067
908,337.264243
909,337.275165
910,337.285727
911,337.295817
912,337.30532
913,337.314121
914,337.322108
915,337.329184
916,337.335263
917,337.340279
918,337.344183
919,337.346949
920,337.348573
921,337.349071
922,337.348484
923,337.346875
924,337.34433
925,337.340956
926,337.336881
927,337.332251
928,337.327228
929,337.321987
930,337.316712
931,337.31159
932,337.306816
933,337.302588
934,337.29911
935,337.2966
936,337.295292
937,337.295466
938,337.297504
939,337.302058
940,337.310502
941,337.326044
942,337.355835
943,337.412007
944,337.49626
945,337.524541
946,337.537651
947,337.545001
948,337.548542
949,337.54883
950,337.546154
951,337.540719
952,337.532681
953,337.522142
954,337.509161
955,337.493772
956,337.476049
957,337.456306
958,337.435758
959,337.418604
960,337.153414
961,337.161139
962,337.171419
963,337.182659
964,337.194363
965,337.206366
966,337.218602
967,337.231029
968,337.243606
969,337.256285
970,337.269002
971,337.281681
972,337.294229
973,337.306537
974,337.31848
975,337.32992
976,337.340715
977,337.350719
978,337.359796
979,337.367821
980,337.374688
981,337.380314
982,337.384639
983,337.387631
984,337.389282
985,337.389613
986,337.38867
987,337.386528
988,337.383288
989,337.379081
990,337.374062
991,337.368409
992,337.36232
993,337.356008
994,337.349696
995,337.343611
996,337.337987
997,337.333059
998,337.329071
999,337.326287
1000,337.325002
1001,337.32559
1002,337.328624
1003,337.335241
1004,337.348274
1005,337.375662
1006,337.439931
1007,337.598366
1008,337.936894
1009,337.965104
1010,337.98144
1011,337.993219
1012,338.000364
1013,338.003187
1014,338.002106
1015,337.997483
1016,337.989587
1017,337.978592
1018,337.964591
1019,337.947618
1020,337.927724
1021,337.90521
1022,337.881408
1023,337.861217
1024,337.170195
1025,337.17859
1026,337.189772
1027,337.202019
1028,337.214797
1029,337.227934
1030,337.241366
1031,337.255056
1032,337.268966
1033,337.283048
1034,337.29724
1035,337.311459
1036,337.3256
1037,337.339536
1038,337.353115
1039,337.36617
1040,337.378517
1041,337.389975
1042,337.400367
1043,337.409537
1044,337.417351
1045,337.423706
1046,337.42853
1047,337.431779
1048,337.433446
1049,337.433552
1050,337.432152
1051,337.429333
1052,337.425216
1053,337.419957
1054,337.413743
1055,337.406794
1056,337.399354
1057,337.391683
1058,337.384055
1059,337.376743
1060,337.370023
1061,337.364173
1062,337.359479
1063,337.356249
1064,337.35484
1065,337.355721
1066,337.359668
1067,337.368361
1068,337.386443
1069,337.428792
1070,337.547678
1071,337.940956
1072,338.000215
1073,338.017163
1074,338.033562
1075,338.045736
1076,338.053183
1077,338.056213
1078,338.055261
1079,338.050702
1080,338.042816
1081,338.031784
1082,338.017699
1083,338.000597
1084,337.980525
1085,337.957782
1086,337.933699
1087,337.913205
1088,337.187108
1089,337.196186
1090,337.2083
1091,337.221595
1092,337.235504
1093,337.24985
1094,337.264572
1095,337.27964
1096,337.295024
1097,337.310681
1098,337.326551
1099,337.342546
1100,337.35855
1101,337.374416
1102,337.389958
1103,337.404966
1104,337.419206
1105,337.432438
1106,337.444437
1107,337.455002
1108,337.463966
1109,337.4712
1110,337.476617
1111,337.480166
1112,337.481834
1113,337.481646
1114,337.479664
1115,337.475989
1116,337.470764
1117,337.464173
1118,337.456446
1119,337.44785
1120,337.438689
1121,337.42929
1122,337.419986
1123,337.411111
1124,337.402989
1125,337.39594
1126,337.390291
1127,337.386391
1128,337.384649
1129,337.385615
1130,337.390212
1131,337.400451
1132,337.42178
1133,337.470889
1134,337.601611
1135,337.9888
1136,338.036433
1137,338.055551
1138,338.074141
1139,338.088015
1140,338.096677
1141,338.100524
1142,338.10007
1143,338.095752
1144,338.087887
1145,338.076681
1146,338.062237
1147,338.044591
1148,338.023777
1149,338.00008
1150,337.974848
1151,337.953218
1152,337.204148
1153,337.213927
1154,337.227001
1155,337.241389
1156,337.256489
1157,337.272121
1158,337.288234
1159,337.304808
1160,337.321825
1161,337.339253
1162,337.357038
1163,337.375095
1164,337.393297
1165,337.411474
1166,337.429404
1167,337.446817
1168,337.463402
1169,337.478837
1170,337.492824
1171,337.505106
1172,337.515476
1173,337.523779
1174,337.529909
1175,337.533808
1176,337.535461
1177,337.534894
1178,337.532177
1179,337.527425
1180,337.520801
1181,337.512523
1182,337.502866
1183,337.492161
1184,337.480791
1185,337.469173
1186,337.457731
1187,337.446865
1188,337.436957
1189,337.428368
1190,337.421459
1191,337.416612
1192,337.414274
1193,337.415051
1194,337.419954
1195,337.431159
1196,337.454402
1197,337.506741
1198,337.641661
1199,338.029971
1200,338.077558
1201,338.098806
1202,338.119633
1203,338.135321
1204,338.145315
1205,338.150065
1206,338.150158
1207,338.146088
1208,338.138214
1209,338.126768
1210,338.111865
1211,338.093539
1212,338.071815
1213,338.046971
1214,338.020396
1215,337.997508
1216,337.22131
1217,337.231804
1218,337.245869
1219,337.261393
1220,337.277745
1221,337.294746
1222,337.312356
1223,337.330574
1224,337.3494
1225,337.368821
1226,337.3888
1227,337.409261
1228,337.430079
1229,337.451068
1230,337.471965
1231,337.49242
1232,337.511999
1233,337.530235
1234,337.546724
1235,337.561145
1236,337.573249
1237,337.582857
1238,337.58985
1239,337.594163
1240,337.595781
1241,337.594734
1242,337.591095
1243,337.584991
1244,337.576602
1245,337.566177
1246,337.554036
1247,337.540584
1248,337.526313
1249,337.511796
1250,337.497587
1251,337.484178
1252,337.472005
1253,337.461461
1254,337.45293
1255,337.446809
1256,337.443567
1257,337.443836
1258,337.448675
1259,337.460332
1260,337.484647
1261,337.538781
1262,337.676204
1263,338.067777
1264,338.115686
1265,338.138511
1266,338.16107
1267,338.178216
1268,338.189299
1269,338.19479
1270,338.195315
1271,338.191412
1272,338.183472
1273,338.171747
1274,338.156363
1275,338.137352
1276,338.114735
1277,338.088789
1278,338.06096
1279,338.036936
1280,337.238579
1281,337.249804
1282,337.264887
1283,337.281591
1284,337.299255
1285,337.317707
1286,337.336925
1287,337.356933
1288,337.377759
1289,337.399422
1290,337.421916
1291,337.445198
1292,337.469171
1293,337.493661
1294,337.51839
1295,337.542909
1296,337.566546
1297,337.588503
1298,337.608228
1299,337.625352
1300,337.639611
1301,337.650819
1302,337.658856
1303,337.663662
1304,337.665224
1305,337.663574
1306,337.658788
1307,337.650992
1308,337.640374
1309,337.627193
1310,337.611791
1311,337.594625
1312,337.576344
1313,337.557856
1314,337.539961
1315,337.523257
1316,337.508211
1317,337.495214
1318,337.484639
1319,337.476875
1320,337.472384
1321,337.4718
1322,337.476194
1323,337.487836
1324,337.512602
1325,337.567692
1326,337.706663
1327,338.100808
1328,338.148948
1329,338.172799
1330,338.196521
1331,338.214665
1332,338.226498
1333,338.232483
1334,338.233269
1335,338.229417
1336,338.221339
1337,338.209302
1338,338.193439
1339,338.173782
1340,338.150349
1341,338.123423
1342,338.094508
1343,338.069524
1344,337.255935
1345,337.267904
1346,337.284032
1347,337.301956
1348,337.320991
1349,337.340974
1350,337.36191
1351,337.383856
1352,337.406882
1353,337.431059
1354,337.456439
1355,337.483053
1356,337.510903
1357,337.539941
1358,337.570003
1359,337.60059
1360,337.630479
1361,337.657811
1362,337.681902
1363,337.70251
1364,337.719469
1365,337.732646
1366,337.741951
1367,337.747345
1368,337.748825
1369,337.746427
1370,337.740219
1371,337.730313
1372,337.716868
1373,337.700099
1374,337.680255
1375,337.657672
1376,337.633138
1377,337.608624
1378,337.585482
1379,337.564372
1380,337.545651
1381,337.529598
1382,337.5165
1383,337.506688
1384,337.500581
1385,337.498786
1386,337.502354
1387,337.513547
1388,337.538236
1389,337.593628
1390,337.733326
1391,338.128879
1392,338.177143
1393,338.201557
1394,338.225925
1395,338.244621
1396,338.256851
1397,338.263066
1398,338.263922
1399,338.25999
1400,338.251696
1401,338.239315
1402,338.222983
1403,338.202734
1404,338.178583
1405,338.150823
1406,338.121006
1407,338.095244
1408,337.273352
1409,337.286077
1410,337.303272
1411,337.322452
1412,337.342909
1413,337.364498
1414,337.387256
1415,337.411284
1416,337.436714
1417,337.46369
1418,337.492374
1419,337.522961
1420,337.555727
1421,337.591102
1422,337.629614
1423,337.671217
1424,337.713317
1425,337.749548
1426,337.779894
1427,337.805103
1428,337.825484
1429,337.841098
1430,337.851949
1431,337.858046
1432,337.859414
1433,337.856088
1434,337.848118
1435,337.835568
1436,337.818513
1437,337.796975
1438,337.770737
1439,337.739158
1440,337.702377
1441,337.666847
1442,337.635288
1443,337.607912
1444,337.584394
1445,337.564548
1446,337.548392
1447,337.536103
1448,337.528005
1449,337.52464
1450,337.527011
1451,337.537346
1452,337.561486
1453,337.616612
1454,337.756308
1455,338.152151
1456,338.200445
1457,338.225032
1458,338.249595
1459,338.268435
1460,338.280728
1461,338.286912
1462,338.287644
1463,338.283499
1464,338.27491
1465,338.262152
1466,338.245365
1467,338.224582
1468,338.199818
1469,338.171374
1470,338.140842
1471,338.114477
1472,337.290801
1473,337.30429
1474,337.32257
1475,337.343034
1476,337.364957
1477,337.388214
1478,337.412883
1479,337.439125
1480,337.467148
1481,337.497213
1482,337.529662
1483,337.565027
1484,337.604291
1485,337.649394
1486,337.703731
1487,337.770788
1488,337.845459
1489,337.898757
1490,337.938504
1491,337.969907
1492,337.994708
1493,338.013406
1494,338.026182
1495,338.033139
1496,338.034347
1497,338.029846
1498,338.019643
1499,338.003713
1500,337.981958
1501,337.953965
1502,337.918096
1503,337.869286
1504,337.799926
1505,337.738949
1506,337.691562
1507,337.654465
1508,337.624485
1509,337.599936
1510,337.58014
1511,337.564941
1512,337.554485
1513,337.549205
1514,337.550028
1515,337.559122
1516,337.582279
1517,337.636627
1518,337.775668
1519,338.170793
1520,338.219036
1521,338.243455
1522,338.267808
1523,338.286419
1524,338.298457
1525,338.30436
1526,338.304779
1527,338.300291
1528,338.291325
1529,338.27816
1530,338.260933
1531,338.239676
1532,338.214405
1533,338.185428
1534,338.154362
1535,338.127564
1536,337.308249
1537,337.322507
1538,337.341883
1539,337.363649
1540,337.387067
1541,337.412038
1542,337.438687
1543,337.467245
1544,337.498024
1545,337.53144
1546,337.568127
1547,337.609254
1548,337.657405
1549,337.718702
1550,337.806727
1551,337.944082
1552,338.132981
1553,338.219095
1554,338.272034
1555,338.311773
1556,338.342578
1557,338.36546
1558,338.380821
1559,338.38891
1560,338.389874
1561,338.383753
1562,338.370485
1563,338.349907
1564,338.321698
1565,338.284934
1566,338.235448
1567,338.153495
1568,337.970248
1569,337.839164
1570,337.75811
1571,337.704778
1572,337.665865
1573,337.635529
1574,337.611497
1575,337.592978
1576,337.579827
1577,337.572315
1578,337.571263
1579,337.578761
1580,337.600532
1581,337.653627
1582,337.791405
1583,338.18488
1584,338.232994
1585,338.256931
1586,338.280699
1587,338.298726
1588,338.310208
1589,338.315586
1590,338.315508
1591,338.310547
1592,338.301127
1593,338.287525
1594,338.269875
1595,338.248206
1596,338.222535
1597,338.193173
1598,338.161754
1599,338.134688
1600,337.325663
1601,337.340691
1602,337.361166
1603,337.384241
1604,337.409167
1605,337.435874
1606,337.46454
1607,337.495478
1608,337.529119
1609,337.566083
1610,337.60741
1611,337.655301
1612,337.715368
1613,337.803317
1614,337.962919
1615,338.302165
1616,338.973924
1617,339.083166
1618,339.14683
1619,339.198183
1620,339.238527
1621,339.268184
1622,339.287705
1623,339.297576
1624,339.298084
1625,339.289275
1626,339.270956
1627,339.24273
1628,339.204132
1629,339.154897
1630,339.093716
1631,338.987406
1632,338.32364
1633,337.991602
1634,337.839144
1635,337.759091
1636,337.708137
1637,337.670909
1638,337.642118
1639,337.619939
1640,337.603811
1641,337.593794
1642,337.590576
1643,337.596149
1644,337.616152
1645,337.667536
1646,337.803459
1647,338.194365
1648,338.242276
1649,338.265421
1650,338.288231
1651,338.305326
1652,338.315955
1653,338.320569
1654,338.319813
1655,338.314252
1656,338.304304
1657,338.290236
1658,338.272181
1659,338.250163
1660,338.224201
1661,338.194605
1662,338.163013
1663,338.135845
1664,337.343012
1665,337.358805
1666,337.380374
1667,337.404752
1668,337.43118
1669,337.459617
1670,337.490302
1671,337.52363
1672,337.560162
1673,337.600743
1674,337.646884
1675,337.702049
1676,337.775951
1677,337.899485
1678,338.178304
1679,338.994681
1680,339.308873
1681,339.371714
1682,339.435018
1683,339.489153
1684,339.53181
1685,339.563075
1686,339.583568
1687,339.593847
1688,339.594237
1689,339.584785
1690,339.565262
1691,339.535203
1692,339.494072
1693,339.441837
1694,339.380751
1695,339.320017
1696,339.008476
1697,338.202173
1698,337.930883
1699,337.81513
1700,337.750129
1701,337.705396
1702,337.671552
1703,337.645503
1704,337.6262
1705,337.613462
1706,337.607826
1707,337.611171
1708,337.629036
1709,337.678248
1710,337.811703
1711,338.199081
1712,338.24671
1713,338.268735
1714,338.290201
1715,338.306004
1716,338.315477
1717,338.319087
1718,338.317475
1719,338.311191
1720,338.300642
1721,338.286085
1722,338.267644
1723,338.245343
1724,338.219198
1725,338.18952
1726,338.15794
1727,338.13084
1728,337.360269
1729,337.37682
1730,337.399467
1731,337.425128
1732,337.453031
1733,337.483165
1734,337.515825
1735,337.551492
1736,337.590852
1737,337.634956
1738,337.685722
1739,337.747571
1740,337.832866
1741,337.980368
1742,338.318561
1743,339.284394
1744,339.408095
1745,339.471099
1746,339.538371
1747,339.595968
1748,339.641147
1749,339.674106
1750,339.695603
1751,339.706286
1752,339.706523
1753,339.696362
1754,339.675534
1755,339.643487
1756,339.599551
1757,339.543583
1758,339.478273
1759,339.417132
1760,339.294197
1761,338.337656
1762,338.006634
1763,337.866587
1764,337.789863
1765,337.73811
1766,337.699289
1767,337.669328
1768,337.646753
1769,337.631147
1770,337.622887
1771,337.623723
1772,337.639079
1773,337.68563
1774,337.815952
1775,338.198749
1776,338.246008
1777,338.266544
1778,338.286239
1779,338.300367
1780,338.308373
1781,338.310739
1782,338.308095
1783,338.300972
1784,338.289755
1785,338.274687
1786,338.255884
1787,338.233365
1788,338.207148
1789,338.177542
1790,338.146161
1791,338.119308
1792,337.377417
1793,337.394714
1794,337.418417
1795,337.445326
1796,337.474656
1797,337.506425
1798,337.540977
1799,337.578871
1800,337.620905
1801,337.668298
1802,337.723258
1803,337.790755
1804,337.884266
1805,338.04453
1806,338.400722
1807,339.36773
1808,339.483708
1809,339.552213
1810,339.625164
1811,339.687303
1812,339.735793
1813,339.770986
1814,339.793794
1815,339.804973
1816,339.804946
1817,339.793764
1818,339.77111
1819,339.736327
1820,339.688595
1821,339.627625
1822,339.556219
1823,339.489258
1824,339.373836
1825,338.414544
1826,338.064829
1827,337.911535
1828,337.82616
1829,337.768327
1830,337.724853
1831,337.691093
1832,337.665252
1833,337.646701
1834,337.635655
1835,337.633722
1836,337.646179
1837,337.689514
1838,337.815945
1839,338.193029
1840,338.239816
1841,338.258431
1842,338.275877
1843,338.287922
1844,338.294143
1845,338.295033
1846,338.291194
1847,338.283124
1848,338.271182
1849,338.25559
1850,338.23645
1851,338.21378
1852,338.187599
1853,338.158219
1854,338.127228
1855,338.100805
1856,337.394452
1857,337.412479
1858,337.437207
1859,337.465319
1860,337.496011
1861,337.529325
1862,337.565649
1863,337.605607
1864,337.650086
1865,337.700438
1866,337.759062
1867,337.831229
1868,337.930882
1869,338.099343
1870,338.465871
1871,339.443706
1872,339.56058
1873,339.634357
1874,339.712931
1875,339.779722
1876,339.831674
1877,339.869216
1878,339.893385
1879,339.905035
1880,339.904639
1881,339.892253
1882,339.867513
1883,339.829677
1884,339.777806
1885,339.711546
1886,339.633944
1887,339.561284
1888,339.444863
1889,338.473472
1890,338.11267
1891,337.950605
1892,337.85857
1893,337.795549
1894,337.747863
1895,337.71053
1896,337.68152
1897,337.660018
1898,337.646073
1899,337.641117
1900,337.650218
1901,337.689611
1902,337.811202
1903,338.18171
1904,338.227929
1905,338.244119
1906,338.258804
1907,338.268366
1908,338.272514
1909,338.271731
1910,338.26657
1911,338.257478
1912,338.244776
1913,338.228657
1914,338.209212
1915,338.186453
1916,338.160408
1917,338.131393
1918,338.100974
1919,338.075164
1920,337.411385
1921,337.430123
1922,337.455842
1923,337.485101
1924,337.517077
1925,337.551826
1926,337.589772
1927,337.631589
1928,337.678235
1929,337.731154
1930,337.792872
1931,337.868831
1932,337.973204
1933,338.147617
1934,338.521818
1935,339.510837
1936,339.628686
1937,339.706522
1938,339.789584
1939,339.860191
1940,339.915026
1941,339.954523
1942,339.97979
1943,339.991744
1944,339.990897
1945,339.977311
1946,339.950594
1947,339.909945
1948,339.854369
1949,339.783521
1950,339.700741
1951,339.623516
1952,339.506011
1953,338.522134
1954,338.152842
1955,337.98418
1956,337.886834
1957,337.819435
1958,337.768034
1959,337.727437
1960,337.695436
1961,337.671048
1962,337.654138
1963,337.645891
1964,337.650994
1965,337.685133
1966,337.800061
1967,338.165097
1968,338.211037
1969,338.224323
1970,338.235846
1971,338.242672
1972,338.244607
1973,338.242081
1974,338.235569
1975,338.225454
1976,338.212007
1977,338.195393
1978,338.175684
1979,338.152892
1980,338.127053
1981,338.0985
1982,338.068781
1983,338.043732
1984,337.428248
1985,337.447678
1986,337.474349
1987,337.504696
1988,337.537868
1989,337.573928
1990,337.613325
1991,337.65677
1992,337.705268
1993,337.760329
1994,337.824556
1995,337.903492
1996,338.011436
1997,338.190213
1998,338.570055
1999,339.567696
2000,339.686259
2001,339.766961
2002,339.853253
2003,339.926642
2004,339.98358
2005,340.024473
2006,340.050458
2007,340.062491
2008,340.061113
2009,340.04639
2010,340.017915
2011,339.974862
2012,339.916216
2013,339.841682
2014,339.75487
2015,339.674191
2016,339.55585
2017,338.561915
2018,338.186077
2019,338.012335
2020,337.910769
2021,337.839756
2022,337.785175
2023,337.741689
2024,337.706946
2025,337.679807
2026,337.659921
2027,337.648086
2028,337.648114
2029,337.673722
2030,337.774311
2031,338.13745
2032,338.193276
2033,338.203789
2034,338.212429
2035,338.216875
2036,338.216946
2037,338.212982
2038,338.205373
2039,338.19444
2040,338.180408
2041,338.163413
2042,338.143516
2043,338.120728
2044,338.095094
2045,338.066964
2046,338.037892
2047,338.013579
2048,337.445095
2049,337.465201
2050,337.492787
2051,337.524161
2052,337.558437
2053,337.595678
2054,337.636347
2055,337.681173
2056,337.731194
2057,337.787955
2058,337.854108
2059,337.935247
2060,338.045744
2061,338.227546
2062,338.611227
2063,339.614687
2064,339.733721
2065,339.816264
2066,339.904628
2067,339.979786
2068,340.03802
2069,340.079704
2070,340.105985
2071,340.117847
2072,340.115845
2073,340.100054
2074,340.070066
2075,340.025043
2076,339.963976
2077,339.886624
2078,339.796813
2079,339.713619
2080,339.594669
2081,338.593306
2082,338.212628
2083,338.035079
2084,337.930266
2085,337.856377
2086,337.799179
2087,337.753227
2088,337.716057
2089,337.686383
2090,337.663612
2091,337.647969
2092,337.641474
2093,337.651108
2094,337.697633
2095,337.83395
2096,338.135561
2097,338.155815
2098,338.164168
2099,338.168069
2100,338.167701
2101,338.163399
2102,338.155536
2103,338.144415
2104,338.130251
2105,338.113174
2106,338.093241
2107,338.070461
2108,338.044884
2109,338.016864
2110,337.987956
2111,337.963846
2112,337.462009
2113,337.482775
2114,337.511245
2115,337.543589
2116,337.578883
2117,337.617178
2118,337.658938
2119,337.704899
2120,337.756109
2121,337.814131
2122,337.881635
2123,337.964242
2124,338.076354
2125,338.259981
2126,338.645886
2127,339.652606
2128,339.771898
2129,339.855392
2130,339.944785
2131,340.020757
2132,340.079497
2133,340.121358
2134,340.147498
2135,340.158916
2136,340.156183
2137,340.139384
2138,340.108113
2139,340.061537
2140,339.998656
2141,339.919275
2142,339.827366
2143,339.742449
2144,339.623087
2145,338.616661
2146,338.232655
2147,338.052438
2148,337.945279
2149,337.869239
2150,337.810004
2151,337.762052
2152,337.72283
2153,337.690931
2154,337.665548
2155,337.64641
2156,337.63412
2157,337.631136
2158,337.643681
2159,337.682561
2160,337.748509
2161,337.764522
2162,337.767095
2163,337.764719
2164,337.759124
2165,337.750755
2166,337.739811
2167,337.726422
2168,337.710675
2169,337.692619
2170,337.67227
2171,337.649633
2172,337.624781
2173,337.598099
2174,337.571093
2175,337.548984
2176,337.479098
2177,337.500518
2178,337.529848
2179,337.563118
2180,337.599354
2181,337.638588
2182,337.681269
2183,337.728127
2184,337.780203
2185,337.839055
2186,337.907354
2187,337.990721
2188,338.103562
2189,338.2879
2190,338.674537
2191,339.682166
2192,339.801523
2193,339.885154
2194,339.974602
2195,340.050472
2196,340.108939
2197,340.150358
2198,340.175901
2199,340.186584
2200,340.182993
2201,340.165225
2202,340.132882
2203,340.085139
2204,340.021006
2205,339.940316
2206,339.847122
2207,339.761182
2208,339.64158
2209,338.632229
2210,338.246278
2211,338.064452
2212,337.955813
2213,337.878338
2214,337.817659
2215,337.768205
2216,337.727357
2217,337.693617
2218,337.666028
2219,337.644002
2220,337.627364
2221,337.616543
2222,337.612785
2223,337.617452
2224,337.627675
2225,337.628798
2226,337.624845
2227,337.618061
2228,337.609117
2229,337.598178
2230,337.585286
2231,337.570462
2232,337.553718
2233,337.535055
2234,337.514464
2235,337.491948
2236,337.467591
2237,337.441788
2238,337.415989
2239,337.395086
2240,337.496506
2241,337.518581
2242,337.548763
2243,337.582932
2244,337.620057
2245,337.660134
2246,337.70359
2247,337.751126
2248,337.803763
2249,337.863033
2250,337.931588
2251,338.015027
2252,338.127736
2253,338.3117
2254,338.697621
2255,339.703875
2256,339.823108
2257,339.906084
2258,339.994624
2259,340.069478
2260,340.12688
2261,340.167217
2262,340.191684
2263,340.201314
2264,340.196712
2265,340.177989
2266,340.144761
2267,340.096213
2268,340.031363
2269,339.95005
2270,339.856338
2271,339.770038
2272,339.650362
2273,338.640128
2274,338.253561
2275,338.071158
2276,337.961893
2277,337.883703
2278,337.822192
2279,337.771758
2280,337.729742
2281,337.694594
2282,337.665262
2283,337.640994
2284,337.621262
2285,337.605749
2286,337.594283
2287,337.586475
2288,337.580716
2289,337.573577
2290,337.564888
2291,337.554827
2292,337.543403
2293,337.530549
2294,337.516197
2295,337.500293
2296,337.482799
2297,337.463685
2298,337.442926
2299,337.420522
2300,337.396564
2301,337.371448
2302,337.346572
2303,337.326577
2304,337.514405
2305,337.537149
2306,337.568196
2307,337.603266
2308,337.641255
2309,337.682118
2310,337.726235
2311,337.774268
2312,337.82719
2313,337.886491
2314,337.954779
2315,338.03761
2316,338.149319
2317,338.331802
2318,338.715513
2319,339.718017
2320,339.836931
2321,339.918419
2322,340.005045
2323,340.077924
2324,340.133426
2325,340.172001
2326,340.194873
2327,340.203098
2328,340.1973
2329,340.177609
2330,340.14366
2331,340.094653
2332,340.029612
2333,339.948362
2334,339.854913
2335,339.768928
2336,339.649347
2337,338.640324
2338,338.254506
2339,338.07258
2340,337.963563
2341,337.885395
2342,337.823678
2343,337.772802
2344,337.7301
2345,337.693995
2346,337.663396
2347,337.637477
2348,337.615575
2349,337.597135
2350,337.581643
2351,337.568483
2352,337.556735
2353,337.54521
2354,337.533357
2355,337.520878
2356,337.507548
2357,337.493192
2358,337.477677
2359,337.460906
2360,337.44281
2361,337.423337
2362,337.402452
2363,337.380153
2364,337.356534
2365,337.331986
2366,337.307859
2367,337.288592
2368,337.532998
2369,337.556444
2370,337.588399
2371,337.624408
2372,337.663287
2373,337.704925
2374,337.749643
2375,337.798036
2376,337.851013
2377,337.909993
2378,337.977511
2379,338.059051
2380,338.168858
2381,338.348673
2382,338.728536
2383,339.724655
2384,339.843032
2385,339.922108
2386,340.005709
2387,340.075563
2388,340.128261
2389,340.164334
2390,340.185043
2391,340.191466
2392,340.184247
2393,340.163543
2394,340.129014
2395,340.079884
2396,340.01519
2397,339.934726
2398,339.842379
2399,339.757453
2400,339.638154
2401,338.632635
2402,338.249049
2403,338.068734
2404,337.960885
2405,337.883503
2406,337.82222
2407,337.771452
2408,337.728549
2409,337.691944
2410,337.660542
2411,337.633497
2412,337.610112
2413,337.589777
2414,337.571923
2415,337.555965
2416,337.541263
2417,337.527159
2418,337.513163
2419,337.498911
2420,337.484125
2421,337.468592
2422,337.452153
2423,337.434687
2424,337.416108
2425,337.39635
2426,337.375372
2427,337.35317
2428,337.329838
2429,337.305761
2430,337.282246
2431,337.263565
2432,337.552519
2433,337.576721
2434,337.609667
2435,337.64671
2436,337.686565
2437,337.729039
2438,337.77437
2439,337.823061
2440,337.875924
2441,337.934279
2442,338.000553
2443,338.080109
2444,338.187045
2445,338.362857
2446,338.736979
2447,339.723659
2448,339.841242
2449,339.916823
2450,339.996134
2451,340.061797
2452,340.110699
2453,340.143465
2454,340.161388
2455,340.165562
2456,340.156656
2457,340.134854
2458,340.099858
2459,340.050933
2460,339.987139
2461,339.908245
2462,339.81795
2463,339.734949
2464,339.616149
2465,338.616733
2466,338.237064
2467,338.05963
2468,337.95395
2469,337.878152
2470,337.817956
2471,337.767846
2472,337.725224
2473,337.688563
2474,337.656795
2475,337.629094
2476,337.60477
2477,337.583224
2478,337.563904
2479,337.546284
2480,337.529847
2481,337.514104
2482,337.49864
2483,337.483111
2484,337.467242
2485,337.450816
2486,337.433666
2487,337.415662
2488,337.396709
2489,337.376734
2490,337.355692
2491,337.333579
2492,337.310488
2493,337.286795
2494,337.263772
2495,337.245557
2496,337.573222
2497,337.598268
2498,337.632341
2499,337.670586
2500,337.711596
2501,337.75507
2502,337.801128
2503,337.850152
2504,337.902823
2505,337.960321
2506,338.024917
2507,338.101783
2508,338.204763
2509,338.374968
2510,338.741047
2511,339.714782
2512,339.831264
2513,339.90207
2514,339.975661
2515,340.035867
2516,340.079927
2517,340.108546
2518,340.123027
2519,340.124473
2520,340.113571
2521,340.090548
2522,340.055159
2523,340.006736
2524,339.944399
2525,339.86791
2526,339.780742
2527,339.700706
2528,339.582658
2529,338.592102
2530,338.218324
2531,338.04528
2532,337.942892
2533,337.869524
2534,337.811072
2535,337.762155
2536,337.720273
2537,337.683976
2538,337.65225
2539,337.624311
2540,337.599505
2541,337.577263
2542,337.557072
2543,337.538453
2544,337.520958
2545,337.504174
2546,337.487734
2547,337.471328
2548,337.454697
2549,337.437632
2550,337.419967
2551,337.401572
2552,337.382348
2553,337.362221
2554,337.341145
2555,337.319114
2556,337.296221
2557,337.272834
2558,337.250196
2559,337.232341
2560,337.595377
2561,337.621392
2562,337.656808
2563,337.696533
2564,337.739013
2565,337.783799
2566,337.830851
2567,337.880384
2568,337.93291
2569,337.989424
2570,338.051971
2571,338.125414
2572,338.223122
2573,338.385504
2574,338.740334
2575,339.697874
2576,339.812993
2577,339.877622
2578,339.944065
2579,339.997639
2580,340.035923
2581,340.059654
2582,340.070112
2583,340.068391
2584,340.055198
2585,340.030808
2586,339.995049
2587,339.947352
2588,339.886943
2589,339.813638
2590,339.7307
2591,339.654799
2592,339.537652
2593,338.557517
2594,338.192217
2595,338.025626
2596,337.9279
2597,337.85787
2598,337.80181
2599,337.754587
2600,337.71387
2601,337.678319
2602,337.647005
2603,337.619203
2604,337.594309
2605,337.571797
2606,337.551194
2607,337.532062
2608,337.513994
2609,337.496619
2610,337.479603
2611,337.462661
2612,337.445552
2613,337.428077
2614,337.410078
2615,337.39143
2616,337.372034
2617,337.351818
2618,337.330736
2619,337.308783
2620,337.286049
2621,337.262898
2622,337.240548
2623,337.222959
2624,337.619251
2625,337.646422
2626,337.683509
2627,337.725166
2628,337.769656
2629,337.816319
2630,337.864866
2631,337.915291
2632,337.967895
2633,338.023445
2634,338.08367
2635,338.152902
2636,338.243491
2637,338.394027
2638,338.730684
2639,339.671409
2640,339.787637
2641,339.845237
2642,339.903877
2643,339.950424
2644,339.982691
2645,340.001365
2646,340.007665
2647,340.002669
2648,339.987104
2649,339.961294
2650,339.925152
2651,339.878225
2652,339.819889
2653,339.750094
2654,339.671989
2655,339.601012
2656,339.481597
2657,338.507627
2658,338.156626
2659,338.000336
2660,337.909206
2661,337.843527
2662,337.790476
2663,337.745396
2664,337.706212
2665,337.671741
2666,337.641162
2667,337.613827
2668,337.589194
2669,337.566785
2670,337.546168
2671,337.526937
2672,337.50871
2673,337.491133
2674,337.473891
2675,337.456717
2676,337.439386
2677,337.421714
2678,337.403551
2679,337.384778
2680,337.365304
2681,337.345059
2682,337.324
2683,337.302121
2684,337.279513
2685,337.256533
2686,337.234384
2687,337.216974
2688,337.645095
2689,337.673699
2690,337.71298
2691,337.757343
2692,337.804835
2693,337.854446
2694,337.905414
2695,337.95743
2696,338.010584
2697,338.065393
2698,338.123177
2699,338.187368
2700,338.267995
2701,338.397501
2702,338.688941
2703,339.563556
2704,339.74911
2705,339.800674
2706,339.852047
2707,339.892138
2708,339.918918
2709,339.93297
2710,339.935448
2711,339.927417
2712,339.90963
2713,339.882462
2714,339.8459
2715,339.7996
2716,339.743101
2717,339.676529
2718,339.602954
2719,339.535965
2720,339.340312
2721,338.415239
2722,338.105263
2723,337.968629
2724,337.887155
2725,337.826953
2726,337.777454
2727,337.734873
2728,337.697515
2729,337.6644
2730,337.634831
2731,337.608253
2732,337.584194
2733,337.562233
2734,337.541982
2735,337.523062
2736,337.505091
2737,337.487694
2738,337.470562
2739,337.453445
2740,337.436134
2741,337.418463
2742,337.400294
2743,337.38152
2744,337.362057
2745,337.341841
2746,337.320831
2747,337.299026
2748,337.276512
2749,337.253644
2750,337.231614
2751,337.214304
2752,337.673122
2753,337.703587
2754,337.74596
2755,337.794514
2756,337.847129
2757,337.902082
2758,337.957304
2759,338.012146
2760,338.066664
2761,338.121235
2762,338.176748
2763,338.23538
2764,338.302974
2765,338.396066
2766,338.560779
2767,338.909044
2768,339.573726
2769,339.654325
2770,339.70445
2771,339.741883
2772,339.766114
2773,339.777753
2774,339.778003
2775,339.768161
2776,339.749065
2777,339.721074
2778,339.684155
2779,339.637966
2780,339.582061
2781,339.516481
2782,339.442542
2783,339.341475
2784,338.596947
2785,338.212994
2786,338.031397
2787,337.93099
2788,337.862643
2789,337.808805
2790,337.763202
2791,337.723341
2792,337.688009
2793,337.656455
2794,337.62812
2795,337.602552
2796,337.57936
2797,337.558198
2798,337.538742
2799,337.520645
2800,337.503475
2801,337.486715
2802,337.470058
2803,337.45329
2804,337.436238
2805,337.418759
2806,337.400736
2807,337.382077
2808,337.362709
2809,337.342577
2810,337.321646
2811,337.299913
2812,337.277467
2813,337.254657
2814,337.23267
2815,337.215383
2816,337.703482
2817,337.736524
2818,337.783683
2819,337.839716
2820,337.902898
2821,337.969869
2822,338.033421
2823,338.093258
2824,338.150413
2825,338.205588
2826,338.259457
2827,338.313225
2828,338.369612
2829,338.435056
2830,338.523671
2831,338.658124
2832,338.836659
2833,338.90409
2834,338.936264
2835,338.951273
2836,338.952362
2837,338.939912
2838,338.916083
2839,338.886663
2840,338.8538
2841,338.8173
2842,338.776405
2843,338.730378
2844,338.678505
2845,338.619671
2846,338.549869
2847,338.448875
2848,338.231988
2849,338.071573
2850,337.967463
2851,337.894629
2852,337.837785
2853,337.789975
2854,337.748219
2855,337.711126
2856,337.677917
2857,337.648058
2858,337.62113
2859,337.596792
2860,337.57476
2861,337.554816
2862,337.536786
2863,337.520435
2864,337.505158
2865,337.489758
2866,337.474039
2867,337.457946
2868,337.441399
2869,337.424305
2870,337.406578
2871,337.388148
2872,337.368959
2873,337.348968
2874,337.328144
2875,337.306488
2876,337.284086
2877,337.261285
2878,337.239268
2879,337.221928
2880,337.736219
2881,337.773078
2882,337.828449
2883,337.899979
2884,337.98982
2885,338.091631
2886,338.173206
2887,338.241561
2888,338.303099
2889,338.360032
2890,338.41321
2891,338.463355
2892,338.511601
2893,338.560031
2894,338.612135
2895,338.671208
2896,338.731215
2897,338.762847
2898,338.774737
2899,338.771242
2900,338.751529
2901,338.709736
2902,338.647881
2903,338.590087
2904,338.540087
2905,338.494113
2906,338.44863
2907,338.401522
2908,338.351552
2909,338.297639
2910,338.237656
2911,338.165685
2912,338.071507
2913,337.987209
2914,337.918784
2915,337.862317
2916,337.813878
2917,337.771158
2918,337.732935
2919,337.698515
2920,337.667434
2921,337.639338
2922,337.613944
2923,337.591033
2924,337.570491
2925,337.552373
2926,337.536985
2927,337.524691
2928,337.514595
2929,337.501992
2930,337.487877
2931,337.472861
2932,337.457104
2933,337.440608
2934,337.423341
2935,337.405266
2936,337.386349
2937,337.366561
2938,337.345881
2939,337.324313
2940,337.301939
2941,337.2791
2942,337.256983
2943,337.239514
2944,337.771145
2945,337.813861
2946,337.884182
2947,337.99085
2948,338.157555
2949,338.385092
2950,338.504788
2951,338.584986
2952,338.652685
2953,338.712812
2954,338.766428
2955,338.81408
2956,338.856289
2957,338.893618
2958,338.926595
2959,338.95502
2960,338.976009
2961,338.982994
2962,338.975651
2963,338.953285
2964,338.908976
2965,338.806362
2966,338.63242
2967,338.506173
2968,338.423663
2969,338.362966
2970,338.310889
2971,338.261423
2972,338.211977
2973,338.161285
2974,338.108353
2975,338.05188
2976,337.991301
2977,337.933414
2978,337.880976
2979,337.833875
2980,337.791348
2981,337.752757
2982,337.717657
2983,337.685728
2984,337.65671
2985,337.630391
2986,337.606611
2987,337.585308
2988,337.566651
2989,337.551352
2990,337.541278
2991,337.539811
2992,337.547603
2993,337.540452
2994,337.528826
2995,337.515421
2996,337.500847
2997,337.485252
2998,337.468677
2999,337.451134
3000,337.432623
3001,337.413135
3002,337.392661
3003,337.371209
3004,337.348857
3005,337.325939
3006,337.303643
3007,337.285952
3008,337.807506
3009,337.858733
3010,337.954855
3011,338.138272
3012,338.530244
3013,339.290243
3014,339.450919
3015,339.53253
3016,339.607479
3017,339.673129
3018,339.728685
3019,339.774448
3020,339.810792
3021,339.837831
3022,339.855321
3023,339.862617
3024,339.858637
3025,339.841977
3026,339.811655
3027,339.768009
3028,339.710398
3029,339.459793
3030,338.852143
3031,338.536327
3032,338.386911
3033,338.302309
3034,338.240934
3035,338.187876
3036,338.137842
3037,338.088824
3038,338.039954
3039,337.990845
3040,337.941756
3041,337.894397
3042,337.849861
3043,337.808473
3044,337.770213
3045,337.73496
3046,337.702573
3047,337.672913
3048,337.645847
3049,337.62127
3050,337.599138
3051,337.579583
3052,337.563236
3053,337.552195
3054,337.552742
3055,337.581234
3056,337.663879
3057,337.661123
3058,337.65246
3059,337.64155
3060,337.628935
3061,337.614855
3062,337.599452
3063,337.582815
3064,337.564994
3065,337.546016
3066,337.525892
3067,337.504636
3068,337.48232
3069,337.459268
3070,337.436662
3071,337.41857
3072,337.843464
3073,337.904508
3074,338.034417
3075,338.344337
3076,339.282947
3077,339.484113
3078,339.56806
3079,339.646952
3080,339.722597
3081,339.788768
3082,339.844528
3083,339.890193
3084,339.926145
3085,339.952494
3086,339.968975
3087,339.974933
3088,339.969361
3089,339.951032
3090,339.918935
3091,339.873652
3092,339.821915
3093,339.738174
3094,339.424794
3095,338.646099
3096,338.386472
3097,338.270684
3098,338.198483
3099,338.141142
3100,338.089768
3101,338.041313
3102,337.99461
3103,337.949229
3104,337.905203
3105,337.862984
3106,337.82298
3107,337.78541
3108,337.750356
3109,337.717823
3110,337.687773
3111,337.66015
3112,337.634896
3113,337.611985
3114,337.591477
3115,337.573705
3116,337.559854
3117,337.554029
3118,337.570878
3119,337.665701
3120,337.681629
3121,337.676368
3122,337.667878
3123,337.657178
3124,337.644729
3125,337.630778
3126,337.615474
3127,337.598914
3128,337.581152
3129,337.562219
3130,337.542125
3131,337.520886
3132,337.498574
3133,337.475511
3134,337.452878
3135,337.434744
3136,337.876306
3137,337.943641
3138,338.089301
3139,338.429894
3140,339.372096
3141,339.538978
3142,339.626913
3143,339.710582
3144,339.790027
3145,339.858604
3146,339.915483
3147,339.961133
3148,339.996061
3149,340.020454
3150,340.034101
3151,340.036378
3152,340.026274
3153,340.002519
3154,339.964026
3155,339.911443
3156,339.852646
3157,339.767135
3158,339.490922
3159,338.675942
3160,338.38141
3161,338.248591
3162,338.168332
3163,338.107085
3164,338.054069
3165,338.005499
3166,337.95987
3167,337.916534
3168,337.875259
3169,337.836054
3170,337.799003
3171,337.764177
3172,337.731614
3173,337.701317
3174,337.673274
3175,337.647461
3176,337.623865
3177,337.602514
3178,337.583546
3179,337.567423
3180,337.555614
3181,337.552849
3182,337.574623
3183,337.671582
3184,337.684866
3185,337.680644
3186,337.673239
3187,337.663452
3188,337.651733
3189,337.638363
3190,337.623521
3191,337.607325
3192,337.589849
3193,337.571131
3194,337.551189
3195,337.530039
3196,337.507752
3197,337.484642
3198,337.461885
3199,337.443576
3200,337.904985
3201,337.97616
3202,338.129548
3203,338.48129
3204,339.429683
3205,339.596366
3206,339.689037
3207,339.777608
3208,339.861129
3209,339.9324
3210,339.990588
3211,340.03628
3212,340.070095
3213,340.092308
3214,340.102765
3215,340.100871
3216,340.085618
3217,340.055707
3218,340.010039
3219,339.949502
3220,339.883285
3221,339.792652
3222,339.515044
3223,338.682844
3224,338.37312
3225,338.230574
3226,338.144537
3227,338.079974
3228,338.025278
3229,337.976228
3230,337.931051
3231,337.888894
3232,337.849316
3233,337.8121
3234,337.777142
3235,337.744387
3236,337.713802
3237,337.685361
3238,337.65904
3239,337.634827
3240,337.612733
3241,337.592821
3242,337.575278
3243,337.560646
3244,337.550517
3245,337.549822
3246,337.574201
3247,337.673828
3248,337.687278
3249,337.684168
3250,337.677991
3251,337.669288
3252,337.658471
3253,337.645835
3254,337.631588
3255,337.61587
3256,337.598772
3257,337.580345
3258,337.560613
3259,337.539592
3260,337.517351
3261,337.494195
3262,337.471302
3263,337.45281
3264,337.929115
3265,338.002847
3266,338.160946
3267,338.519514
3268,339.477276
3269,339.645227
3270,339.741608
3271,339.834087
3272,339.920983
3273,339.994554
3274,340.05388
3275,340.099601
3276,340.132409
3277,340.152646
3278,340.160207
3279,340.154525
3280,340.134602
3281,340.099145
3282,340.047112
3283,339.979701
3284,339.90729
3285,339.812196
3286,339.530923
3287,338.683448
3288,338.363904
3289,338.214747
3290,338.12433
3291,338.056987
3292,338.000713
3293,337.951026
3294,337.905963
3295,337.864503
3296,337.826054
3297,337.790246
3298,337.756847
3299,337.725708
3300,337.696727
3301,337.669839
3302,337.645002
3303,337.622202
3304,337.601461
3305,337.582862
3306,337.566625
3307,337.553336
3308,337.544653
3309,337.545602
3310,337.571984
3311,337.674412
3312,337.688097
3313,337.685962
3314,337.680911
3315,337.673245
3316,337.663319
3317,337.65143
3318,337.637802
3319,337.622592
3320,337.605905
3321,337.587801
3322,337.568308
3323,337.547443
3324,337.525273
3325,337.502098
3326,337.4791
3327,337.46046
3328,337.948469
3329,338.024002
3330,338.185336
3331,338.548768
3332,339.514424
3333,339.683392
3334,339.782424
3335,339.877755
3336,339.967171
3337,340.04248
3338,340.10265
3339,340.148325
3340,340.180237
3341,340.198771
3342,340.203859
3343,340.194962
3344,340.171103
3345,340.131019
3346,340.073758
3347,340.000825
3348,339.923562
3349,339.825023
3350,339.540711
3351,338.680843
3352,338.353988
3353,338.199895
3354,338.106054
3355,338.036418
3356,337.978755
3357,337.928418
3358,337.883308
3359,337.842282
3360,337.804629
3361,337.769872
3362,337.737686
3363,337.707844
3364,337.68019
3365,337.65462
3366,337.631072
3367,337.609523
3368,337.589998
3369,337.572592
3370,337.557544
3371,337.545465
3372,337.538055
3373,337.540405
3374,337.568474
3375,337.673386
3376,337.687274
3377,337.685967
3378,337.681902
3379,337.675172
3380,337.666075
3381,337.654901
3382,337.641879
3383,337.627179
3384,337.610913
3385,337.593148
3386,337.573916
3387,337.553234
3388,337.531165
3389,337.508009
3390,337.484951
3391,337.466209
3392,337.9629
3393,338.039697
3394,338.203277
3395,338.57013
3396,339.541497
3397,339.711177
3398,339.812019
3399,339.909314
3400,340.000473
3401,340.076971
3402,340.137668
3403,340.18319
3404,340.214284
3405,340.231363
3406,340.234387
3407,340.222841
3408,340.195776
3409,340.151971
3410,340.090572
3411,340.013346
3412,339.932381
3413,339.831253
3414,339.544632
3415,338.675266
3416,338.342886
3417,338.185046
3418,338.088548
3419,338.017083
3420,337.958278
3421,337.907377
3422,337.862184
3423,337.821464
3424,337.784421
3425,337.750497
3426,337.719295
3427,337.69053
3428,337.663999
3429,337.639568
3430,337.617151
3431,337.596718
3432,337.578289
3433,337.561966
3434,337.547997
3435,337.537011
3436,337.530732
3437,337.534303
3438,337.563824
3439,337.670875
3440,337.684936
3441,337.684337
3442,337.681131
3443,337.675236
3444,337.666897
3445,337.656392
3446,337.643953
3447,337.629753
3448,337.613912
3449,337.596499
3450,337.577548
3451,337.557076
3452,337.535143
3453,337.512048
3454,337.488979
3455,337.470181
3456,337.972343
3457,338.049971
3458,338.215029
3459,338.58414
3460,339.55928
3461,339.729422
3462,339.831423
3463,339.929969
3464,340.022221
3465,340.09942
3466,340.160342
3467,340.20559
3468,340.235915
3469,340.251747
3470,340.253064
3471,340.239377
3472,340.209763
3473,340.163047
3474,340.098461
3475,340.017982
3476,339.93425
3477,339.831214
3478,339.542892
3479,338.666507
3480,338.330046
3481,338.16943
3482,338.070948
3483,337.99811
3484,337.938448
3485,337.887134
3486,337.841905
3487,337.801461
3488,337.764939
3489,337.731723
3490,337.701363
3491,337.673528
3492,337.647978
3493,337.624551
3494,337.603144
3495,337.583715
3496,337.56628
3497,337.550942
3498,337.537955
3499,337.527956
3500,337.522687
3501,337.527334
3502,337.558119
3503,337.667019
3504,337.68123
3505,337.681244
3506,337.678791
3507,337.673642
3508,337.665995
3509,337.656115
3510,337.644233
3511,337.630524
3512,337.61511
3513,337.598061
3514,337.579412
3515,337.559178
3516,337.537417
3517,337.514426
3518,337.491396
3519,337.472587
3520,337.976797
3521,338.054887
3522,338.220788
3523,338.5912
3524,339.568515
3525,339.738922
3526,339.841568
3527,339.940787
3528,340.033587
3529,340.111063
3530,340.171935
3531,340.216787
3532,340.24637
3533,340.261122
3534,340.261039
3535,340.245652
3536,340.214064
3537,340.165138
3538,340.098178
3539,340.015316
3540,339.929587
3541,339.825192
3542,339.535669
3543,338.654333
3544,338.315008
3545,338.152454
3546,338.052601
3547,337.978835
3548,337.918625
3549,337.867096
3550,337.821938
3551,337.781805
3552,337.745787
3553,337.713226
3554,337.683629
3555,337.656632
3556,337.631967
3557,337.609449
3558,337.58896
3559,337.570446
3560,337.553921
3561,337.539483
3562,337.527391
3563,337.518287
3564,337.513925
3565,337.519526
3566,337.551421
3567,337.661936
3568,337.676276
3569,337.676828
3570,337.675043
3571,337.670565
3572,337.663553
3573,337.654259
3574,337.64291
3575,337.629683
3576,337.614697
3577,337.598027
3578,337.579702
3579,337.559737
3580,337.538187
3581,337.515345
3582,337.492401
3583,337.473623
3584,337.976299
3585,338.054524
3586,338.220719
3587,338.591624
3588,339.569774
3589,339.74028
3590,339.843146
3591,339.942554
3592,340.035433
3593,340.112813
3594,340.173383
3595,340.217716
3596,340.246564
3597,340.260374
3598,340.259154
3599,340.24245
3600,340.209388
3601,340.158864
3602,340.090232
3603,340.005731
3604,339.918654
3605,339.813359
3606,339.523056
3607,338.638535
3608,338.297402
3609,338.13366
3610,338.033008
3611,337.95875
3612,337.898316
3613,337.846801
3614,337.801864
3615,337.762126
3616,337.726648
3617,337.694737
3618,337.665873
3619,337.639667
3620,337.615828
3621,337.594155
3622,337.574517
3623,337.556851
3624,337.541166
3625,337.527558
3626,337.516285
3627,337.507994
3628,337.504449
3629,337.510901
3630,337.543776
3631,337.655711
3632,337.670166
3633,337.671194
3634,337.670005
3635,337.666135
3636,337.659708
3637,337.650965
3638,337.64013
3639,337.627377
3640,337.612827
3641,337.59655
3642,337.578575
3643,337.558913
3644,337.537614
3645,337.514967
3646,337.492157
3647,337.473449
3648,337.9709
3649,338.048959
3650,338.214952
3651,338.585628
3652,339.563432
3653,339.733892
3654,339.836604
3655,339.935772
3656,340.028308
3657,340.105247
3658,340.165275
3659,340.208965
3660,340.237072
3661,340.25005
3662,340.247917
3663,340.230235
3664,340.196145
3665,340.144566
3666,340.074886
3667,339.989401
3668,339.901546
3669,339.795756
3670,339.505045
3671,338.618911
3672,338.276924
3673,338.11269
3674,338.011782
3675,337.937463
3676,337.87714
3677,337.825891
3678,337.781355
3679,337.742135
3680,337.707268
3681,337.676042
3682,337.647919
3683,337.622488
3684,337.599448
3685,337.578581
3686,337.559748
3687,337.54288
3688,337.527979
3689,337.515141
3690,337.504622
3691,337.497072
3692,337.494264
3693,337.501476
3694,337.535219
3695,337.648405
3696,337.662961
3697,337.664412
3698,337.663757
3699,337.660439
3700,337.654553
3701,337.64633
3702,337.635992
3703,337.623711
3704,337.609604
3705,337.59374
3706,337.576145
3707,337.556823
3708,337.535819
3709,337.513415
3710,337.490788
3711,337.472189
3712,337.960661
3713,338.038262
3714,338.20358
3715,338.573344
3716,339.549685
3717,339.719962
3718,339.822168
3719,339.920684
3720,340.012474
3721,340.088639
3722,340.147888
3723,340.190802
3724,340.218147
3725,340.230381
3726,340.227534
3727,340.209177
3728,340.174466
3729,340.122332
3730,340.052177
3731,339.966316
3732,339.878213
3733,339.772302
3734,339.481532
3735,338.595256
3736,338.253319
3737,338.08926
3738,337.98863
3739,337.914681
3740,337.854814
3741,337.8041
3742,337.760169
3743,337.721612
3744,337.687458
3745,337.656981
3746,337.629631
3747,337.604989
3748,337.58274
3749,337.562661
3750,337.544605
3751,337.528497
3752,337.514337
3753,337.502217
3754,337.492395
3755,337.485521
3756,337.483377
3757,337.491263
3758,337.52577
3759,337.640051
3760,337.654697
3761,337.656521
3762,337.656343
3763,337.653525
3764,337.64814
3765,337.64041
3766,337.630555
3767,337.618744
3768,337.605092
3769,337.589665
3770,337.572483
3771,337.553544
3772,337.532886
3773,337.510779
3774,337.488387
3775,337.469935
3776,337.945668
3777,338.022521
3778,338.186687
3779,338.554848
3780,339.528597
3781,339.698551
3782,339.799889
3783,339.897337
3784,339.987969
3785,340.063017
3786,340.121239
3787,340.163236
3788,340.189782
3789,340.201345
3790,340.197961
3791,340.179211
3792,340.144261
3793,340.092048
3794,340.021972
3795,339.936326
3796,339.848493
3797,339.742832
3798,339.452347
3799,338.567386
3800,338.226393
3801,338.063172
3802,337.963353
3803,337.890211
3804,337.831155
3805,337.781256
3806,337.738148
3807,337.700421
3808,337.667098
3809,337.637453
3810,337.61093
3811,337.587105
3812,337.565659
3813,337.546363
3814,337.529067
3815,337.513694
3816,337.500239
3817,337.488794
3818,337.479616
3819,337.473357
3820,337.471805
3821,337.480284
3822,337.51545
3823,337.630672
3824,337.645394
3825,337.647542
3826,337.647783
3827,337.645414
3828,337.640489
3829,337.633226
3830,337.623841
3831,337.612501
3832,337.59932
3833,337.584357
3834,337.567628
3835,337.549122
3836,337.528866
3837,337.507118
3838,337.485019
3839,337.466758
3840,337.926127
3841,338.00193
3842,338.164448
3843,338.530283
3844,339.500236
3845,339.669715
3846,339.769793
3847,339.865723
3848,339.954758
3849,340.028328
3850,340.085263
3851,340.126188
3852,340.151888
3853,340.162837
3854,340.159079
3855,340.140203
3856,340.105383
3857,340.053557
3858,339.984114
3859,339.899282
3860,339.812256
3861,339.707232
3862,339.417392
3863,338.535245
3864,338.196106
3865,338.034394
3866,337.935923
3867,337.864025
3868,337.806134
3869,337.757336
3870,337.715275
3871,337.678548
3872,337.646186
3873,337.617465
3874,337.591832
3875,337.568863
3876,337.548238
3877,337.52973
3878,337.513185
3879,337.498525
3880,337.485745
3881,337.474934
3882,337.466349
3883,337.460644
3884,337.459612
3885,337.468596
3886,337.504309
3887,337.620306
3888,337.635091
3889,337.637508
3890,337.638106
3891,337.636129
3892,337.631621
3893,337.624796
3894,337.615868
3895,337.605002
3896,337.592307
3897,337.577839
3898,337.561605
3899,337.543589
3900,337.523803
3901,337.502485
3902,337.480748
3903,337.462728
3904,337.902636
3905,337.977091
3906,338.137463
3907,338.500231
3908,339.465114
3909,339.633951
3910,339.732331
3911,339.826257
3912,339.913238
3913,339.984967
3914,340.040356
3915,340.080059
3916,340.104865
3917,340.115252
3918,340.11127
3919,340.092517
3920,340.058175
3921,340.007188
3922,339.938924
3923,339.855521
3924,339.769867
3925,339.665904
3926,339.377093
3927,338.499285
3928,338.162897
3929,338.003342
3930,337.906729
3931,337.836486
3932,337.780091
3933,337.732656
3934,337.691846
3935,337.656277
3936,337.624991
3937,337.597278
3938,337.57259
3939,337.55051
3940,337.530723
3941,337.513001
3942,337.497195
3943,337.483223
3944,337.471083
3945,337.460862
3946,337.452815
3947,337.447597
3948,337.447005
3949,337.456397
3950,337.492533
3951,337.60911
3952,337.623943
3953,337.626566
3954,337.627445
3955,337.625796
3956,337.621654
3957,337.615232
3958,337.606742
3959,337.596346
3960,337.584149
3961,337.570202
3962,337.554507
3963,337.537037
3964,337.517792
3965,337.496986
3966,337.475692
3967,337.457973
3968,337.877053
3969,337.949928
3970,338.107777
3971,338.466906
3972,339.425645
3973,339.593666
3974,339.689913
3975,339.7814
3976,339.865955
3977,339.93557
3978,339.98924
3979,340.027632
3980,340.051535
3981,340.061425
3982,340.057353
3983,340.038929
3984,340.005348
3985,339.955567
3986,339.88894
3987,339.807503
3988,339.72376
3989,339.621296
3990,339.333891
3991,338.461689
3992,338.128737
3993,337.971816
3994,337.877423
3995,337.809116
3996,337.754431
3997,337.70852
3998,337.669077
3999,337.634744
4000,337.604585
4001,337.577903
4002,337.554166
4003,337.532964
4004,337.513989
4005,337.497019
4006,337.481907
4007,337.468573
4008,337.457014
4009,337.447316
4010,337.439735
4011,337.434922
4012,337.434676
4013,337.444363
4014,337.480774
4015,337.597701
4016,337.612562
4017,337.615311
4018,337.616381
4019,337.614979
4020,337.611137
4021,337.605067
4022,337.596977
4023,337.587025
4024,337.575314
4025,337.56189
4026,337.54675
4027,337.529859
4028,337.511205
4029,337.490979
4030,337.470207
4031,337.452852
4032,337.855179
4033,337.926582
4034,338.082114
4035,338.437907
4036,339.390821
4037,339.557957
4038,339.652
4039,339.7411
4040,339.823384
4041,339.891081
4042,339.94323
4043,339.980494
4044,340.003652
4045,340.013174
4046,340.009111
4047,339.991081
4048,339.9583
4049,339.909741
4050,339.844764
4051,339.765343
4052,339.683639
4053,339.582879
4054,339.297014
4055,338.430217
4056,338.100469
4057,337.945981
4058,337.853618
4059,337.787056
4060,337.733889
4061,337.689311
4062,337.651047
4063,337.617764
4064,337.588548
4065,337.562718
4066,337.539755
4067,337.519258
4068,337.500928
4069,337.484546
4070,337.46997
4071,337.457122
4072,337.445998
4073,337.436685
4074,337.429435
4075,337.424898
4076,337.42487
4077,337.434718
4078,337.471245
4079,337.588269
4080,337.603134
4081,337.605918
4082,337.607075
4083,337.605816
4084,337.602173
4085,337.596355
4086,337.588565
4087,337.57896
4088,337.567636
4089,337.554639
4090,337.539964
4091,337.52357
4092,337.505439
4093,337.485746
4094,337.465479
4095,337.448502
4096,336.900315
4097,336.899003
4098,336.898844
4099,336.899515
4100,336.900808
4101,336.902577
4102,336.90471
4103,336.907119
4104,336.90973
4105,336.912481
4106,336.915319
4107,336.918197
4108,336.921071
4109,336.923905
4110,336.926665
4111,336.92932
4112,336.931841
4113,336.934206
4114,336.936392
4115,336.938381
4116,336.940158
4117,336.941709
4118,336.943025
4119,336.9441
4120,336.944929
4121,336.945513
4122,336.945851
4123,336.94595
4124,336.945815
4125,336.945456
4126,336.944883
4127,336.944107
4128,336.943143
4129,336.942003
4130,336.940701
4131,336.939251
4132,336.937664
4133,336.935952
4134,336.934123
4135,336.932184
4136,336.930139
4137,336.927987
4138,336.925725
4139,336.923345
4140,336.920837
4141,336.918187
4142,336.915376
4143,336.912385
4144,336.909193
4145,336.905779
4146,336.902122
4147,336.898203
4148,336.894007
4149,336.889522
4150,336.884743
4151,336.87967
4152,336.874309
4153,336.868677
4154,336.862799
4155,336.856713
4156,336.850474
4157,336.844155
4158,336.837868
4159,336.831782
4160,336.919362
4161,336.918548
4162,336.918699
4163,336.919612
4164,336.921123
4165,336.923102
4166,336.925444
4167,336.928061
4168,336.930882
4169,336.933844
4170,336.936891
4171,336.939974
4172,336.943051
4173,336.946081
4174,336.94903
4175,336.951864
4176,336.954555
4177,336.957077
4178,336.959407
4179,336.961527
4180,336.963418
4181,336.965068
4182,336.966467
4183,336.967608
4184,336.968487
4185,336.969103
4186,336.969458
4187,336.969558
4188,336.969409
4189,336.969021
4190,336.968407
4191,336.967579
4192,336.966552
4193,336.96534
4194,336.963959
4195,336.962423
4196,336.960746
4197,336.958941
4198,336.957017
4199,336.954981
4200,336.952838
4201,336.950589
4202,336.948228
4203,336.94575
4204,336.94314
4205,336.940384
4206,336.937462
4207,336.934351
4208,336.931028
4209,336.927469
4210,336.92365
4211,336.91955
4212,336.915151
4213,336.91044
4214,336.905409
4215,336.900057
4216,336.89439
4217,336.888423
4218,336.882181
4219,336.875701
4220,336.869032
4221,336.862244
4222,336.855426
4223,336.848691
4224,336.937407
4225,336.937289
4226,336.937948
4227,336.939266
4228,336.941124
4229,336.943418
4230,336.946056
4231,336.948958
4232,336.952054
4233,336.955284
4234,336.958593
4235,336.961931
4236,336.965253
4237,336.96852
4238,336.971695
4239,336.974742
4240,336.977633
4241,336.98034
4242,336.982839
4243,336.985109
4244,336.987133
4245,336.988896
4246,336.990388
4247,336.991601
4248,336.992533
4249,336.993182
4250,336.993551
4251,336.993646
4252,336.993475
4253,336.99305
4254,336.992385
4255,336.991493
4256,336.990392
4257,336.989099
4258,336.98763
4259,336.986004
4260,336.984235
4261,336.982338
4262,336.980325
4263,336.978205
4264,336.975983
4265,336.97366
4266,336.971232
4267,336.96869
4268,336.966021
4269,336.963206
4270,336.960223
4271,336.957045
4272,336.953643
4273,336.94999
4274,336.946056
4275,336.941817
4276,336.937251
4277,336.93234
4278,336.927074
4279,336.921449
4280,336.91547
4281,336.909148
4282,336.902507
4283,336.895578
4284,336.888406
4285,336.881048
4286,336.873572
4287,336.866052
4288,336.954762
4289,336.955417
4290,336.956699
4291,336.958536
4292,336.960847
4293,336.963549
4294,336.966564
4295,336.969822
4296,336.973259
4297,336.976816
4298,336.98044
4299,336.984083
4300,336.987698
4301,336.991244
4302,336.994684
4303,336.997981
4304,337.001105
4305,337.004026
4306,337.00672
4307,337.009163
4308,337.011337
4309,337.013227
4310,337.014823
4311,337.016116
4312,337.017104
4313,337.017785
4314,337.018164
4315,337.018248
4316,337.018047
4317,337.017574
4318,337.016845
4319,337.015877
4320,337.01469
4321,337.013303
4322,337.011738
4323,337.010013
4324,337.008149
4325,337.006163
4326,337.004068
4327,337.001876
4328,336.999594
4329,336.997224
4330,336.994763
4331,336.9922
4332,336.98952
4333,336.986701
4334,336.983715
4335,336.98053
4336,336.977112
4337,336.973424
4338,336.969433
4339,336.965104
4340,336.960412
4341,336.955334
4342,336.949855
4343,336.943967
4344,336.937673
4345,336.93098
4346,336.923907
4347,336.916482
4348,336.908742
4349,336.900733
4350,336.892509
4351,336.884121
4352,336.971624
4353,336.973085
4354,336.975057
4355,336.977495
4356,336.980341
4357,336.983528
4358,336.986994
4359,336.990676
4360,336.994517
4361,336.99846
4362,337.002455
4363,337.006452
4364,337.010408
4365,337.014279
4366,337.018026
4367,337.021612
4368,337.025005
4369,337.028172
4370,337.031088
4371,337.033728
4372,337.036073
4373,337.038107
4374,337.039818
4375,337.041198
4376,337.042244
4377,337.042957
4378,337.043341
4379,337.043405
4380,337.043163
4381,337.042628
4382,337.041821
4383,337.040761
4384,337.039472
4385,337.037978
4386,337.036304
4387,337.034472
4388,337.032508
4389,337.030431
4390,337.028261
4391,337.026011
4392,337.023692
4393,337.021306
4394,337.018851
4395,337.016316
4396,337.013683
4397,337.010924
4398,337.008006
4399,337.00489
4400,337.00153
4401,336.997881
4402,336.9939
4403,336.989544
4404,336.984778
4405,336.979573
4406,336.97391
4407,336.967776
4408,336.961168
4409,336.954092
4410,336.946561
4411,336.938598
4412,336.930234
4413,336.921507
4414,336.91246
4415,336.903135
4416,336.988128
4417,336.990411
4418,336.993117
4419,336.996215
4420,336.999659
4421,337.003399
4422,337.00738
4423,337.01155
4424,337.015854
4425,337.020242
4426,337.024662
4427,337.029069
4428,337.033415
4429,337.037659
4430,337.041759
4431,337.045676
4432,337.049375
4433,337.052824
4434,337.055993
4435,337.058857
4436,337.061395
4437,337.06359
4438,337.065428
4439,337.066902
4440,337.06801
4441,337.068751
4442,337.069134
4443,337.069169
4444,337.068871
4445,337.068258
4446,337.067354
4447,337.066183
4448,337.064773
4449,337.063153
4450,337.061353
4451,337.059403
4452,337.05733
4453,337.055162
4454,337.052922
4455,337.050629
4456,337.048296
4457,337.04593
4458,337.043528
4459,337.04108
4460,337.038562
4461,337.035944
4462,337.033182
4463,337.030226
4464,337.027019
4465,337.023501
4466,337.019615
4467,337.015309
4468,337.010535
4469,337.005257
4470,336.999449
4471,336.993092
4472,336.986179
4473,336.978712
4474,336.970701
4475,336.962164
4476,336.953126
4477,336.94362
4478,336.933681
4479,336.923348
4480,337.004375
4481,337.007491
4482,337.010961
4483,337.014761
4484,337.018857
4485,337.023206
4486,337.027762
4487,337.032479
4488,337.037306
4489,337.042195
4490,337.047099
4491,337.051969
4492,337.05676
4493,337.061428
4494,337.065929
4495,337.070223
4496,337.074272
4497,337.078041
4498,337.081498
4499,337.084616
4500,337.087372
4501,337.089745
4502,337.091725
4503,337.093301
4504,337.094471
4505,337.095238
4506,337.095611
4507,337.095602
4508,337.095231
4509,337.094519
4510,337.093495
4511,337.092189
4512,337.090633
4513,337.088864
4514,337.086918
4515,337.084831
4516,337.082638
4517,337.080374
4518,337.078069
4519,337.075747
4520,337.073428
4521,337.071121
4522,337.068828
4523,337.066536
4524,337.064221
4525,337.061842
4526,337.059347
4527,337.056668
4528,337.053733
4529,337.050463
4530,337.046783
4531,337.042623
4532,337.037924
4533,337.03264
4534,337.026736
4535,337.02019
4536,337.012988
4537,337.00513
4538,336.996621
4539,336.987477
4540,336.977717
4541,336.96737
4542,336.956469
4543,336.94505
4544,337.020444
4545,337.0244
4546,337.028658
4547,337.033197
4548,337.037988
4549,337.042997
4550,337.048183
4551,337.053502
4552,337.05891
4553,337.06436
4554,337.069805
4555,337.075197
4556,337.08049
4557,337.085638
4558,337.090594
4559,337.095317
4560,337.099763
4561,337.103896
4562,337.107681
4563,337.111086
4564,337.114086
4565,337.116661
4566,337.118796
4567,337.120481
4568,337.121716
4569,337.122503
4570,337.122854
4571,337.122785
4572,337.122318
4573,337.121481
4574,337.120307
4575,337.118834
4576,337.117101
4577,337.115153
4578,337.113032
4579,337.110786
4580,337.108457
4581,337.106088
4582,337.103719
4583,337.101384
4584,337.099107
4585,337.096907
4586,337.094787
4587,337.092737
4588,337.090729
4589,337.088714
4590,337.086624
4591,337.084375
4592,337.081866
4593,337.078994
4594,337.07566
4595,337.071771
4596,337.067253
4597,337.062047
4598,337.056111
4599,337.049418
4600,337.041951
4601,337.033706
4602,337.024686
4603,337.014903
4604,337.004374
4605,336.993124
4606,336.981183
4607,336.968587
4608,337.0364
4609,337.041203
4610,337.046268
4611,337.051576
4612,337.057104
4613,337.062819
4614,337.068685
4615,337.074663
4616,337.080711
4617,337.086782
4618,337.09283
4619,337.098807
4620,337.104664
4621,337.110353
4622,337.115825
4623,337.121033
4624,337.125932
4625,337.130479
4626,337.134635
4627,337.138366
4628,337.141643
4629,337.144443
4630,337.14675
4631,337.148554
4632,337.149853
4633,337.150652
4634,337.150966
4635,337.150813
4636,337.150222
4637,337.149227
4638,337.147867
4639,337.146187
4640,337.144237
4641,337.142069
4642,337.139739
4643,337.137301
4644,337.134812
4645,337.132325
4646,337.12989
4647,337.127552
4648,337.125349
4649,337.123307
4650,337.121436
4651,337.119731
4652,337.11816
4653,337.116666
4654,337.115163
4655,337.113538
4656,337.111657
4657,337.10938
4658,337.106572
4659,337.103112
4660,337.098908
4661,337.093886
4662,337.087997
4663,337.081211
4664,337.07351
4665,337.064888
4666,337.055347
4667,337.044895
4668,337.033547
4669,337.021324
4670,337.008255
4671,336.994375
4672,337.052294
4673,337.057953
4674,337.063843
4675,337.06995
4676,337.07625
4677,337.082717
4678,337.089315
4679,337.096008
4680,337.102755
4681,337.10951
4682,337.116228
4683,337.122858
4684,337.129349
4685,337.135649
4686,337.141705
4687,337.147465
4688,337.152878
4689,337.157897
4690,337.162477
4691,337.16658
4692,337.17017
4693,337.173224
4694,337.175721
4695,337.177652
4696,337.179014
4697,337.179816
4698,337.180072
4699,337.179808
4700,337.179057
4701,337.177861
4702,337.176267
4703,337.174331
4704,337.172112
4705,337.169675
4706,337.167086
4707,337.164416
4708,337.161732
4709,337.159103
4710,337.156594
4711,337.154264
4712,337.152164
4713,337.150336
4714,337.148802
4715,337.147563
4716,337.146589
4717,337.145815
4718,337.145132
4719,337.14439
4720,337.143405
4721,337.14198
4722,337.139932
4723,337.137103
4724,337.133377
4725,337.128668
4726,337.122923
4727,337.11611
4728,337.108214
4729,337.09923
4730,337.089159
4731,337.078007
4732,337.065786
4733,337.052513
4734,337.038214
4735,337.022923
4736,337.068171
4737,337.074694
4738,337.081429
4739,337.088362
4740,337.095473
4741,337.102735
4742,337.110117
4743,337.117583
4744,337.125093
4745,337.132602
4746,337.140061
4747,337.14742
4748,337.154623
4749,337.161613
4750,337.168332
4751,337.174722
4752,337.180723
4753,337.186283
4754,337.191349
4755,337.195875
4756,337.199824
4757,337.203164
4758,337.205874
4759,337.207941
4760,337.209365
4761,337.210154
4762,337.210328
4763,337.209917
4764,337.208961
4765,337.20751
4766,337.205622
4767,337.203366
4768,337.200812
4769,337.19804
4770,337.195132
4771,337.192173
4772,337.189247
4773,337.186442
4774,337.18384
4775,337.181519
4776,337.179551
4777,337.177996
4778,337.176896
4779,337.176266
4780,337.176086
4781,337.176284
4782,337.176725
4783,337.177209
4784,337.177477
4785,337.177248
4786,337.176265
4787,337.174322
4788,337.171276
4789,337.167034
4790,337.161545
4791,337.154783
4792,337.146738
4793,337.13741
4794,337.126802
4795,337.114919
4796,337.101768
4797,337.087359
4798,337.071711
4799,337.054856
4800,337.084068
4801,337.091465
4802,337.099064
4803,337.106853
4804,337.114811
4805,337.122915
4806,337.131135
4807,337.139436
4808,337.147778
4809,337.156116
4810,337.164399
4811,337.172573
4812,337.180578
4813,337.18835
4814,337.195825
4815,337.202935
4816,337.209613
4817,337.215794
4818,337.22142
4819,337.226435
4820,337.230795
4821,337.234461
4822,337.23741
4823,337.239625
4824,337.241107
4825,337.241866
4826,337.241924
4827,337.24132
4828,337.240101
4829,337.238328
4830,337.236072
4831,337.233414
4832,337.230441
4833,337.227251
4834,337.223943
4835,337.220621
4836,337.21739
4837,337.214358
4838,337.211631
4839,337.20931
4840,337.207493
4841,337.206269
4842,337.205706
4843,337.205849
4844,337.206696
4845,337.208181
4846,337.210146
4847,337.212322
4848,337.214336
4849,337.215766
4850,337.216243
4851,337.215504
4852,337.213382
4853,337.209787
4854,337.204681
4855,337.198053
4856,337.18991
4857,337.180259
4858,337.169109
4859,337.156463
4860,337.14232
4861,337.12668
4862,337.109549
4863,337.090948
4864,337.100015
4865,337.108299
4866,337.116783
4867,337.125457
4868,337.134303
4869,337.143298
4870,337.152414
4871,337.161616
4872,337.170866
4873,337.180117
4874,337.189316
4875,337.198404
4876,337.207316
4877,337.215979
4878,337.22432
4879,337.23226
4880,337.23972
4881,337.246624
4882,337.2529
4883,337.258483
4884,337.263317
4885,337.267358
4886,337.270576
4887,337.272954
4888,337.274489
4889,337.275193
4890,337.275096
4891,337.274242
4892,337.272688
4893,337.270507
4894,337.267787
4895,337.264624
4896,337.261126
4897,337.257411
4898,337.253598
4899,337.249817
4900,337.246196
4901,337.242866
4902,337.239962
4903,337.237615
4904,337.235955
4905,337.235109
4906,337.235187
4907,337.236278
4908,337.238423
4909,337.241584
4910,337.245596
4911,337.250108
4912,337.254563
4913,337.258285
4914,337.260738
4915,337.261591
4916,337.260673
4917,337.257922
4918,337.253334
4919,337.246929
4920,337.238739
4921,337.228789
4922,337.217093
4923,337.203652
4924,337.188455
4925,337.171483
4926,337.152718
4927,337.132158
4928,337.116039
4929,337.125221
4930,337.134613
4931,337.144205
4932,337.15398
4933,337.163919
4934,337.173994
4935,337.184172
4936,337.194415
4937,337.204675
4938,337.214896
4939,337.225014
4940,337.234956
4941,337.244641
4942,337.253981
4943,337.262884
4944,337.271257
4945,337.279005
4946,337.286042
4947,337.292289
4948,337.297677
4949,337.302154
4950,337.30568
4951,337.308235
4952,337.309816
4953,337.310438
4954,337.310134
4955,337.308957
4956,337.306977
4957,337.304282
4958,337.300976
4959,337.297178
4960,337.29302
4961,337.288642
4962,337.284193
4963,337.279827
4964,337.275701
4965,337.271977
4966,337.26882
4967,337.266396
4968,337.264877
4969,337.264435
4970,337.265242
4971,337.267453
4972,337.271189
4973,337.276486
4974,337.28322
4975,337.290976
4976,337.298906
4977,337.305802
4978,337.310885
4979,337.313782
4980,337.314374
4981,337.312669
4982,337.30873
4983,337.302632
4984,337.294444
4985,337.284216
4986,337.271971
4987,337.257708
4988,337.2414
4989,337.222998
4990,337.20244
4991,337.179678
4992,337.132158
4993,337.142254
4994,337.152578
4995,337.163122
4996,337.173873
4997,337.184812
4998,337.195915
4999,337.207152
5000,337.218483
5001,337.229861
5002,337.241228
5003,337.252512
5004,337.263632
5005,337.274495
5006,337.284998
5007,337.295029
5008,337.304474
5009,337.31322
5010,337.321157
5011,337.328188
5012,337.33423
5013,337.339215
5014,337.343097
5015,337.34585
5016,337.347469
5017,337.347971
5018,337.347396
5019,337.345806
5020,337.343285
5021,337.33994
5022,337.335897
5023,337.3313
5024,337.326309
5025,337.321095
5026,337.315839
5027,337.310727
5028,337.305949
5029,337.301701
5030,337.298181
5031,337.295598
5032,337.29417
5033,337.294127
5034,337.295715
5035,337.299187
5036,337.304789
5037,337.312716
5038,337.323005
5039,337.335295
5040,337.34836
5041,337.359665
5042,337.368162
5043,337.373584
5044,337.375979
5045,337.375501
5046,337.372322
5047,337.366599
5048,337.358453
5049,337.347964
5050,337.33517
5051,337.320066
5052,337.302603
5053,337.282688
5054,337.260192
5055,337.23497
5056,337.148389
5057,337.159414
5058,337.170696
5059,337.182229
5060,337.194004
5061,337.206005
5062,337.218213
5063,337.2306
5064,337.243129
5065,337.255752
5066,337.268407
5067,337.28102
5068,337.293497
5069,337.30573
5070,337.317596
5071,337.32896
5072,337.339679
5073,337.349612
5074,337.358624
5075,337.366591
5076,337.37341
5077,337.378997
5078,337.383295
5079,337.38627
5080,337.387917
5081,337.388253
5082,337.387327
5083,337.385212
5084,337.382007
5085,337.377842
5086,337.372868
5087,337.367262
5088,337.361219
5089,337.354949
5090,337.34867
5091,337.342607
5092,337.336988
5093,337.332044
5094,337.328016
5095,337.325151
5096,337.323721
5097,337.324019
5098,337.326379
5099,337.331176
5100,337.338833
5101,337.34981
5102,337.36453
5103,337.383117
5104,337.404359
5105,337.421708
5106,337.434423
5107,337.442775
5108,337.447188
5109,337.448056
5110,337.445709
5111,337.440402
5112,337.43232
5113,337.421582
5114,337.408242
5115,337.392291
5116,337.373654
5117,337.352186
5118,337.327662
5119,337.299759
5120,337.16474
5121,337.176711
5122,337.188979
5123,337.20154
5124,337.214391
5125,337.227523
5126,337.240919
5127,337.254559
5128,337.268408
5129,337.282421
5130,337.296536
5131,337.31067
5132,337.324721
5133,337.33856
5134,337.352039
5135,337.364992
5136,337.37724
5137,337.388604
5138,337.39891
5139,337.408005
5140,337.415756
5141,337.422062
5142,337.42685
5143,337.43008
5144,337.431742
5145,337.431858
5146,337.430481
5147,337.427699
5148,337.423631
5149,337.418429
5150,337.41228
5151,337.4054
5152,337.398028
5153,337.390421
5154,337.382845
5155,337.375572
5156,337.368871
5157,337.363016
5158,337.358284
5159,337.354969
5160,337.353391
5161,337.353911
5162,337.35695
5163,337.363013
5164,337.372723
5165,337.386872
5166,337.406506
5167,337.433136
5168,337.469328
5169,337.494279
5170,337.51163
5171,337.523046
5172,337.529527
5173,337.531761
5174,337.530252
5175,337.525363
5176,337.517348
5177,337.506365
5178,337.492485
5179,337.475698
5180,337.455905
5181,337.432915
5182,337.406405
5183,337.375812
5184,337.181215
5185,337.19415
5186,337.207432
5187,337.221063
5188,337.235047
5189,337.249381
5190,337.264058
5191,337.279064
5192,337.294373
5193,337.309944
5194,337.325717
5195,337.341604
5196,337.35749
5197,337.373228
5198,337.388635
5199,337.403503
5200,337.417605
5201,337.430709
5202,337.442592
5203,337.453057
5204,337.461939
5205,337.46911
5206,337.474482
5207,337.478005
5208,337.479668
5209,337.479495
5210,337.477546
5211,337.473922
5212,337.468764
5213,337.462256
5214,337.454622
5215,337.446128
5216,337.437072
5217,337.427771
5218,337.418552
5219,337.409742
5220,337.40166
5221,337.394622
5222,337.388943
5223,337.384959
5224,337.383033
5225,337.383585
5226,337.387114
5227,337.394237
5228,337.40574
5229,337.422652
5230,337.446359
5231,337.478753
5232,337.522276
5233,337.552774
5234,337.574016
5235,337.588134
5236,337.596466
5237,337.599928
5238,337.599165
5239,337.594639
5240,337.586662
5241,337.575431
5242,337.56103
5243,337.543447
5244,337.522559
5245,337.498124
5246,337.469728
5247,337.436638
5248,337.197813
5249,337.21173
5250,337.226055
5251,337.240799
5252,337.255974
5253,337.271588
5254,337.287644
5255,337.304142
5256,337.321067
5257,337.338387
5258,337.356049
5259,337.373966
5260,337.39201
5261,337.410009
5262,337.427742
5263,337.444945
5264,337.46132
5265,337.476564
5266,337.490386
5267,337.50253
5268,337.51279
5269,337.521009
5270,337.527082
5271,337.53095
5272,337.532597
5273,337.532051
5274,337.529381
5275,337.524699
5276,337.51817
5277,337.510011
5278,337.500497
5279,337.489955
5280,337.478759
5281,337.467309
5282,337.456009
5283,337.445255
5284,337.435422
5285,337.426867
5286,337.419945
5287,337.415021
5288,337.412493
5289,337.412826
5290,337.416575
5291,337.424438
5292,337.437303
5293,337.456328
5294,337.483015
5295,337.519257
5296,337.567094
5297,337.601347
5298,337.625516
5299,337.64179
5300,337.651648
5301,337.656128
5302,337.655978
5303,337.651729
5304,337.643745
5305,337.632248
5306,337.617339
5307,337.598999
5308,337.577088
5309,337.551324
5310,337.521227
5311,337.485971
5312,337.214526
5313,337.229441
5314,337.244839
5315,337.26074
5316,337.277166
5317,337.29414
5318,337.311681
5319,337.329805
5320,337.348517
5321,337.367804
5322,337.387625
5323,337.407899
5324,337.428492
5325,337.449208
5326,337.469776
5327,337.489854
5328,337.509051
5329,337.526955
5330,337.543182
5331,337.557401
5332,337.569351
5333,337.578846
5334,337.585763
5335,337.590036
5336,337.591649
5337,337.590632
5338,337.587058
5339,337.581054
5340,337.572804
5341,337.562563
5342,337.550662
5343,337.537511
5344,337.523586
5345,337.5094
5346,337.495463
5347,337.482257
5348,337.47022
5349,337.459752
5350,337.451234
5351,337.445052
5352,337.441624
5353,337.441436
5354,337.445081
5355,337.453298
5356,337.467028
5357,337.487477
5358,337.516162
5359,337.554888
5360,337.60542
5361,337.642146
5362,337.668365
5363,337.68622
5364,337.697221
5365,337.702467
5366,337.70276
5367,337.698681
5368,337.690626
5369,337.678841
5370,337.663435
5371,337.644386
5372,337.621541
5373,337.594591
5374,337.563015
5375,337.525938
5376,337.23134
5377,337.24727
5378,337.263769
5379,337.28087
5380,337.298607
5381,337.317021
5382,337.336154
5383,337.356048
5384,337.376733
5385,337.398227
5386,337.420512
5387,337.44353
5388,337.467148
5389,337.49115
5390,337.515205
5391,337.538871
5392,337.561614
5393,337.582866
5394,337.602103
5395,337.618896
5396,337.632925
5397,337.643974
5398,337.651908
5399,337.656661
5400,337.658219
5401,337.656613
5402,337.651921
5403,337.644274
5404,337.633872
5405,337.621004
5406,337.606067
5407,337.589575
5408,337.572149
5409,337.554465
5410,337.537182
5411,337.520895
5412,337.506108
5413,337.49326
5414,337.482742
5415,337.474943
5416,337.470279
5417,337.469241
5418,337.472425
5419,337.480586
5420,337.494679
5421,337.515914
5422,337.54578
5423,337.585997
5424,337.638159
5425,337.676422
5426,337.703962
5427,337.722861
5428,337.734622
5429,337.740361
5430,337.740911
5431,337.736876
5432,337.728679
5433,337.716577
5434,337.700687
5435,337.680985
5436,337.657307
5437,337.629326
5438,337.596503
5439,337.557929
5440,337.248236
5441,337.265195
5442,337.282822
5443,337.301161
5444,337.320266
5445,337.3402
5446,337.361033
5447,337.382841
5448,337.405694
5449,337.429651
5450,337.454744
5451,337.48095
5452,337.508164
5453,337.53616
5454,337.564549
5455,337.592751
5456,337.620017
5457,337.645532
5458,337.668567
5459,337.688567
5460,337.70515
5461,337.718083
5462,337.727237
5463,337.732557
5464,337.734036
5465,337.731709
5466,337.725648
5467,337.715978
5468,337.7029
5469,337.686726
5470,337.667916
5471,337.647119
5472,337.625161
5473,337.602974
5474,337.58144
5475,337.561292
5476,337.543109
5477,337.527344
5478,337.514377
5479,337.504571
5480,337.498316
5481,337.496077
5482,337.498436
5483,337.506133
5484,337.520112
5485,337.541562
5486,337.571935
5487,337.612878
5488,337.665884
5489,337.704966
5490,337.733224
5491,337.75269
5492,337.764846
5493,337.770809
5494,337.771421
5495,337.767302
5496,337.758884
5497,337.746436
5498,337.730075
5499,337.709777
5500,337.685372
5501,337.656523
5502,337.622676
5503,337.582908
5504,337.265188
5505,337.283189
5506,337.301966
5507,337.321579
5508,337.342102
5509,337.363628
5510,337.386263
5511,337.410124
5512,337.435338
5513,337.462027
5514,337.490292
5515,337.520184
5516,337.551662
5517,337.58453
5518,337.618351
5519,337.652374
5520,337.685517
5521,337.716532
5522,337.744387
5523,337.768377
5524,337.788081
5525,337.80328
5526,337.813881
5527,337.819862
5528,337.821236
5529,337.818039
5530,337.810329
5531,337.798202
5532,337.78183
5533,337.761511
5534,337.737753
5535,337.711356
5536,337.683458
5537,337.655423
5538,337.628471
5539,337.603515
5540,337.581182
5541,337.561905
5542,337.546008
5543,337.53379
5544,337.52558
5545,337.521793
5546,337.522966
5547,337.529806
5548,337.543227
5549,337.564386
5550,337.594694
5551,337.635744
5552,337.688962
5553,337.728282
5554,337.756749
5555,337.776358
5556,337.78857
5557,337.794496
5558,337.794979
5559,337.790644
5560,337.781928
5561,337.769101
5562,337.752284
5563,337.731451
5564,337.706427
5565,337.67687
5566,337.642216
5567,337.601536
5568,337.282169
5569,337.30122
5570,337.321164
5571,337.342078
5572,337.364062
5573,337.387241
5574,337.411764
5575,337.437805
5576,337.465559
5577,337.495236
5578,337.527041
5579,337.561148
5580,337.597643
5581,337.636435
5582,337.677109
5583,337.718732
5584,337.759694
5585,337.797909
5586,337.831894
5587,337.860814
5588,337.88428
5589,337.902159
5590,337.914446
5591,337.921184
5592,337.922423
5593,337.918201
5594,337.908545
5595,337.893489
5596,337.873121
5597,337.847659
5598,337.817583
5599,337.783828
5600,337.747985
5601,337.712259
5602,337.6784
5603,337.647504
5604,337.620183
5605,337.596764
5606,337.577449
5607,337.562419
5608,337.551902
5609,337.54623
5610,337.545874
5611,337.551488
5612,337.563942
5613,337.584352
5614,337.614092
5615,337.654715
5616,337.707607
5617,337.746663
5618,337.774891
5619,337.794258
5620,337.806211
5621,337.811851
5622,337.81202
5623,337.807339
5624,337.798246
5625,337.785011
5626,337.767754
5627,337.746446
5628,337.720911
5629,337.690802
5630,337.655553
5631,337.614228
5632,337.299146
5633,337.319252
5634,337.340373
5635,337.362607
5636,337.386081
5637,337.410956
5638,337.437433
5639,337.465752
5640,337.496194
5641,337.529081
5642,337.564762
5643,337.603595
5644,337.645889
5645,337.691799
5646,337.74111
5647,337.792829
5648,337.844573
5649,337.892337
5650,337.934073
5651,337.968982
5652,337.996879
5653,338.017844
5654,338.032039
5655,338.039618
5656,338.04069
5657,338.035293
5658,338.023403
5659,338.004947
5660,337.979849
5661,337.94812
5662,337.910041
5663,337.866514
5664,337.8197
5665,337.773721
5666,337.731099
5667,337.692989
5668,337.659806
5669,337.63163
5670,337.60844
5671,337.590232
5672,337.577088
5673,337.569224
5674,337.567022
5675,337.571066
5676,337.58217
5677,337.601408
5678,337.630117
5679,337.669826
5680,337.721898
5681,337.760231
5682,337.787802
5683,337.806566
5684,337.817958
5685,337.823073
5686,337.822745
5687,337.817592
5688,337.808045
5689,337.794374
5690,337.776693
5691,337.754973
5692,337.729035
5693,337.698531
5694,337.662894
5695,337.621184
5696,337.316087
5697,337.337248
5698,337.35955
5699,337.383109
5700,337.408084
5701,337.434678
5702,337.463145
5703,337.493801
5704,337.527027
5705,337.563278
5706,337.603088
5707,337.64706
5708,337.695847
5709,337.750064
5710,337.810063
5711,337.875321
5712,337.942831
5713,338.003307
5714,338.05461
5715,338.096541
5716,338.129461
5717,338.153843
5718,338.170115
5719,338.178593
5720,338.17946
5721,338.17276
5722,338.158394
5723,338.136134
5724,338.105643
5725,338.066543
5726,338.018572
5727,337.96204
5728,337.899209
5729,337.839466
5730,337.785955
5731,337.739362
5732,337.699531
5733,337.666081
5734,337.638644
5735,337.61696
5736,337.600922
5737,337.590601
5738,337.58627
5739,337.588427
5740,337.59782
5741,337.615478
5742,337.642707
5743,337.681024
5744,337.731792
5745,337.768947
5746,337.79545
5747,337.813254
5748,337.823789
5749,337.828143
5750,337.82714
5751,337.82139
5752,337.811317
5753,337.797181
5754,337.779095
5755,337.757026
5756,337.730794
5757,337.700052
5758,337.664235
5759,337.622402
5760,337.332962
5761,337.355173
5762,337.378648
5763,337.403527
5764,337.429997
5765,337.458304
5766,337.488762
5767,337.521763
5768,337.557798
5769,337.597469
5770,337.641517
5771,337.690842
5772,337.746534
5773,337.809887
5774,337.882347
5775,337.965212
5776,338.058174
5777,338.135005
5778,338.197397
5779,338.24705
5780,338.285335
5781,338.313303
5782,338.331723
5783,338.341107
5784,338.34173
5785,338.333638
5786,338.316646
5787,338.290335
5788,338.25403
5789,338.206778
5790,338.147315
5791,338.074058
5792,337.985467
5793,337.907822
5794,337.841571
5795,337.785583
5796,337.738602
5797,337.699563
5798,337.667651
5799,337.642297
5800,337.623173
5801,337.610186
5802,337.603481
5803,337.603458
5804,337.610793
5805,337.626463
5806,337.65175
5807,337.688171
5808,337.737121
5809,337.772616
5810,337.797621
5811,337.814095
5812,337.82347
5813,337.826825
5814,337.824971
5815,337.818503
5816,337.807832
5817,337.793209
5818,337.774738
5819,337.752385
5820,337.725969
5821,337.695149
5822,337.659363
5823,337.617675
5824,337.349746
5825,337.372997
5826,337.397631
5827,337.423808
5828,337.451746
5829,337.481733
5830,337.514139
5831,337.549437
5832,337.588224
5833,337.63125
5834,337.679463
5835,337.734062
5836,337.796584
5837,337.869026
5838,337.954054
5839,338.055394
5840,338.17874
5841,338.272687
5842,338.346161
5843,338.403403
5844,338.446918
5845,338.478354
5846,338.498829
5847,338.509052
5848,338.50939
5849,338.499891
5850,338.480286
5851,338.449961
5852,338.4079
5853,338.352552
5854,338.281523
5855,338.190696
5856,338.071325
5857,337.974825
5858,337.895646
5859,337.830225
5860,337.776081
5861,337.731433
5862,337.695007
5863,337.665919
5864,337.643609
5865,337.62781
5866,337.618531
5867,337.616064
5868,337.620999
5869,337.634255
5870,337.657092
5871,337.691048
5872,337.737587
5873,337.770874
5874,337.793898
5875,337.808644
5876,337.816542
5877,337.818656
5878,337.815776
5879,337.808473
5880,337.797137
5881,337.782005
5882,337.763172
5883,337.740601
5884,337.714115
5885,337.683379
5886,337.647843
5887,337.606582
5888,337.36642
5889,337.390697
5890,337.416467
5891,337.443908
5892,337.473268
5893,337.504873
5894,337.539146
5895,337.576634
5896,337.618031
5897,337.664224
5898,337.716342
5899,337.77584
5900,337.844605
5901,337.925119
5902,338.020686
5903,338.135671
5904,338.275363
5905,338.382041
5906,338.464792
5907,338.528679
5908,338.576848
5909,338.611381
5910,338.633672
5911,338.644598
5912,338.644605
5913,338.633745
5914,338.611675
5915,338.577621
5916,338.530293
5917,338.467713
5918,338.386848
5919,338.282757
5920,338.146527
5921,338.03591
5922,337.945746
5923,337.871827
5924,337.811022
5925,337.761052
5926,337.720271
5927,337.687515
5928,337.662015
5929,337.64333
5930,337.631328
5931,337.626179
5932,337.628374
5933,337.638757
5934,337.658558
5935,337.689355
5936,337.732745
5937,337.763148
5938,337.783629
5939,337.796202
5940,337.802289
5941,337.80292
5942,337.798843
5943,337.790594
5944,337.778533
5945,337.762875
5946,337.743704
5947,337.720982
5948,337.694537
5949,337.66405
5950,337.628991
5951,337.588462
5952,337.382981
5953,337.408266
5954,337.435141
5955,337.463802
5956,337.494519
5957,337.527653
5958,337.563676
5959,337.603195
5960,337.646989
5961,337.696056
5962,337.751672
5963,337.815477
5964,337.889593
5965,337.976765
5966,338.080523
5967,338.205205
5968,338.355297
5969,338.471007
5970,338.56092
5971,338.630201
5972,338.682247
5973,338.719378
5974,338.743171
5975,338.754624
5976,338.754244
5977,338.742087
5978,338.717756
5979,338.680363
5980,338.628444
5981,338.559786
5982,338.471106
5983,338.357365
5984,338.210137
5985,338.089265
5986,337.990385
5987,337.909305
5988,337.842654
5989,337.787871
5990,337.743053
5991,337.706822
5992,337.678219
5993,337.656646
5994,337.641827
5995,337.633797
5996,337.632921
5997,337.639931
5998,337.655991
5999,337.68272
6000,337.721953
6001,337.748592
6002,337.765849
6003,337.775758
6004,337.779688
6005,337.778597
6006,337.773166
6007,337.763872
6008,337.751033
6009,337.734838
6010,337.715357
6011,337.692548
6012,337.666252
6013,337.636175
6014,337.601825
6015,337.562352
6016,337.399438
6017,337.425712
6018,337.453657
6019,337.483482
6020,337.515479
6021,337.550035
6022,337.587659
6023,337.62901
6024,337.674933
6025,337.726508
6026,337.785118
6027,337.852529
6028,337.930997
6029,338.023387
6030,338.133267
6031,338.264808
6032,338.421962
6033,338.544014
6034,338.639198
6035,338.71259
6036,338.767645
6037,338.806793
6038,338.831715
6039,338.843484
6040,338.842651
6041,338.829276
6042,338.80293
6043,338.762657
6044,338.706895
6045,338.633331
6046,338.538627
6047,338.41783
6048,338.262855
6049,338.134483
6050,338.02888
6051,337.942006
6052,337.870439
6053,337.811479
6054,337.763058
6055,337.723636
6056,337.692103
6057,337.667716
6058,337.650052
6059,337.638998
6060,337.634751
6061,337.637866
6062,337.649341
6063,337.670745
6064,337.704266
6065,337.725925
6066,337.739145
6067,337.745867
6068,337.747306
6069,337.74428
6070,337.737359
6071,337.72694
6072,337.713287
6073,337.696551
6074,337.676786
6075,337.653948
6076,337.627898
6077,337.598377
6078,337.564957
6079,337.526881
6080,337.415823
6081,337.443065
6082,337.472042
6083,337.502972
6084,337.536161
6085,337.572017
6086,337.611076
6087,337.654032
6088,337.701778
6089,337.755453
6090,337.816508
6091,337.886786
6092,337.968614
6093,338.064901
6094,338.179186
6095,338.31549
6096,338.477449
6097,338.603845
6098,338.702711
6099,338.77902
6100,338.836216
6101,338.876768
6102,338.902409
6103,338.914259
6104,338.912897
6105,338.898388
6106,338.870288
6107,338.827605
6108,338.768734
6109,338.691332
6110,338.592077
6111,338.466117
6112,338.305561
6113,338.171701
6114,338.061015
6115,337.969604
6116,337.894057
6117,337.831606
6118,337.780083
6119,337.73783
6120,337.703614
6121,337.676561
6122,337.656108
6123,337.641974
6124,337.634148
6125,337.632906
6126,337.638872
6127,337.653189
6128,337.678088
6129,337.693072
6130,337.701363
6131,337.704415
6132,337.703086
6133,337.69796
6134,337.689452
6135,337.677854
6136,337.663364
6137,337.64609
6138,337.626067
6139,337.603251
6140,337.577522
6141,337.548668
6142,337.516354
6143,337.479995
6144,337.432186
6145,337.460379
6146,337.490351
6147,337.522326
6148,337.556618
6149,337.593646
6150,337.633962
6151,337.678282
6152,337.727528
6153,337.782874
6154,337.845812
6155,337.918225
6156,338.002475
6157,338.101478
6158,338.218737
6159,338.358164
6160,338.523216
6161,338.652384
6162,338.753594
6163,338.83174
6164,338.890243
6165,338.931583
6166,338.957518
6167,338.969196
6168,338.967215
6169,338.951649
6170,338.922046
6171,338.877404
6172,338.816103
6173,338.735798
6174,338.6332
6175,338.503535
6176,338.339006
6177,338.20121
6178,338.086801
6179,337.991976
6180,337.913342
6181,337.8481
6182,337.794015
6183,337.749344
6184,337.712755
6185,337.683264
6186,337.660175
6187,337.643037
6188,337.631608
6189,337.625808
6190,337.62562
6191,337.630812
6192,337.639906
6193,337.646285
6194,337.648972
6195,337.648044
6196,337.643777
6197,337.636448
6198,337.626289
6199,337.613478
6200,337.598137
6201,337.580331
6202,337.560072
6203,337.537316
6204,337.511959
6205,337.483836
6206,337.452699
6207,337.418206
6208,337.448605
6209,337.477737
6210,337.508672
6211,337.541637
6212,337.576945
6213,337.615019
6214,337.656415
6215,337.701857
6216,337.752276
6217,337.808863
6218,337.873127
6219,337.946969
6220,338.03276
6221,338.133415
6222,338.252408
6223,338.393589
6224,338.560323
6225,338.690945
6226,338.793326
6227,338.872321
6228,338.931335
6229,338.972851
6230,338.998644
6231,339.009882
6232,339.007177
6233,338.990612
6234,338.959741
6235,338.913556
6236,338.85044
6237,338.768055
6238,338.663136
6239,338.530954
6240,338.36375
6241,338.223294
6242,338.10633
6243,338.009102
6244,337.928231
6245,337.860894
6246,337.80481
6247,337.758175
6248,337.719582
6249,337.687954
6250,337.662482
6251,337.642571
6252,337.627782
6253,337.617753
6254,337.612072
6255,337.610018
6256,337.610087
6257,337.609558
6258,337.607176
6259,337.602496
6260,337.595413
6261,337.58596
6262,337.574209
6263,337.560231
6264,337.544077
6265,337.525772
6266,337.505308
6267,337.48264
6268,337.457688
6269,337.430336
6270,337.400434
6271,337.367817
6272,337.465186
6273,337.495251
6274,337.527128
6275,337.561038
6276,337.597289
6277,337.636294
6278,337.678604
6279,337.724932
6280,337.776207
6281,337.833614
6282,337.89866
6283,337.973248
6284,338.059747
6285,338.161065
6286,338.280664
6287,338.422375
6288,338.589532
6289,338.720419
6290,338.822892
6291,338.901798
6292,338.960543
6293,339.001621
6294,339.026823
6295,339.037333
6296,339.033779
6297,339.016255
6298,338.984322
6299,338.936979
6300,338.872612
6301,338.78889
6302,338.682557
6303,338.548897
6304,338.380152
6305,338.238162
6306,338.119695
6307,338.021009
6308,337.938717
6309,337.869977
6310,337.812475
6311,337.764362
6312,337.724178
6313,337.690776
6314,337.663264
6315,337.640937
6316,337.623222
6317,337.60959
6318,337.599462
6319,337.592051
6320,337.586219
6321,337.580527
6322,337.573987
6323,337.566051
6324,337.556448
6325,337.54506
6326,337.531843
6327,337.516785
6328,337.499883
6329,337.481124
6330,337.460484
6331,337.43792
6332,337.413372
6333,337.386763
6334,337.358015
6335,337.327059
6336,337.482064
6337,337.513069
6338,337.54588
6339,337.580709
6340,337.617848
6341,337.657693
6342,337.70077
6343,337.747772
6344,337.799602
6345,337.857425
6346,337.922729
6347,337.997398
6348,338.083791
6349,338.184813
6350,338.303932
6351,338.444993
6352,338.611358
6353,338.741356
6354,338.84286
6355,338.920741
6356,338.978427
6357,339.018435
6358,339.042572
6359,339.052041
6360,339.047486
6361,339.029017
6362,338.996207
6363,338.948065
6364,338.882982
6365,338.798628
6366,338.691739
6367,338.557582
6368,338.388365
6369,338.24591
6370,338.126954
6371,338.02773
6372,337.944826
6373,337.87538
6374,337.817054
6375,337.767975
6376,337.726646
6377,337.691879
6378,337.662726
6379,337.638416
6380,337.618296
6381,337.601763
6382,337.58819
6383,337.576854
6384,337.566893
6385,337.557382
6386,337.547574
6387,337.536957
6388,337.525208
6389,337.512136
6390,337.497625
6391,337.481609
6392,337.464041
6393,337.444883
6394,337.424096
6395,337.40164
6396,337.377467
6397,337.351532
6398,337.323797
6399,337.294244
6400,337.499403
6401,337.53137
6402,337.56513
6403,337.600879
6404,337.638884
6405,337.679508
6406,337.723242
6407,337.770737
6408,337.822853
6409,337.880712
6410,337.945764
6411,338.019859
6412,338.105332
6413,338.205083
6414,338.322602
6415,338.46179
6416,338.626097
6417,338.753999
6418,338.853422
6419,338.929294
6420,338.985089
6421,339.023352
6422,339.045913
6423,339.053993
6424,339.048254
6425,339.028826
6426,338.9953
6427,338.946701
6428,338.881429
6429,338.797151
6430,338.690577
6431,338.556927
6432,338.38834
6433,338.246518
6434,338.128114
6435,338.029291
6436,337.946602
6437,337.877161
6438,337.818623
6439,337.769104
6440,337.727098
6441,337.691399
6442,337.661035
6443,337.635203
6444,337.613215
6445,337.594446
6446,337.578281
6447,337.564076
6448,337.551147
6449,337.538817
6450,337.526502
6451,337.513753
6452,337.500249
6453,337.485769
6454,337.470162
6455,337.453327
6456,337.435188
6457,337.41569
6458,337.394785
6459,337.372432
6460,337.348594
6461,337.323244
6462,337.296366
6463,337.267968
6464,337.517399
6465,337.550369
6466,337.585123
6467,337.62183
6468,337.660723
6469,337.702117
6470,337.746445
6471,337.7943
6472,337.846475
6473,337.904027
6474,337.96834
6475,338.041206
6476,338.124919
6477,338.222364
6478,338.337063
6479,338.473015
6480,338.633838
6481,338.758287
6482,338.854392
6483,338.927176
6484,338.980169
6485,339.015949
6486,339.036368
6487,339.042663
6488,339.035516
6489,339.015082
6490,338.980978
6491,338.932257
6492,338.867337
6493,338.783884
6494,338.678576
6495,338.546546
6496,338.379819
6497,338.239853
6498,338.123134
6499,338.02572
6500,337.944112
6501,337.875412
6502,337.817285
6503,337.767863
6504,337.725655
6505,337.689466
6506,337.658324
6507,337.631426
6508,337.608082
6509,337.587674
6510,337.56962
6511,337.553346
6512,337.538284
6513,337.523893
6514,337.509697
6515,337.495305
6516,337.480416
6517,337.464805
6518,337.448305
6519,337.430797
6520,337.412189
6521,337.392414
6522,337.371419
6523,337.349162
6524,337.325613
6525,337.300754
6526,337.274583
6527,337.247118
6528,337.536272
6529,337.570314
6530,337.606145
6531,337.643902
6532,337.683766
6533,337.725986
6534,337.770918
6535,337.819068
6536,337.871138
6537,337.928087
6538,337.991205
6539,338.062192
6540,338.143264
6541,338.237265
6542,338.347743
6543,338.478839
6544,338.634455
6545,338.75383
6546,338.845176
6547,338.913641
6548,338.962813
6549,338.995291
6550,339.012933
6551,339.016987
6552,339.008157
6553,338.986627
6554,338.952055
6555,338.903538
6556,338.839539
6557,338.757741
6558,338.654792
6559,338.525716
6560,338.362336
6561,338.225682
6562,338.111957
6563,338.017066
6564,337.937463
6565,337.870265
6566,337.813179
6567,337.764389
6568,337.722449
6569,337.686202
6570,337.654704
6571,337.627174
6572,337.602943
6573,337.581419
6574,337.562057
6575,337.544342
6576,337.527784
6577,337.511928
6578,337.496366
6579,337.480757
6580,337.464821
6581,337.448341
6582,337.431147
6583,337.413112
6584,337.394138
6585,337.37415
6586,337.353093
6587,337.330925
6588,337.307619
6589,337.283163
6590,337.25756
6591,337.230833
6592,337.556264
6593,337.591479
6594,337.628524
6595,337.667491
6596,337.708492
6597,337.751689
6598,337.797332
6599,337.845808
6600,337.897694
6601,337.953821
6602,338.015341
6603,338.083817
6604,338.161329
6605,338.250615
6606,338.355206
6607,338.479401
6608,338.627571
6609,338.739825
6610,338.824679
6611,338.887406
6612,338.931612
6613,338.95987
6614,338.974018
6615,338.975303
6616,338.964447
6617,338.941672
6618,338.906697
6619,338.858694
6620,338.796208
6621,338.716997
6622,338.617726
6623,338.493302
6624,338.335224
6625,338.203734
6626,338.094568
6627,338.003453
6628,337.926837
6629,337.861915
6630,337.806493
6631,337.758852
6632,337.71763
6633,337.681734
6634,337.650276
6635,337.622515
6636,337.597821
6637,337.575635
6638,337.555455
6639,337.536812
6640,337.519271
6641,337.502432
6642,337.485937
6643,337.469479
6644,337.4528
6645,337.435694
6646,337.417995
6647,337.399576
6648,337.380335
6649,337.360198
6650,337.339107
6651,337.317021
6652,337.293916
6653,337.26978
6654,337.244621
6655,337.218461
6656,337.577626
6657,337.614157
6658,337.652619
6659,337.69305
6660,337.735471
6661,337.779924
6662,337.826516
6663,337.875477
6664,337.927223
6665,337.982416
6666,338.042026
6667,338.107416
6668,338.180445
6669,338.263626
6670,338.360321
6671,338.474908
6672,338.612446
6673,338.714874
6674,338.791135
6675,338.846508
6676,338.884476
6677,338.907496
6678,338.917341
6679,338.915235
6680,338.901921
6681,338.877672
6682,338.842287
6683,338.795055
6684,338.734671
6685,338.659071
6686,338.565079
6687,338.447598
6688,338.297652
6689,338.173818
6690,338.071114
6691,337.985161
6692,337.912543
6693,337.850651
6694,337.797478
6695,337.751463
6696,337.711368
6697,337.676198
6698,337.645139
6699,337.617512
6700,337.592731
6701,337.570285
6702,337.549707
6703,337.53057
6704,337.512477
6705,337.495065
6706,337.478009
6707,337.461026
6708,337.443878
6709,337.426369
6710,337.408343
6711,337.389674
6712,337.370264
6713,337.350039
6714,337.328942
6715,337.306934
6716,337.283989
6717,337.2601
6718,337.235272
6719,337.209527
6720,337.6006
6721,337.638639
6722,337.678812
6723,337.721086
6724,337.765363
6725,337.811525
6726,337.859485
6727,337.909267
6728,337.961081
6729,338.015379
6730,338.072909
6731,338.134766
6732,338.20248
6733,338.278141
6734,338.364619
6735,338.465909
6736,338.587621
6737,338.676572
6738,338.741786
6739,338.788046
6740,338.81841
6741,338.835076
6742,338.839692
6743,338.833454
6744,338.817129
6745,338.791059
6746,338.755146
6747,338.708836
6748,338.651059
6749,338.580093
6750,338.493229
6751,338.385862
6752,338.248839
6753,338.136124
6754,338.042106
6755,337.962739
6756,337.895067
6757,337.836874
6758,337.786456
6759,337.742474
6760,337.703859
6761,337.66974
6762,337.639398
6763,337.612226
6764,337.587697
6765,337.565344
6766,337.544742
6767,337.525494
6768,337.50723
6769,337.489608
6770,337.472323
6771,337.455108
6772,337.43774
6773,337.420036
6774,337.401847
6775,337.383056
6776,337.363569
6777,337.343315
6778,337.322241
6779,337.300306
6780,337.277488
6781,337.253777
6782,337.229178
6783,337.203711
6784,337.625392
6785,337.665193
6786,337.707482
6787,337.752142
6788,337.798926
6789,337.847491
6790,337.897484
6791,337.948653
6792,338.000953
6793,338.054596
6794,338.110076
6795,338.168181
6796,338.230008
6797,338.297004
6798,338.371018
6799,338.454351
6800,338.549645
6801,338.620573
6802,338.672252
6803,338.707666
6804,338.729003
6805,338.738059
6806,338.736341
6807,338.725039
6808,338.704973
6809,338.676565
6810,338.639839
6811,338.594423
6812,338.539549
6813,338.474008
6814,338.396014
6815,338.302768
6816,338.188991
6817,338.091885
6818,338.008727
6819,337.937124
6820,337.875115
6821,337.821109
6822,337.773816
6823,337.732176
6824,337.695318
6825,337.662516
6826,337.63316
6827,337.606723
6828,337.582746
6829,337.560809
6830,337.540525
6831,337.521521
6832,337.503441
6833,337.485949
6834,337.468745
6835,337.451572
6836,337.434218
6837,337.416511
6838,337.398315
6839,337.37952
6840,337.360043
6841,337.339817
6842,337.318792
6843,337.29693
6844,337.274206
6845,337.250611
6846,337.226145
6847,337.200827
6848,337.652132
6849,337.694016
6850,337.738967
6851,337.786777
6852,337.837009
6853,337.889013
6854,337.942041
6855,337.995462
6856,338.048923
6857,338.102387
6858,338.156102
6859,338.210552
6860,338.266394
6861,338.324357
6862,338.385031
6863,338.448239
6864,338.511081
6865,338.561698
6866,338.598351
6867,338.621552
6868,338.632464
6869,338.632492
6870,338.62309
6871,338.605539
6872,338.58077
6873,338.549303
6874,338.511267
6875,338.46646
6876,338.414412
6877,338.354466
6878,338.285926
6879,338.208506
6880,338.123998
6881,338.044557
6882,337.973079
6883,337.909655
6884,337.853578
6885,337.803973
6886,337.759994
6887,337.72088
6888,337.685968
6889,337.654683
6890,337.626529
6891,337.601068
6892,337.577909
6893,337.556688
6894,337.53705
6895,337.518641
6896,337.5011
6897,337.484076
6898,337.467259
6899,337.450393
6900,337.433274
6901,337.415746
6902,337.397686
6903,337.379001
6904,337.359615
6905,337.33947
6906,337.31852
6907,337.29673
6908,337.274074
6909,337.250537
6910,337.226115
6911,337.20082
6912,337.680813
6913,337.725176
6914,337.773497
6915,337.825502
6916,337.880536
6917,337.937513
6918,337.995051
6919,338.05197
6920,338.107561
6921,338.161565
6922,338.214053
6923,338.265288
6924,338.315592
6925,338.365194
6926,338.413967
6927,338.460949
6928,338.503528
6929,338.5369
6930,338.558988
6931,338.56941
6932,338.568758
6933,338.558291
6934,338.53968
6935,338.514519
6936,338.483935
6937,338.448536
6938,338.408506
6939,338.36373
6940,338.313936
6941,338.258831
6942,338.198337
6943,338.133024
6944,338.06498
6945,337.999023
6946,337.937683
6947,337.881805
6948,337.831393
6949,337.786093
6950,337.745426
6951,337.708894
6952,337.676024
6953,337.646388
6954,337.6196
6955,337.595314
6956,337.573214
6957,337.552991
6958,337.534331
6959,337.516888
6960,337.500274
6961,337.484082
6962,337.467968
6963,337.451671
6964,337.435003
6965,337.417825
6966,337.400037
6967,337.381564
6968,337.362345
6969,337.342331
6970,337.321483
6971,337.299766
6972,337.277153
6973,337.253622
6974,337.229159
6975,337.203766
6976,337.711228
6977,337.758522
6978,337.811087
6979,337.868669
6980,337.930439
6981,337.994697
6982,338.058915
6983,338.121048
6984,338.180029
6985,338.2355
6986,338.287492
6987,338.33619
6988,338.381755
6989,338.424169
6990,338.463039
6991,338.497345
6992,338.525224
6993,338.544191
6994,338.55262
6995,338.549894
6996,338.53636
6997,338.513424
6998,338.483527
6999,338.448994
7000,338.411244
7001,338.370894
7002,338.32805
7003,338.28255
7004,338.234153
7005,338.182691
7006,338.128264
7007,338.071491
7008,338.013809
7009,337.957487
7010,337.904172
7011,337.854701
7012,337.809338
7013,337.768013
7014,337.730497
7015,337.696489
7016,337.665676
7017,337.637755
7018,337.612447
7019,337.589497
7020,337.568665
7021,337.549716
7022,337.532383
7023,337.516333
7024,337.501114
7025,337.486173
7026,337.471103
7027,337.455643
7028,337.439631
7029,337.422964
7030,337.405572
7031,337.387404
7032,337.36842
7033,337.348583
7034,337.327862
7035,337.306223
7036,337.283634
7037,337.260064
7038,337.235483
7039,337.209868
7040,337.742888
7041,337.793576
7042,337.85136
7043,337.916234
7044,337.987453
7045,338.062629
7046,338.136756
7047,338.206348
7048,338.270197
7049,338.328156
7050,338.380458
7051,338.427393
7052,338.469131
7053,338.505603
7054,338.536377
7055,338.560558
7056,338.576757
7057,338.583308
7058,338.578808
7059,338.562413
7060,338.534149
7061,338.495656
7062,338.451376
7063,338.405179
7064,338.358712
7065,338.312334
7066,338.265834
7067,338.218815
7068,338.170893
7069,338.121828
7070,338.071642
7071,338.020735
7072,337.969954
7073,337.92047
7074,337.873277
7075,337.829002
7076,337.787937
7077,337.750135
7078,337.715505
7079,337.683882
7080,337.655072
7081,337.628878
7082,337.605114
7083,337.583615
7084,337.564231
7085,337.546813
7086,337.531182
7087,337.517051
7088,337.503873
7089,337.490702
7090,337.477047
7091,337.462685
7092,337.44752
7093,337.431505
7094,337.414615
7095,337.396835
7096,337.378146
7097,337.358529
7098,337.337958
7099,337.316404
7100,337.29383
7101,337.270189
7102,337.245425
7103,337.219475
7104,337.77498
7105,337.829422
7106,337.893297
7107,337.967265
7108,338.051498
7109,338.143802
7110,338.232779
7111,338.312462
7112,338.382612
7113,338.443969
7114,338.497305
7115,338.543202
7116,338.581975
7117,338.61362
7118,338.637764
7119,338.653632
7120,338.660058
7121,338.6556
7122,338.638744
7123,338.608067
7124,338.562555
7125,338.503024
7126,338.439495
7127,338.378877
7128,338.32219
7129,338.268863
7130,338.218007
7131,338.168781
7132,338.120513
7133,338.072761
7134,338.025351
7135,337.978405
7136,337.932333
7137,337.887723
7138,337.845135
7139,337.804975
7140,337.767472
7141,337.732703
7142,337.700647
7143,337.67122
7144,337.644312
7145,337.619809
7146,337.597608
7147,337.577629
7148,337.559818
7149,337.544146
7150,337.530586
7151,337.519029
7152,337.508962
7153,337.498205
7154,337.486335
7155,337.473302
7156,337.459139
7157,337.443888
7158,337.427587
7159,337.410259
7160,337.391915
7161,337.372553
7162,337.352158
7163,337.330701
7164,337.308142
7165,337.284418
7166,337.259441
7167,337.233073
7168,337.806389
7169,337.864685
7170,337.935003
7171,338.0191
7172,338.119655
7173,338.24107
7174,338.35277
7175,338.44457
7176,338.521784
7177,338.587031
7178,338.641877
7179,338.687303
7180,338.723832
7181,338.751584
7182,338.770271
7183,338.779197
7184,338.777268
7185,338.763016
7186,338.734596
7187,338.689635
7188,338.624616
7189,338.532602
7190,338.442261
7191,338.365048
7192,338.297374
7193,338.236687
7194,338.181102
7195,338.129209
7196,338.079979
7197,338.032705
7198,337.986977
7199,337.942652
7200,337.899817
7201,337.858699
7202,337.819563
7203,337.782627
7204,337.748029
7205,337.715829
7206,337.686028
7207,337.658585
7208,337.633448
7209,337.610565
7210,337.589901
7211,337.571454
7212,337.555267
7213,337.541445
7214,337.530186
7215,337.521842
7216,337.517119
7217,337.509422
7218,337.499589
7219,337.488017
7220,337.474945
7221,337.460529
7222,337.444873
7223,337.428045
7224,337.410084
7225,337.391006
7226,337.370807
7227,337.349463
7228,337.326931
7229,337.303142
7230,337.277984
7231,337.251233
7232,337.835876
7233,337.897746
7234,337.973911
7235,338.066726
7236,338.179635
7237,338.317093
7238,338.442873
7239,338.544447
7240,338.627964
7241,338.696891
7242,338.753345
7243,338.798638
7244,338.8335
7245,338.858172
7246,338.872448
7247,338.875683
7248,338.866787
7249,338.844198
7250,338.805785
7251,338.748583
7252,338.668111
7253,338.556712
7254,338.448406
7255,338.35754
7256,338.279979
7257,338.212343
7258,338.152097
7259,338.097371
7260,338.046803
7261,337.999429
7262,337.954613
7263,337.911981
7264,337.871373
7265,337.83277
7266,337.796225
7267,337.761807
7268,337.729566
7269,337.699524
7270,337.671676
7271,337.646006
7272,337.622493
7273,337.601131
7274,337.58194
7275,337.56498
7276,337.550373
7277,337.538327
7278,337.529172
7279,337.523415
7280,337.52177
7281,337.516496
7282,337.508487
7283,337.4983
7284,337.486295
7285,337.472711
7286,337.457708
7287,337.441393
7288,337.423831
7289,337.405053
7290,337.385065
7291,337.363845
7292,337.341343
7293,337.317479
7294,337.292108
7295,337.264936
7296,337.862344
7297,337.927277
7298,338.008266
7299,338.107864
7300,338.229543
7301,338.377088
7302,338.512129
7303,338.620923
7304,338.709501
7305,338.781558
7306,338.839478
7307,338.884784
7308,338.918354
7309,338.940534
7310,338.951184
7311,338.949692
7312,338.934963
7313,338.905365
7314,338.85861
7315,338.7915
7316,338.699367
7317,338.574845
7318,338.453906
7319,338.352488
7320,338.266719
7321,338.193007
7322,338.128497
7323,338.071019
7324,338.018961
7325,337.971143
7326,337.926731
7327,337.885163
7328,337.84609
7329,337.809313
7330,337.774729
7331,337.742287
7332,337.71196
7333,337.683725
7334,337.657565
7335,337.633465
7336,337.611427
7337,337.591474
7338,337.573663
7339,337.558104
7340,337.544972
7341,337.534538
7342,337.527192
7343,337.523464
7344,337.523965
7345,337.520572
7346,337.514114
7347,337.505178
7348,337.494178
7349,337.481401
7350,337.467048
7351,337.451253
7352,337.434102
7353,337.41564
7354,337.395878
7355,337.374796
7356,337.352341
7357,337.328417
7358,337.302855
7359,337.275322
7360,337.884984
7361,337.952391
7362,338.037132
7363,338.141772
7364,338.269611
7365,338.423895
7366,338.565223
7367,338.679193
7368,338.771592
7369,338.846109
7370,338.905216
7371,338.950541
7372,338.98306
7373,339.003189
7374,339.010841
7375,339.005431
7376,338.985867
7377,338.950489
7378,338.89696
7379,338.822043
7380,338.721139
7381,338.587192
7382,338.457078
7383,338.347628
7384,338.255303
7385,338.176529
7386,338.108326
7387,338.048355
7388,337.99483
7389,337.946408
7390,337.902098
7391,337.861189
7392,337.823187
7393,337.787756
7394,337.754676
7395,337.723804
7396,337.695044
7397,337.668332
7398,337.64363
7399,337.62092
7400,337.600213
7401,337.581549
7402,337.565013
7403,337.550746
7404,337.538957
7405,337.529952
7406,337.524141
7407,337.522045
7408,337.524197
7409,337.522306
7410,337.517153
7411,337.509324
7412,337.499247
7413,337.487237
7414,337.473515
7415,337.458238
7416,337.441505
7417,337.423372
7418,337.403854
7419,337.382932
7420,337.360547
7421,337.336595
7422,337.31089
7423,337.28308
7424,337.903278
7425,337.972585
7426,338.06012
7427,338.168394
7428,338.300526
7429,338.459398
7430,338.605026
7431,338.722625
7432,338.817779
7433,338.894099
7434,338.954062
7435,338.999338
7436,339.030952
7437,339.049371
7438,339.054542
7439,339.045909
7440,339.02239
7441,338.982335
7442,338.923414
7443,338.842434
7444,338.734921
7445,338.594034
7446,338.457144
7447,338.341617
7448,338.244178
7449,338.161333
7450,338.09007
7451,338.027964
7452,337.973117
7453,337.92407
7454,337.879715
7455,337.839226
7456,337.801996
7457,337.767589
7458,337.735693
7459,337.706092
7460,337.678634
7461,337.653219
7462,337.629785
7463,337.608308
7464,337.588799
7465,337.57131
7466,337.555941
7467,337.542851
7468,337.532272
7469,337.524524
7470,337.520024
7471,337.519277
7472,337.522768
7473,337.522112
7474,337.518069
7475,337.511213
7476,337.501976
7477,337.490683
7478,337.477569
7479,337.462802
7480,337.44649
7481,337.428697
7482,337.409441
7483,337.388702
7484,337.366419
7485,337.342478
7486,337.316688
7487,337.288684
7488,337.916942
7489,337.987625
7490,338.077144
7491,338.187946
7492,338.323006
7493,338.484969
7494,338.633491
7495,338.753551
7496,338.850586
7497,338.928124
7498,338.988614
7499,339.033734
7500,339.064533
7501,339.081506
7502,339.084628
7503,339.073366
7504,339.046662
7505,339.002886
7506,338.939747
7507,338.85412
7508,338.741643
7509,338.595617
7510,338.453712
7511,338.333633
7512,338.232292
7513,338.146278
7514,338.072586
7515,338.00875
7516,337.952806
7517,337.903213
7518,337.858779
7519,337.818591
7520,337.781959
7521,337.748369
7522,337.717441
7523,337.688899
7524,337.662548
7525,337.638255
7526,337.615938
7527,337.595561
7528,337.577134
7529,337.560713
7530,337.546406
7531,337.534384
7532,337.524889
7533,337.518249
7534,337.514881
7535,337.515275
7536,337.519889
7537,337.520276
7538,337.517189
7539,337.511194
7540,337.50272
7541,337.492094
7542,337.479561
7543,337.465292
7544,337.449404
7545,337.431962
7546,337.412987
7547,337.392458
7548,337.37031
7549,337.346427
7550,337.320609
7551,337.292487
7552,337.925854
7553,337.997445
7554,338.088272
7555,338.200728
7556,338.337685
7557,338.501634
7558,338.652004
7559,338.773626
7560,338.871833
7561,338.950086
7562,339.010798
7563,339.055643
7564,339.085678
7565,339.101415
7566,339.10285
7567,339.08947
7568,339.060242
7569,339.013567
7570,338.947196
7571,338.858069
7572,338.741914
7573,338.592123
7574,338.446557
7575,338.323141
7576,338.218914
7577,338.130533
7578,338.055014
7579,337.989871
7580,337.933101
7581,337.883109
7582,337.838643
7583,337.798728
7584,337.762611
7585,337.729719
7586,337.699622
7587,337.671997
7588,337.646614
7589,337.623312
7590,337.601992
7591,337.582608
7592,337.565164
7593,337.549715
7594,337.536376
7595,337.525322
7596,337.516801
7597,337.511142
7598,337.508761
7599,337.510139
7600,337.515716
7601,337.517002
7602,337.514751
7603,337.509522
7604,337.501743
7605,337.491741
7606,337.479762
7607,337.465982
7608,337.450519
7609,337.43344
7610,337.414767
7611,337.394476
7612,337.372501
7613,337.348719
7614,337.32293
7615,337.29476
7616,337.929988
7617,338.002068
7618,338.093631
7619,338.207031
7620,338.345071
7621,338.51015
7622,338.661554
7623,338.784022
7624,338.882819
7625,338.961354
7626,339.022015
7627,339.066463
7628,339.09576
7629,339.110429
7630,339.110479
7631,339.09542
7632,339.064239
7633,339.015366
7634,338.946593
7635,338.854913
7636,338.73612
7637,338.583662
7638,338.43552
7639,338.309765
7640,338.203519
7641,338.113488
7642,338.036704
7643,337.970678
7644,337.913381
7645,337.863183
7646,337.818792
7647,337.779185
7648,337.743568
7649,337.711323
7650,337.68198
7651,337.655184
7652,337.630675
7653,337.608273
7654,337.587861
7655,337.569383
7656,337.552838
7657,337.538281
7658,337.525826
7659,337.51565
7660,337.508005
7661,337.50322
7662,337.50171
7663,337.503947
7664,337.510363
7665,337.512436
7666,337.510925
7667,337.506386
7668,337.499244
7669,337.489826
7670,337.478378
7671,337.465078
7672,337.450043
7673,337.433341
7674,337.414992
7675,337.394971
7676,337.373206
7677,337.349573
7678,337.323867
7679,337.295713
7680,337.92937
7681,338.001554
7682,338.093352
7683,338.207095
7684,338.345547
7685,338.511051
7686,338.662821
7687,338.785539
7688,338.884428
7689,338.962866
7690,339.023223
7691,339.067154
7692,339.095721
7693,339.109456
7694,339.10838
7695,339.09202
7696,339.059382
7697,339.00892
7698,338.938459
7699,338.84503
7700,338.724469
7701,338.570259
7702,338.420456
7703,338.293215
7704,338.18571
7705,338.094677
7706,338.017161
7707,337.950671
7708,337.893162
7709,337.842984
7710,337.798814
7711,337.759601
7712,337.724518
7713,337.692918
7714,337.6643
7715,337.638287
7716,337.614597
7717,337.593032
7718,337.573463
7719,337.555825
7720,337.540113
7721,337.526378
7722,337.514734
7723,337.505359
7724,337.498504
7725,337.494502
7726,337.493763
7727,337.496759
7728,337.503913
7729,337.506681
7730,337.50583
7731,337.501916
7732,337.495362
7733,337.486495
7734,337.475559
7735,337.462731
7736,337.448131
7737,337.431822
7738,337.413823
7739,337.394104
7740,337.372591
7741,337.349155
7742,337.323585
7743,337.295504
7744,337.92404
7745,337.995966
7746,338.087542
7747,338.201091
7748,338.33936
7749,338.504675
7750,338.656224
7751,338.778664
7752,338.877197
7753,338.955191
7754,339.015005
7755,339.058295
7756,339.086126
7757,339.099035
7758,339.097056
7759,339.079727
7760,339.046072
7761,338.994563
7762,338.923046
7763,338.828575
7764,338.707011
7765,338.551856
7766,338.401198
7767,338.273235
7768,338.165164
7769,338.073735
7770,337.995999
7771,337.929461
7772,337.872069
7773,337.822158
7774,337.778388
7775,337.739689
7776,337.705212
7777,337.674292
7778,337.646408
7779,337.621165
7780,337.598266
7781,337.577501
7782,337.558731
7783,337.541884
7784,337.526951
7785,337.51398
7786,337.503083
7787,337.49444
7788,337.488301
7789,337.484999
7790,337.484946
7791,337.488611
7792,337.496417
7793,337.499802
7794,337.499542
7795,337.496196
7796,337.490187
7797,337.481841
7798,337.471401
7799,337.459044
7800,337.444887
7801,337.428992
7802,337.411372
7803,337.391994
7804,337.370777
7805,337.347586
7806,337.322206
7807,337.294254
7808,337.914037
7809,337.985353
7810,338.076268
7811,338.189109
7812,338.326633
7813,338.491176
7814,338.641949
7815,338.763608
7816,338.861358
7817,338.938567
7818,338.997601
7819,339.040119
7820,339.067191
7821,339.079362
7822,339.076675
7823,339.058678
7824,339.024408
7825,338.97235
7826,338.90036
7827,338.805504
7828,338.683649
7829,338.528297
7830,338.37754
7831,338.249577
7832,338.141602
7833,338.050366
7834,337.972913
7835,337.906747
7836,337.849811
7837,337.800432
7838,337.757263
7839,337.719224
7840,337.685455
7841,337.655278
7842,337.628163
7843,337.603702
7844,337.58159
7845,337.561607
7846,337.543609
7847,337.527519
7848,337.513322
7849,337.501066
7850,337.490862
7851,337.482887
7852,337.477395
7853,337.474718
7854,337.47527
7855,337.479524
7856,337.487902
7857,337.491831
7858,337.492099
7859,337.489269
7860,337.483765
7861,337.475913
7862,337.465956
7863,337.454071
7864,337.440369
7865,337.424911
7866,337.407704
7867,337.388711
7868,337.367841
7869,337.344951
7870,337.319817
7871,337.29205
7872,337.899394
7873,337.969744
7874,338.05955
7875,338.171157
7876,338.307358
7877,338.470533
7878,338.619961
7879,338.740325
7880,338.836848
7881,338.912922
7882,338.970926
7883,339.012527
7884,339.038803
7885,339.050306
7886,339.047086
7887,339.0287
7888,338.994195
7889,338.942065
7890,338.87017
7891,338.775573
7892,338.654128
7893,338.499322
7894,338.349219
7895,338.22198
7896,338.114769
7897,338.024317
7898,337.947659
7899,337.882294
7900,337.826165
7901,337.777599
7902,337.735251
7903,337.698038
7904,337.665098
7905,337.63575
7906,337.609459
7907,337.585812
7908,337.564499
7909,337.545297
7910,337.528058
7911,337.5127
7912,337.499206
7913,337.487623
7914,337.478061
7915,337.470696
7916,337.465784
7917,337.463658
7918,337.464738
7919,337.469499
7920,337.47837
7921,337.48277
7922,337.483503
7923,337.481135
7924,337.476097
7925,337.468714
7926,337.45923
7927,337.447818
7928,337.434589
7929,337.419596
7930,337.402845
7931,337.384286
7932,337.363823
7933,337.341298
7934,337.316474
7935,337.288951
7936,337.880141
7937,337.949152
7938,338.037364
7939,338.147161
7940,338.281399
7941,338.442547
7942,338.589999
7943,338.708494
7944,338.803305
7945,338.877859
7946,338.934558
7947,338.975078
7948,339.000505
7949,339.011393
7950,339.007802
7951,338.989295
7952,338.95493
7953,338.903207
7954,338.831987
7955,338.738319
7956,338.618027
7957,338.464554
7958,338.315907
7959,338.190163
7960,338.084422
7961,337.995375
7962,337.920044
7963,337.855925
7964,337.800968
7965,337.753511
7966,337.712216
7967,337.676009
7968,337.644036
7969,337.615616
7970,337.590219
7971,337.567432
7972,337.546946
7973,337.528534
7974,337.512049
7975,337.497407
7976,337.484591
7977,337.473645
7978,337.464677
7979,337.457866
7980,337.453466
7981,337.451815
7982,337.453336
7983,337.458516
7984,337.467796
7985,337.472589
7986,337.473715
7987,337.471754
7988,337.46714
7989,337.460201
7990,337.451179
7991,337.440246
7992,337.427508
7993,337.413017
7994,337.396769
7995,337.378707
7996,337.358722
7997,337.336641
7998,337.312206
7999,337.284993
8000,337.856324
8001,337.92359
8002,338.009659
8003,338.116972
8004,338.248482
8005,338.406816
8006,338.551537
8007,338.667487
8008,338.760022
8009,338.83262
8010,338.887704
8011,338.926956
8012,338.951461
8013,338.961777
8014,338.957966
8015,338.939603
8016,338.905757
8017,338.85494
8018,338.785017
8019,338.693018
8020,338.574716
8021,338.423471
8022,338.277198
8023,338.153823
8024,338.050333
8025,337.963364
8026,337.889923
8027,337.827517
8028,337.774112
8029,337.728069
8030,337.688071
8031,337.653062
8032,337.622201
8033,337.594821
8034,337.570398
8035,337.548527
8036,337.528901
8037,337.511298
8038,337.49557
8039,337.481635
8040,337.469475
8041,337.459132
8042,337.450715
8043,337.444399
8044,337.440439
8045,337.439175
8046,337.441041
8047,337.446537
8048,337.456126
8049,337.461216
8050,337.462654
8051,337.461034
8052,337.456798
8053,337.450274
8054,337.441704
8055,337.431257
8056,337.419035
8057,337.405085
8058,337.389398
8059,337.371908
8060,337.352492
8061,337.330957
8062,337.307014
8063,337.280199
8064,337.828039
8065,337.893102
8066,337.976383
8067,338.080386
8068,338.208191
8069,338.362687
8070,338.503699
8071,338.616251
8072,338.705833
8073,338.775968
8074,338.829084
8075,338.866854
8076,338.890351
8077,338.900124
8078,338.896241
8079,338.878287
8080,338.845352
8081,338.795973
8082,338.728034
8083,338.638562
8084,338.523274
8085,338.375365
8086,338.232605
8087,338.112649
8088,338.012306
8089,337.928155
8090,337.857207
8091,337.797
8092,337.74554
8093,337.701225
8094,337.662774
8095,337.629158
8096,337.599562
8097,337.573337
8098,337.549975
8099,337.52908
8100,337.510356
8101,337.493585
8102,337.478623
8103,337.465391
8104,337.453868
8105,337.444097
8106,337.436184
8107,337.430303
8108,337.426704
8109,337.42573
8110,337.427818
8111,337.433493
8112,337.443266
8113,337.448527
8114,337.450172
8115,337.448815
8116,337.444903
8117,337.438763
8118,337.430635
8119,337.420682
8120,337.409003
8121,337.395642
8122,337.380582
8123,337.363752
8124,337.345019
8125,337.324167
8126,337.300868
8127,337.274585
8128,337.795482
8129,337.857798
8130,337.937522
8131,338.03719
8132,338.159966
8133,338.309092
8134,338.444973
8135,338.553005
8136,338.638807
8137,338.705892
8138,338.756642
8139,338.792687
8140,338.815068
8141,338.82432
8142,338.820507
8143,338.803234
8144,338.771621
8145,338.724252
8146,338.65907
8147,338.573155
8148,338.462219
8149,338.319245
8150,338.181576
8151,338.066364
8152,337.97021
8153,337.889688
8154,337.82187
8155,337.764364
8156,337.715246
8157,337.672976
8158,337.63632
8159,337.604295
8160,337.576117
8161,337.551166
8162,337.528953
8163,337.5091
8164,337.491321
8165,337.475409
8166,337.461224
8167,337.44869
8168,337.437789
8169,337.428561
8170,337.421107
8171,337.415596
8172,337.412273
8173,337.411471
8174,337.413628
8175,337.419286
8176,337.429033
8177,337.434281
8178,337.435998
8179,337.434811
8180,337.431162
8181,337.425374
8182,337.417677
8183,337.40823
8184,337.397127
8185,337.384407
8186,337.370053
8187,337.353991
8188,337.336081
8189,337.316099
8190,337.29368
8191,337.268187
8192,336.895315
8193,336.894169
8194,336.894122
8195,336.894859
8196,336.896181
8197,336.897946
8198,336.900047
8199,336.902401
8200,336.904938
8201,336.907598
8202,336.910332
8203,336.913096
8204,336.915849
8205,336.918556
8206,336.921187
8207,336.923713
8208,336.926108
8209,336.92835
8210,336.93042
8211,336.9323
8212,336.933976
8213,336.935435
8214,336.936668
8215,336.937669
8216,336.938431
8217,336.938953
8218,336.939234
8219,336.939275
8220,336.93908
8221,336.938652
8222,336.937999
8223,336.937127
8224,336.936043
8225,336.934756
8226,336.933274
8227,336.931604
8228,336.929753
8229,336.927729
8230,336.925536
8231,336.923179
8232,336.92066
8233,336.917979
8234,336.915137
8235,336.91213
8236,336.908955
8237,336.905607
8238,336.902078
8239,336.898363
8240,336.894453
8241,336.890341
8242,336.886022
8243,336.881489
8244,336.87674
8245,336.871775
8246,336.866597
8247,336.861213
8248,336.855634
8249,336.84988
8250,336.843977
8251,336.83796
8252,336.831879
8253,336.825802
8254,336.819828
8255,336.814113
8256,336.914439
8257,336.913796
8258,336.91406
8259,336.915039
8260,336.916576
8261,336.918545
8262,336.920848
8263,336.923402
8264,336.926138
8265,336.928998
8266,336.931928
8267,336.934884
8268,336.937825
8269,336.940714
8270,336.943519
8271,336.94621
8272,336.94876
8273,336.951146
8274,336.953348
8275,336.955347
8276,336.957127
8277,336.958677
8278,336.959986
8279,336.961046
8280,336.961853
8281,336.962405
8282,336.962699
8283,336.962739
8284,336.962528
8285,336.962071
8286,336.961374
8287,336.960445
8288,336.959293
8289,336.957925
8290,336.956351
8291,336.95458
8292,336.952618
8293,336.950474
8294,336.948154
8295,336.94566
8296,336.942997
8297,336.940166
8298,336.937165
8299,336.933991
8300,336.930642
8301,336.927109
8302,336.923388
8303,336.919469
8304,336.915345
8305,336.911007
8306,336.906448
8307,336.901663
8308,336.896648
8309,336.891401
8310,336.885925
8311,336.880227
8312,336.874318
8313,336.868217
8314,336.861949
8315,336.855548
8316,336.84906
8317,336.842546
8318,336.836086
8319,336.829778
8320,336.932505
8321,336.932557
8322,336.933327
8323,336.934705
8324,336.936581
8325,336.938855
8326,336.941441
8327,336.944264
8328,336.947258
8329,336.950367
8330,336.953538
8331,336.956727
8332,336.959892
8333,336.962995
8334,336.966003
8335,336.968885
8336,336.971613
8337,336.974163
8338,336.976514
8339,336.978646
8340,336.980544
8341,336.982193
8342,336.983585
8343,336.98471
8344,336.985564
8345,336.986145
8346,336.986452
8347,336.986487
8348,336.986254
8349,336.98576
8350,336.985011
8351,336.984017
8352,336.982786
8353,336.981328
8354,336.979654
8355,336.977772
8356,336.975691
8357,336.97342
8358,336.970965
8359,336.96833
8360,336.96552
8361,336.962535
8362,336.959375
8363,336.956035
8364,336.952513
8365,336.9488
8366,336.944889
8367,336.940771
8368,336.936436
8369,336.931876
8370,336.92708
8371,336.922043
8372,336.916758
8373,336.911224
8374,336.905441
8375,336.899416
8376,336.893158
8377,336.886683
8378,336.880015
8379,336.873185
8380,336.866231
8381,336.859203
8382,336.852159
8383,336.845159
8384,336.949821
8385,336.950642
8386,336.952028
8387,336.953915
8388,336.95623
8389,336.958895
8390,336.961839
8391,336.964996
8392,336.968306
8393,336.971715
8394,336.975172
8395,336.978634
8396,336.982059
8397,336.985409
8398,336.98865
8399,336.991749
8400,336.99468
8401,336.997415
8402,336.999933
8403,337.002214
8404,337.004241
8405,337.006001
8406,337.007482
8407,337.008676
8408,337.00958
8409,337.010189
8410,337.010506
8411,337.010531
8412,337.010271
8413,337.009732
8414,337.008923
8415,337.007854
8416,337.006534
8417,337.004976
8418,337.003189
8419,337.001187
8420,336.998977
8421,336.99657
8422,336.993973
8423,336.991192
8424,336.98823
8425,336.98509
8426,336.981769
8427,336.978264
8428,336.974571
8429,336.970681
8430,336.966585
8431,336.962273
8432,336.957733
8433,336.952953
8434,336.947923
8435,336.942635
8436,336.93708
8437,336.931254
8438,336.925157
8439,336.918791
8440,336.912166
8441,336.905295
8442,336.898196
8443,336.890897
8444,336.88343
8445,336.875832
8446,336.868145
8447,336.860408
8448,336.966586
8449,336.968204
8450,336.970269
8451,336.972742
8452,336.975571
8453,336.978699
8454,336.982066
8455,336.985617
8456,336.989296
8457,336.993053
8458,336.996842
8459,337.000617
8460,337.004339
8461,337.00797
8462,337.011473
8463,337.014818
8464,337.017975
8465,337.020917
8466,337.023621
8467,337.026067
8468,337.028236
8469,337.030116
8470,337.031694
8471,337.032962
8472,337.033917
8473,337.034555
8474,337.034878
8475,337.034889
8476,337.034594
8477,337.034002
8478,337.033122
8479,337.031966
8480,337.030546
8481,337.028874
8482,337.026965
8483,337.024829
8484,337.02248
8485,337.019928
8486,337.017181
8487,337.014246
8488,337.011128
8489,337.007829
8490,337.004346
8491,337.000678
8492,336.996816
8493,336.992753
8494,336.988477
8495,336.983976
8496,336.979235
8497,336.974242
8498,336.968982
8499,336.963445
8500,336.957619
8501,336.951499
8502,336.94508
8503,336.938365
8504,336.931357
8505,336.924068
8506,336.916513
8507,336.908714
8508,336.900695
8509,336.892488
8510,336.884121
8511,336.875625
8512,336.982933
8513,336.985362
8514,336.988144
8515,336.991254
8516,336.994656
8517,336.998305
8518,337.002152
8519,337.006149
8520,337.010247
8521,337.0144
8522,337.018562
8523,337.022691
8524,337.026746
8525,337.030691
8526,337.034488
8527,337.038107
8528,337.041515
8529,337.044686
8530,337.047596
8531,337.050222
8532,337.052548
8533,337.054558
8534,337.05624
8535,337.057587
8536,337.058594
8537,337.059259
8538,337.059585
8539,337.059575
8540,337.059237
8541,337.058581
8542,337.057619
8543,337.056364
8544,337.054829
8545,337.053031
8546,337.050984
8547,337.048704
8548,337.046202
8549,337.043493
8550,337.040587
8551,337.037491
8552,337.03421
8553,337.030748
8554,337.027103
8555,337.023271
8556,337.019244
8557,337.015012
8558,337.010562
8559,337.005878
8560,337.000944
8561,336.995743
8562,336.990259
8563,336.984476
8564,336.978381
8565,336.971965
8566,336.965221
8567,336.958146
8568,336.950744
8569,336.94302
8570,336.934988
8571,336.926663
8572,336.918066
8573,336.90922
8574,336.90015
8575,336.890878
8576,336.998963
8577,337.002208
8578,337.005731
8579,337.009516
8580,337.013535
8581,337.017753
8582,337.022128
8583,337.026619
8584,337.031182
8585,337.035773
8586,337.04035
8587,337.044871
8588,337.049297
8589,337.05359
8590,337.057713
8591,337.061633
8592,337.065319
8593,337.068742
8594,337.071877
8595,337.074702
8596,337.077197
8597,337.079348
8598,337.081142
8599,337.082571
8600,337.083631
8601,337.084322
8602,337.084645
8603,337.084607
8604,337.084216
8605,337.083485
8606,337.082426
8607,337.081057
8608,337.079393
8609,337.077452
8610,337.075252
8611,337.07281
8612,337.070142
8613,337.067263
8614,337.064185
8615,337.060918
8616,337.057469
8617,337.053839
8618,337.050029
8619,337.046034
8620,337.041845
8621,337.037449
8622,337.032831
8623,337.027972
8624,337.022853
8625,337.017453
8626,337.011751
8627,337.005728
8628,336.999367
8629,336.992656
8630,336.985583
8631,336.978144
8632,336.970337
8633,336.962166
8634,336.95364
8635,336.94477
8636,336.935573
8637,336.926068
8638,336.916276
8639,336.906215
8640,337.014751
8641,337.018814
8642,337.023096
8643,337.027584
8644,337.032255
8645,337.037081
8646,337.042027
8647,337.047054
8648,337.052124
8649,337.057195
8650,337.062226
8651,337.067178
8652,337.07201
8653,337.076685
8654,337.081165
8655,337.085416
8656,337.089406
8657,337.093105
8658,337.096487
8659,337.099527
8660,337.102206
8661,337.104508
8662,337.106421
8663,337.107937
8664,337.10905
8665,337.109763
8666,337.110077
8667,337.110001
8668,337.109546
8669,337.108725
8670,337.107555
8671,337.106054
8672,337.104243
8673,337.10214
8674,337.099768
8675,337.097147
8676,337.094296
8677,337.091232
8678,337.087969
8679,337.08452
8680,337.080892
8681,337.07709
8682,337.073112
8683,337.068953
8684,337.064604
8685,337.06005
8686,337.055271
8687,337.050247
8688,337.044953
8689,337.039362
8690,337.033451
8691,337.027196
8692,337.020574
8693,337.01357
8694,337.006168
8695,336.998361
8696,336.990143
8697,336.981515
8698,336.972481
8699,336.963052
8700,336.953239
8701,336.94306
8702,336.93253
8703,336.921671
8704,337.030356
8705,337.03524
8706,337.040293
8707,337.045506
8708,337.050858
8709,337.056326
8710,337.061878
8711,337.067481
8712,337.073096
8713,337.078686
8714,337.08421
8715,337.089629
8716,337.094904
8717,337.099995
8718,337.104864
8719,337.109477
8720,337.113799
8721,337.117798
8722,337.121447
8723,337.124721
8724,337.127598
8725,337.130063
8726,337.132102
8727,337.133706
8728,337.134873
8729,337.135603
8730,337.135901
8731,337.135777
8732,337.135243
8733,337.134317
8734,337.133017
8735,337.131365
8736,337.129384
8737,337.127099
8738,337.124534
8739,337.121712
8740,337.118657
8741,337.11539
8742,337.111926
8743,337.108281
8744,337.104464
8745,337.100481
8746,337.096331
8747,337.092009
8748,337.087503
8749,337.082795
8750,337.077865
8751,337.072685
8752,337.067226
8753,337.061457
8754,337.055348
8755,337.048869
8756,337.041994
8757,337.034701
8758,337.026972
8759,337.018795
8760,337.010161
8761,337.001069
8762,336.99152
8763,336.981519
8764,336.971079
8765,336.960211
8766,336.948934
8767,336.937265
8768,337.045826
8769,337.051532
8770,337.057367
8771,337.063323
8772,337.069381
8773,337.07552
8774,337.081712
8775,337.087924
8776,337.094122
8777,337.100267
8778,337.106322
8779,337.112246
8780,337.117998
8781,337.12354
8782,337.128832
8783,337.133837
8784,337.138518
8785,337.142843
8786,337.146782
8787,337.150308
8788,337.153399
8789,337.156037
8790,337.158208
8791,337.159905
8792,337.161123
8793,337.161866
8794,337.162138
8795,337.161953
8796,337.161324
8797,337.160273
8798,337.158821
8799,337.156995
8800,337.154821
8801,337.152328
8802,337.149544
8803,337.146498
8804,337.143217
8805,337.139723
8806,337.13604
8807,337.132182
8808,337.128163
8809,337.12399
8810,337.119662
8811,337.115174
8812,337.110513
8813,337.105658
8814,337.100585
8815,337.09526
8816,337.08965
8817,337.083715
8818,337.07742
8819,337.070728
8820,337.063607
8821,337.056032
8822,337.047979
8823,337.039433
8824,337.030383
8825,337.020822
8826,337.01075
8827,337.000171
8828,336.989092
8829,336.977528
8830,336.965492
8831,336.953006
8832,337.061199
8833,337.067729
8834,337.074355
8835,337.081069
8836,337.087855
8837,337.094692
8838,337.101553
8839,337.108408
8840,337.115222
8841,337.121959
8842,337.128581
8843,337.135045
8844,337.141313
8845,337.147341
8846,337.153089
8847,337.158517
8848,337.163587
8849,337.168265
8850,337.172517
8851,337.176314
8852,337.179634
8853,337.182456
8854,337.184767
8855,337.186558
8856,337.187826
8857,337.188573
8858,337.188809
8859,337.188547
8860,337.187805
8861,337.186607
8862,337.184979
8863,337.182951
8864,337.180556
8865,337.177825
8866,337.174794
8867,337.171495
8868,337.16796
8869,337.164216
8870,337.160289
8871,337.156199
8872,337.151962
8873,337.147585
8874,337.143071
8875,337.138414
8876,337.133599
8877,337.128602
8878,337.123395
8879,337.117938
8880,337.11219
8881,337.106104
8882,337.099636
8883,337.092743
8884,337.085387
8885,337.077537
8886,337.069165
8887,337.060252
8888,337.050784
8889,337.040753
8890,337.030154
8891,337.018991
8892,337.007269
8893,336.994999
8894,336.982198
8895,336.968885
8896,337.076503
8897,337.083859
8898,337.091286
8899,337.098773
8900,337.106306
8901,337.113865
8902,337.121423
8903,337.128952
8904,337.136416
8905,337.14378
8906,337.151004
8907,337.158047
8908,337.164865
8909,337.171415
8910,337.177654
8911,337.183539
8912,337.18903
8913,337.194087
8914,337.198676
8915,337.202766
8916,337.206331
8917,337.209349
8918,337.211806
8919,337.213692
8920,337.215005
8921,337.21575
8922,337.215935
8923,337.215578
8924,337.214701
8925,337.213331
8926,337.211498
8927,337.209238
8928,337.206589
8929,337.203588
8930,337.200276
8931,337.196691
8932,337.19287
8933,337.188845
8934,337.184648
8935,337.180302
8936,337.175826
8937,337.17123
8938,337.166519
8939,337.161686
8940,337.156715
8941,337.151582
8942,337.146249
8943,337.140673
8944,337.134802
8945,337.12858
8946,337.121954
8947,337.114872
8948,337.107291
8949,337.099173
8950,337.090488
8951,337.081211
8952,337.071327
8953,337.060825
8954,337.049698
8955,337.037947
8956,337.025577
8957,337.012598
8958,336.999026
8959,336.984881
8960,337.091763
8961,337.099948
8962,337.108183
8963,337.116456
8964,337.124755
8965,337.133058
8966,337.141341
8967,337.149573
8968,337.15772
8969,337.165746
8970,337.173608
8971,337.181266
8972,337.188672
8973,337.195782
8974,337.202548
8975,337.208924
8976,337.214867
8977,337.220334
8978,337.225287
8979,337.22969
8980,337.233517
8981,337.236743
8982,337.239352
8983,337.241334
8984,337.242688
8985,337.243419
8986,337.243538
8987,337.243066
8988,337.242028
8989,337.240456
8990,337.238386
8991,337.235859
8992,337.232918
8993,337.229609
8994,337.225978
8995,337.222068
8996,337.217924
8997,337.213585
8998,337.209085
8999,337.204454
9000,337.199714
9001,337.19488
9002,337.189956
9003,337.184937
9004,337.179808
9005,337.174539
9006,337.169089
9007,337.163405
9008,337.157426
9009,337.151083
9010,337.144313
9011,337.137055
9012,337.129258
9013,337.12088
9014,337.111886
9015,337.10225
9016,337.091952
9017,337.080978
9018,337.069323
9019,337.056984
9020,337.043965
9021,337.030276
9022,337.01593
9023,337.00095
9024,337.106994
9025,337.116012
9026,337.125063
9027,337.134136
9028,337.143218
9029,337.152287
9030,337.161319
9031,337.170283
9032,337.179146
9033,337.187867
9034,337.196405
9035,337.204715
9036,337.212748
9037,337.220456
9038,337.227787
9039,337.234692
9040,337.241121
9041,337.247029
9042,337.252372
9043,337.257112
9044,337.261218
9045,337.264664
9046,337.267432
9047,337.269511
9048,337.270899
9049,337.271604
9050,337.27164
9051,337.271029
9052,337.269801
9053,337.267994
9054,337.265649
9055,337.262814
9056,337.25954
9057,337.255878
9058,337.251883
9059,337.247606
9060,337.243097
9061,337.238402
9062,337.233563
9063,337.228613
9064,337.223579
9065,337.21848
9066,337.213324
9067,337.208105
9068,337.202808
9069,337.197401
9070,337.191839
9071,337.186058
9072,337.179984
9073,337.173536
9074,337.166634
9075,337.159209
9076,337.151204
9077,337.142571
9078,337.133273
9079,337.123279
9080,337.112569
9081,337.101128
9082,337.088947
9083,337.076021
9084,337.062355
9085,337.047956
9086,337.032838
9087,337.017023
9088,337.122209
9089,337.132063
9090,337.141938
9091,337.151824
9092,337.161705
9093,337.171562
9094,337.181368
9095,337.191093
9096,337.200701
9097,337.210153
9098,337.219403
9099,337.228404
9100,337.237104
9101,337.24545
9102,337.253386
9103,337.260858
9104,337.26781
9105,337.274192
9106,337.279955
9107,337.285057
9108,337.289462
9109,337.29314
9110,337.296073
9111,337.298248
9112,337.299664
9113,337.300329
9114,337.300259
9115,337.299482
9116,337.298032
9117,337.295951
9118,337.293289
9119,337.290101
9120,337.286445
9121,337.282382
9122,337.277973
9123,337.273279
9124,337.268357
9125,337.263261
9126,337.258039
9127,337.25273
9128,337.247367
9129,337.241972
9130,337.236556
9131,337.231116
9132,337.225637
9133,337.220084
9134,337.214408
9135,337.208536
9136,337.202379
9137,337.195834
9138,337.188808
9139,337.181223
9140,337.173013
9141,337.164128
9142,337.154527
9143,337.144178
9144,337.133059
9145,337.121152
9146,337.108447
9147,337.09494
9148,337.080632
9149,337.065529
9150,337.049645
9151,337.033002
9152,337.137415
9153,337.148109
9154,337.158815
9155,337.169525
9156,337.180222
9157,337.190886
9158,337.20149
9159,337.212004
9160,337.22239
9161,337.232607
9162,337.242607
9163,337.252338
9164,337.261747
9165,337.270773
9166,337.279357
9167,337.287436
9168,337.294951
9169,337.301843
9170,337.308057
9171,337.313547
9172,337.31827
9173,337.322195
9174,337.325299
9175,337.327569
9176,337.329003
9177,337.329612
9178,337.329413
9179,337.328439
9180,337.326729
9181,337.324333
9182,337.321306
9183,337.317713
9184,337.313621
9185,337.309101
9186,337.304222
9187,337.299056
9188,337.293667
9189,337.288118
9190,337.282464
9191,337.27675
9192,337.271016
9193,337.265286
9194,337.259577
9195,337.253887
9196,337.248202
9197,337.242487
9198,337.236687
9199,337.230722
9200,337.224485
9201,337.217846
9202,337.210696
9203,337.202948
9204,337.194531
9205,337.185391
9206,337.175486
9207,337.164782
9208,337.153254
9209,337.140885
9210,337.127662
9211,337.113581
9212,337.098639
9213,337.082843
9214,337.066205
9215,337.048746
9216,337.152614
9217,337.16415
9218,337.175696
9219,337.18724
9220,337.198769
9221,337.210259
9222,337.221685
9223,337.233015
9224,337.24421
9225,337.255226
9226,337.266014
9227,337.276517
9228,337.286677
9229,337.296428
9230,337.305704
9231,337.314435
9232,337.322554
9233,337.329994
9234,337.336694
9235,337.3426
9236,337.347664
9237,337.35185
9238,337.355131
9239,337.357494
9240,337.358937
9241,337.35947
9242,337.359116
9243,337.357911
9244,337.355899
9245,337.353139
9246,337.349695
9247,337.34564
9248,337.341052
9249,337.336012
9250,337.330601
9251,337.3249
9252,337.318984
9253,337.312924
9254,337.306783
9255,337.300613
9256,337.294458
9257,337.288349
9258,337.282305
9259,337.276327
9260,337.270402
9261,337.264495
9262,337.258546
9263,337.252469
9264,337.246143
9265,337.239397
9266,337.23211
9267,337.224186
9268,337.215552
9269,337.206149
9270,337.195934
9271,337.184871
9272,337.172936
9273,337.160108
9274,337.146374
9275,337.131728
9276,337.116166
9277,337.099694
9278,337.082321
9279,337.064068
9280,337.167803
9281,337.180185
9282,337.192577
9283,337.204967
9284,337.21734
9285,337.229676
9286,337.241946
9287,337.254119
9288,337.266153
9289,337.278004
9290,337.289617
9291,337.300934
9292,337.311889
9293,337.322411
9294,337.332426
9295,337.341856
9296,337.350624
9297,337.358654
9298,337.365877
9299,337.372229
9300,337.377657
9301,337.382118
9302,337.385584
9303,337.388037
9304,337.389476
9305,337.389914
9306,337.389375
9307,337.3879
9308,337.385541
9309,337.382364
9310,337.378443
9311,337.373862
9312,337.368711
9313,337.363083
9314,337.357072
9315,337.350768
9316,337.344259
9317,337.337625
9318,337.330935
9319,337.324251
9320,337.317621
9321,337.311081
9322,337.304653
9323,337.298341
9324,337.292131
9325,337.285987
9326,337.279847
9327,337.273614
9328,337.26715
9329,337.260259
9330,337.252804
9331,337.24468
9332,337.235808
9333,337.226128
9334,337.215592
9335,337.204166
9336,337.191822
9337,337.178539
9338,337.164302
9339,337.149104
9340,337.13294
9341,337.115813
9342,337.097733
9343,337.078718
9344,337.182977
9345,337.196207
9346,337.20945
9347,337.222695
9348,337.235927
9349,337.249124
9350,337.26226
9351,337.2753
9352,337.288204
9353,337.300922
9354,337.3134
9355,337.325572
9356,337.337369
9357,337.348711
9358,337.359515
9359,337.369693
9360,337.379158
9361,337.387823
9362,337.395607
9363,337.402438
9364,337.408254
9365,337.413007
9366,337.416663
9367,337.419204
9368,337.420626
9369,337.420945
9370,337.420188
9371,337.418402
9372,337.415645
9373,337.411993
9374,337.407531
9375,337.402354
9376,337.396567
9377,337.390276
9378,337.383588
9379,337.376609
9380,337.369435
9381,337.362157
9382,337.354854
9383,337.347593
9384,337.340428
9385,337.3334
9386,337.326532
9387,337.319831
9388,337.313283
9389,337.306848
9390,337.300459
9391,337.294011
9392,337.28735
9393,337.280263
9394,337.272597
9395,337.264238
9396,337.255102
9397,337.245124
9398,337.234255
9399,337.222457
9400,337.209702
9401,337.195968
9402,337.181238
9403,337.165503
9404,337.148758
9405,337.131004
9406,337.11225
9407,337.092514
9408,337.198125
9409,337.212205
9410,337.226304
9411,337.240411
9412,337.254513
9413,337.268587
9414,337.282608
9415,337.296539
9416,337.310339
9417,337.323959
9418,337.337338
9419,337.350408
9420,337.363092
9421,337.375303
9422,337.386948
9423,337.397928
9424,337.408141
9425,337.417488
9426,337.425876
9427,337.43322
9428,337.43945
9429,337.44451
9430,337.448363
9431,337.450987
9432,337.452378
9433,337.452553
9434,337.451543
9435,337.4494
9436,337.446191
9437,337.442001
9438,337.436926
9439,337.431079
9440,337.424576
9441,337.417541
9442,337.410096
9443,337.402362
9444,337.394447
9445,337.386452
9446,337.378466
9447,337.370562
9448,337.362799
9449,337.355221
9450,337.347854
9451,337.340704
9452,337.333756
9453,337.326969
9454,337.320268
9455,337.31354
9456,337.306619
9457,337.299278
9458,337.291351
9459,337.282717
9460,337.273284
9461,337.262984
9462,337.251765
9463,337.239586
9464,337.226417
9465,337.212236
9466,337.197024
9467,337.180771
9468,337.16347
9469,337.145121
9470,337.125732
9471,337.105322
9472,337.213233
9473,337.228163
9474,337.243121
9475,337.258097
9476,337.273078
9477,337.288042
9478,337.302963
9479,337.317806
9480,337.332529
9481,337.34708
9482,337.361396
9483,337.375404
9484,337.389022
9485,337.402153
9486,337.414693
9487,337.426529
9488,337.437544
9489,337.447623
9490,337.456657
9491,337.46455
9492,337.471221
9493,337.476605
9494,337.48066
9495,337.483361
9496,337.484705
9497,337.484709
9498,337.483409
9499,337.480861
9500,337.477142
9501,337.472346
9502,337.466584
9503,337.459984
9504,337.45268
9505,337.444814
9506,337.436528
9507,337.427955
9508,337.41922
9509,337.410434
9510,337.401693
9511,337.393078
9512,337.384651
9513,337.37646
9514,337.36853
9515,337.360868
9516,337.353457
9517,337.346253
9518,337.339174
9519,337.3321
9520,337.324854
9521,337.317199
9522,337.30896
9523,337.300006
9524,337.290241
9525,337.279592
9526,337.268003
9527,337.255432
9528,337.241848
9529,337.227224
9530,337.211543
9531,337.194791
9532,337.176962
9533,337.158054
9534,337.138076
9535,337.117043
9536,337.228285
9537,337.244064
9538,337.259881
9539,337.27573
9540,337.291596
9541,337.30746
9542,337.323295
9543,337.339067
9544,337.354734
9545,337.370242
9546,337.385527
9547,337.400513
9548,337.415108
9549,337.429209
9550,337.442698
9551,337.455447
9552,337.467319
9553,337.478182
9554,337.487908
9555,337.496385
9556,337.503521
9557,337.509245
9558,337.513506
9559,337.516278
9560,337.517557
9561,337.517361
9562,337.515731
9563,337.512729
9564,337.508439
9565,337.502967
9566,337.496439
9567,337.489
9568,337.480805
9569,337.472018
9570,337.4628
9571,337.453305
9572,337.443669
9573,337.434016
9574,337.42445
9575,337.415056
9576,337.4059
9577,337.397031
9578,337.388476
9579,337.380239
9580,337.372301
9581,337.364613
9582,337.35709
9583,337.349604
9584,337.34197
9585,337.333942
9586,337.325337
9587,337.316019
9588,337.305885
9589,337.294859
9590,337.282881
9591,337.269907
9592,337.255904
9593,337.240843
9594,337.224706
9595,337.207479
9596,337.189152
9597,337.169725
9598,337.149203
9599,337.127605
9600,337.24326
9601,337.259885
9602,337.276562
9603,337.293284
9604,337.310038
9605,337.326806
9606,337.343564
9607,337.360278
9608,337.376905
9609,337.393392
9610,337.409673
9611,337.425669
9612,337.441283
9613,337.4564
9614,337.470891
9615,337.484608
9616,337.497394
9617,337.509092
9618,337.519554
9619,337.528651
9620,337.536276
9621,337.542351
9622,337.54682
9623,337.549654
9624,337.550849
9625,337.550424
9626,337.548424
9627,337.544917
9628,337.539995
9629,337.533775
9630,337.5264
9631,337.518033
9632,337.508855
9633,337.499053
9634,337.488815
9635,337.478312
9636,337.467697
9637,337.457104
9638,337.446644
9639,337.436406
9640,337.42646
9641,337.416853
9642,337.407611
9643,337.398737
9644,337.39021
9645,337.381975
9646,337.373944
9647,337.365981
9648,337.357897
9649,337.349439
9650,337.340417
9651,337.33069
9652,337.320151
9653,337.308719
9654,337.296333
9655,337.282946
9656,337.268521
9657,337.25303
9658,337.236453
9659,337.218773
9660,337.199982
9661,337.180076
9662,337.159062
9663,337.136958
9664,337.258136
9665,337.275602
9666,337.293135
9667,337.310728
9668,337.32837
9669,337.346044
9670,337.363728
9671,337.381388
9672,337.398985
9673,337.416466
9674,337.433763
9675,337.450794
9676,337.467459
9677,337.483633
9678,337.499174
9679,337.513913
9680,337.527667
9681,337.54025
9682,337.551488
9683,337.561233
9684,337.569367
9685,337.575801
9686,337.580476
9687,337.583361
9688,337.584451
9689,337.583768
9690,337.581359
9691,337.577298
9692,337.571684
9693,337.564647
9694,337.556345
9695,337.546961
9696,337.536705
9697,337.525798
9698,337.514451
9699,337.50286
9700,337.491193
9701,337.479594
9702,337.468178
9703,337.457038
9704,337.446243
9705,337.435842
9706,337.425857
9707,337.416289
9708,337.407113
9709,337.398272
9710,337.389672
9711,337.381172
9712,337.37258
9713,337.363637
9714,337.354149
9715,337.34397
9716,337.332991
9717,337.321126
9718,337.308313
9719,337.294502
9720,337.279655
9721,337.263742
9722,337.246741
9723,337.228634
9724,337.209412
9725,337.189071
9726,337.167617
9727,337.145066
9728,337.272889
9729,337.291191
9730,337.309573
9731,337.32803
9732,337.346555
9733,337.365131
9734,337.383737
9735,337.402343
9736,337.420911
9737,337.439389
9738,337.45771
9739,337.475792
9740,337.493529
9741,337.510791
9742,337.527419
9743,337.543227
9744,337.557998
9745,337.571509
9746,337.583555
9747,337.59397
9748,337.602622
9749,337.609416
9750,337.614289
9751,337.617209
9752,337.618172
9753,337.617202
9754,337.614348
9755,337.609688
9756,337.60333
9757,337.595412
9758,337.586107
9759,337.575623
9760,337.5642
9761,337.552099
9762,337.539565
9763,337.526815
9764,337.514033
9765,337.50137
9766,337.488946
9767,337.476855
9768,337.465164
9769,337.453919
9770,337.443142
9771,337.432829
9772,337.422951
9773,337.413448
9774,337.404222
9775,337.39513
9776,337.385976
9777,337.376496
9778,337.366495
9779,337.355825
9780,337.344371
9781,337.332049
9782,337.318793
9783,337.304549
9784,337.28928
9785,337.272954
9786,337.255546
9787,337.23704
9788,337.217423
9789,337.196691
9790,337.174849
9791,337.151914
9792,337.287495
9793,337.306623
9794,337.325845
9795,337.345158
9796,337.364554
9797,337.384021
9798,337.40354
9799,337.423082
9800,337.442612
9801,337.462079
9802,337.48142
9803,337.500552
9804,337.519366
9805,337.537727
9806,337.555466
9807,337.572373
9808,337.588198
9809,337.602664
9810,337.615536
9811,337.626627
9812,337.635794
9813,337.642939
9814,337.647995
9815,337.650931
9816,337.651744
9817,337.650458
9818,337.647126
9819,337.641831
9820,337.634685
9821,337.625835
9822,337.615466
9823,337.603809
9824,337.59114
9825,337.577771
9826,337.563986
9827,337.550024
9828,337.536081
9829,337.522312
9830,337.508841
9831,337.495761
9832,337.483136
9833,337.47101
9834,337.459399
9835,337.448297
9836,337.437671
9837,337.427457
9838,337.417555
9839,337.407819
9840,337.398052
9841,337.387988
9842,337.377432
9843,337.366233
9844,337.354276
9845,337.341473
9846,337.327758
9847,337.313076
9848,337.297387
9849,337.280658
9850,337.262863
9851,337.243984
9852,337.224008
9853,337.20293
9854,337.180755
9855,337.157498
9856,337.301929
9857,337.321872
9858,337.341922
9859,337.362076
9860,337.382329
9861,337.40267
9862,337.423082
9863,337.443541
9864,337.464012
9865,337.484449
9866,337.504789
9867,337.52495
9868,337.544824
9869,337.564273
9870,337.583116
9871,337.601127
9872,337.618018
9873,337.633442
9874,337.647131
9875,337.658881
9876,337.668544
9877,337.676015
9878,337.68123
9879,337.684156
9880,337.684793
9881,337.683167
9882,337.679333
9883,337.673376
9884,337.665413
9885,337.655599
9886,337.644129
9887,337.631252
9888,337.617279
9889,337.602595
9890,337.587522
9891,337.572318
9892,337.557188
9893,337.542292
9894,337.527753
9895,337.513661
9896,337.500079
9897,337.487044
9898,337.474569
9899,337.462644
9900,337.451231
9901,337.440265
9902,337.429642
9903,337.419217
9904,337.408791
9905,337.398101
9906,337.38695
9907,337.375188
9908,337.3627
9909,337.349398
9910,337.335212
9911,337.320088
9912,337.303983
9913,337.286863
9914,337.268701
9915,337.249478
9916,337.22918
9917,337.207802
9918,337.185346
9919,337.161829
9920,337.316168
9921,337.336913
9922,337.357775
9923,337.378752
9924,337.399841
9925,337.421032
9926,337.442312
9927,337.463657
9928,337.485037
9929,337.506407
9930,337.527707
9931,337.548857
9932,337.569749
9933,337.59024
9934,337.610143
9935,337.629213
9936,337.64713
9937,337.663468
9938,337.677929
9939,337.690294
9940,337.70041
9941,337.70817
9942,337.713508
9943,337.716393
9944,337.716827
9945,337.714838
9946,337.710483
9947,337.703851
9948,337.695063
9949,337.684278
9950,337.671704
9951,337.657603
9952,337.64232
9953,337.626321
9954,337.609963
9955,337.59352
9956,337.577206
9957,337.561183
9958,337.545574
9959,337.530465
9960,337.515915
9961,337.501958
9962,337.4886
9963,337.475828
9964,337.4636
9965,337.451848
9966,337.440467
9967,337.429313
9968,337.418188
9969,337.406834
9970,337.395054
9971,337.382701
9972,337.36966
9973,337.355842
9974,337.341177
9975,337.325609
9976,337.309094
9977,337.291597
9978,337.273089
9979,337.253551
9980,337.232968
9981,337.211334
9982,337.188651
9983,337.164935
9984,337.33019
9985,337.351722
9986,337.373377
9987,337.395155
9988,337.417054
9989,337.439065
9990,337.461177
9991,337.483369
9992,337.505613
9993,337.527867
9994,337.550072
9995,337.572148
9996,337.593987
9997,337.615443
9998,337.636318
9999,337.656349
10000,337.675182
10001,337.692337
10002,337.707485
10003,337.720393
10004,337.730898
10005,337.738891
10006,337.744305
10007,337.747113
10008,337.747315
10009,337.744943
10010,337.740058
10011,337.73275
10012,337.723146
10013,337.711412
10014,337.697765
10015,337.682489
10016,337.665961
10017,337.648701
10018,337.6311
10019,337.613455
10020,337.595987
10021,337.578861
10022,337.5622
10023,337.546087
10024,337.530577
10025,337.515698
10026,337.501453
10027,337.487822
10028,337.47476
10029,337.462197
10030,337.450029
10031,337.438113
10032,337.426256
10033,337.414204
10034,337.401767
10035,337.388799
10036,337.375187
10037,337.360842
10038,337.345693
10039,337.329684
10040,337.312768
10041,337.294909
10042,337.276079
10043,337.256255
10044,337.235424
10045,337.213577
10046,337.190718
10047,337.16686
10048,337.343974
10049,337.366276
10050,337.388703
10051,337.411257
10052,337.433934
10053,337.45673
10054,337.479632
10055,337.502624
10056,337.525676
10057,337.548749
10058,337.571786
10059,337.594707
10060,337.617401
10061,337.639717
10062,337.661448
10063,337.68231
10064,337.701922
10065,337.719768
10066,337.735492
10067,337.748846
10068,337.759657
10069,337.767813
10070,337.773248
10071,337.775934
10072,337.775873
10073,337.773102
10074,337.767683
10075,337.75971
10076,337.749316
10077,337.736674
10078,337.722014
10079,337.705638
10080,337.687953
10081,337.669516
10082,337.650749
10083,337.631965
10084,337.613398
10085,337.595216
10086,337.577541
10087,337.560455
10088,337.544007
10089,337.528222
10090,337.513097
10091,337.498608
10092,337.484707
10093,337.471321
10094,337.458346
10095,337.445642
10096,337.433026
10097,337.420251
10098,337.407134
10099,337.393533
10100,337.379339
10101,337.364462
10102,337.348829
10103,337.332384
10104,337.315079
10105,337.296877
10106,337.277747
10107,337.257667
10108,337.236622
10109,337.214604
10110,337.191617
10111,337.167673
10112,337.357506
10113,337.380559
10114,337.403735
10115,337.427035
10116,337.450456
10117,337.473995
10118,337.497639
10119,337.521372
10120,337.545167
10121,337.568984
10122,337.592768
10123,337.616436
10124,337.639875
10125,337.662929
10126,337.685378
10127,337.706926
10128,337.727168
10129,337.745562
10130,337.761733
10131,337.775419
10132,337.786439
10133,337.794677
10134,337.800068
10135,337.802582
10136,337.802228
10137,337.799041
10138,337.793089
10139,337.784471
10140,337.773323
10141,337.759829
10142,337.74423
10143,337.726846
10144,337.708104
10145,337.688592
10146,337.668752
10147,337.648915
10148,337.629323
10149,337.61015
10150,337.591518
10151,337.573506
10152,337.55616
10153,337.5395
10154,337.523518
10155,337.508187
10156,337.493453
10157,337.479242
10158,337.465451
10159,337.451945
10160,337.43855
10161,337.425033
10162,337.411223
10163,337.396982
10164,337.382202
10165,337.366793
10166,337.350684
10167,337.333814
10168,337.316135
10169,337.297608
10170,337.278202
10171,337.257895
10172,337.23667
10173,337.214521
10174,337.19145
10175,337.16747
10176,337.370772
10177,337.394557
10178,337.418456
10179,337.442471
10180,337.466599
10181,337.490834
10182,337.515167
10183,337.539579
10184,337.564043
10185,337.58852
10186,337.612953
10187,337.637259
10188,337.66132
10189,337.684976
10190,337.707998
10191,337.730076
10192,337.750789
10193,337.769581
10194,337.786059
10195,337.799951
10196,337.811072
10197,337.819302
10198,337.824576
10199,337.826866
10200,337.826183
10201,337.822565
10202,337.816085
10203,337.806845
10204,337.79499
10205,337.780708
10206,337.764253
10207,337.745958
10208,337.72627
10209,337.705792
10210,337.684986
10211,337.664196
10212,337.64367
10213,337.623587
10214,337.604069
10215,337.585193
10216,337.567004
10217,337.549514
10218,337.532713
10219,337.516569
10220,337.501024
10221,337.486002
10222,337.471401
10223,337.457091
10224,337.442908
10225,337.428645
10226,337.41414
10227,337.399261
10228,337.383901
10229,337.36797
10230,337.351396
10231,337.334116
10232,337.316082
10233,337.297252
10234,337.277596
10235,337.257089
10236,337.235717
10237,337.213472
10238,337.190356
10239,337.166385
10240,337.383765
10241,337.40826
10242,337.432856
10243,337.457553
10244,337.482347
10245,337.507232
10246,337.532195
10247,337.557218
10248,337.582273
10249,337.607319
10250,337.632297
10251,337.657122
10252,337.681676
10253,337.705789
10254,337.729229
10255,337.751676
10256,337.7727
10257,337.79173
10258,337.808369
10259,337.822335
10260,337.833441
10261,337.841566
10262,337.846645
10263,337.848653
10264,337.847604
10265,337.84354
10266,337.836537
10267,337.826705
10268,337.81419
10269,337.79919
10270,337.781967
10271,337.762865
10272,337.742341
10273,337.721015
10274,337.699358
10275,337.677724
10276,337.656367
10277,337.635467
10278,337.615148
10279,337.595486
10280,337.576519
10281,337.55826
10282,337.540692
10283,337.523779
10284,337.507462
10285,337.491662
10286,337.476276
10287,337.461178
10288,337.446217
10289,337.431219
10290,337.416034
10291,337.400534
10292,337.384612
10293,337.368178
10294,337.351158
10295,337.33349
10296,337.315122
10297,337.296014
10298,337.276132
10299,337.255453
10300,337.233962
10301,337.211651
10302,337.188525
10303,337.164598
10304,337.39648
10305,337.421665
10306,337.44693
10307,337.472276
10308,337.497695
10309,337.523178
10310,337.548713
10311,337.574276
10312,337.59984
10313,337.625359
10314,337.650774
10315,337.675997
10316,337.700905
10317,337.725328
10318,337.749028
10319,337.77168
10320,337.792848
10321,337.811957
10322,337.828604
10323,337.842506
10324,337.853475
10325,337.861392
10326,337.866193
10327,337.867858
10328,337.866404
10329,337.861877
10330,337.854359
10331,337.843962
10332,337.830839
10333,337.815193
10334,337.797292
10335,337.777487
10336,337.756244
10337,337.73419
10338,337.711803
10339,337.689442
10340,337.667365
10341,337.645753
10342,337.624729
10343,337.604366
10344,337.584703
10345,337.565745
10346,337.547476
10347,337.529854
10348,337.51282
10349,337.496291
10350,337.480169
10351,337.464332
10352,337.448643
10353,337.432954
10354,337.417125
10355,337.401036
10356,337.384581
10357,337.367673
10358,337.350235
10359,337.332204
10360,337.313529
10361,337.294167
10362,337.274086
10363,337.25326
10364,337.231676
10365,337.209327
10366,337.186216
10367,337.162359
10368,337.408917
10369,337.43477
10370,337.460679
10371,337.486639
10372,337.512642
10373,337.538675
10374,337.56472
10375,337.590754
10376,337.616742
10377,337.642638
10378,337.668379
10379,337.693873
10380,337.718998
10381,337.743579
10382,337.767378
10383,337.790069
10384,337.811213
10385,337.830237
10386,337.846737
10387,337.860433
10388,337.871139
10389,337.87874
10390,337.883177
10391,337.884434
10392,337.882532
10393,337.877525
10394,337.869496
10395,337.858564
10396,337.844885
10397,337.828666
10398,337.810179
10399,337.789778
10400,337.767933
10401,337.745273
10402,337.722282
10403,337.699317
10404,337.676637
10405,337.654424
10406,337.632799
10407,337.611832
10408,337.591561
10409,337.571988
10410,337.553095
10411,337.534837
10412,337.517153
10413,337.499964
10414,337.483172
10415,337.466665
10416,337.450316
10417,337.433995
10418,337.417576
10419,337.400944
10420,337.383998
10421,337.366652
10422,337.34883
10423,337.330468
10424,337.311515
10425,337.291928
10426,337.271673
10427,337.250725
10428,337.229071
10429,337.206705
10430,337.183629
10431,337.15986
10432,337.421078
10433,337.44758
10434,337.474106
10435,337.500649
10436,337.527195
10437,337.553729
10438,337.580228
10439,337.606662
10440,337.632992
10441,337.659169
10442,337.685125
10443,337.710766
10444,337.735967
10445,337.760555
10446,337.784291
10447,337.806851
10448,337.827802
10449,337.846574
10450,337.862769
10451,337.876114
10452,337.886427
10453,337.893601
10454,337.897583
10455,337.898364
10456,337.89597
10457,337.890462
10458,337.881927
10459,337.870487
10460,337.856304
10461,337.839585
10462,337.820603
10463,337.799714
10464,337.777386
10465,337.754247
10466,337.730778
10467,337.707335
10468,337.684176
10469,337.661479
10470,337.639362
10471,337.617896
10472,337.597113
10473,337.577016
10474,337.557584
10475,337.538772
10476,337.52052
10477,337.50275
10478,337.485367
10479,337.468268
10480,337.451337
10481,337.434456
10482,337.41751
10483,337.400392
10484,337.383006
10485,337.365266
10486,337.347099
10487,337.328443
10488,337.309244
10489,337.289459
10490,337.269057
10491,337.248011
10492,337.226308
10493,337.203941
10494,337.180915
10495,337.157244
10496,337.432969
10497,337.4601
10498,337.487219
10499,337.514314
10500,337.541368
10501,337.568358
10502,337.595255
10503,337.622022
10504,337.648616
10505,337.67498
10506,337.701042
10507,337.726707
10508,337.751847
10509,337.776289
10510,337.7998
10511,337.822062
10512,337.842648
10513,337.860999
10514,337.876729
10515,337.889572
10516,337.899359
10517,337.905992
10518,337.909425
10519,337.909659
10520,337.906726
10521,337.900694
10522,337.891654
10523,337.879734
10524,337.865096
10525,337.84795
10526,337.828566
10527,337.807297
10528,337.784605
10529,337.761114
10530,337.737298
10531,337.713507
10532,337.689993
10533,337.666932
10534,337.644438
10535,337.622579
10536,337.601387
10537,337.580863
10538,337.560985
10539,337.541709
10540,337.522976
10541,337.50471
10542,337.486823
10543,337.469217
10544,337.451786
10545,337.434423
10546,337.417021
10547,337.39948
10548,337.381709
10549,337.363626
10550,337.34516
10551,337.326247
10552,337.306836
10553,337.286885
10554,337.266361
10555,337.245239
10556,337.223504
10557,337.201152
10558,337.178185
10559,337.154617
10560,337.444595
10561,337.472337
10562,337.500027
10563,337.527648
10564,337.555177
10565,337.582582
10566,337.609827
10567,337.636867
10568,337.663651
10569,337.690114
10570,337.71618
10571,337.741748
10572,337.766691
10573,337.790839
10574,337.813964
10575,337.835757
10576,337.855806
10577,337.873566
10578,337.888667
10579,337.900858
10580,337.909985
10581,337.915958
10582,337.918747
10583,337.918358
10584,337.914837
10585,337.908253
10586,337.898708
10587,337.886332
10588,337.871288
10589,337.853786
10590,337.834091
10591,337.812551
10592,337.789618
10593,337.765903
10594,337.741871
10595,337.717861
10596,337.694119
10597,337.670815
10598,337.648059
10599,337.625918
10600,337.604421
10601,337.58357
10602,337.563342
10603,337.543695
10604,337.524573
10605,337.505902
10606,337.4876
10607,337.469576
10608,337.45173
10609,337.433965
10610,337.416181
10611,337.398284
10612,337.380189
10613,337.361816
10614,337.343096
10615,337.323969
10616,337.304382
10617,337.284296
10618,337.263675
10619,337.242498
10620,337.220749
10621,337.198422
10622,337.17552
10623,337.152057
10624,337.45596
10625,337.484297
10626,337.512539
10627,337.540664
10628,337.568639
10629,337.596425
10630,337.623975
10631,337.651235
10632,337.678143
10633,337.704625
10634,337.730598
10635,337.755958
10636,337.780575
10637,337.804284
10638,337.826863
10639,337.848019
10640,337.867357
10641,337.884355
10642,337.898663
10643,337.910051
10644,337.918379
10645,337.923575
10646,337.92562
10647,337.924533
10648,337.920368
10649,337.913204
10650,337.90315
10651,337.890337
10652,337.874933
10653,337.857143
10654,337.83723
10655,337.815527
10656,337.792474
10657,337.768665
10658,337.744547
10659,337.720448
10660,337.696604
10661,337.673176
10662,337.650273
10663,337.627958
10664,337.60626
10665,337.585182
10666,337.564701
10667,337.544779
10668,337.525361
10669,337.506377
10670,337.487751
10671,337.469396
10672,337.451222
10673,337.433135
10674,337.415044
10675,337.396861
10676,337.378503
10677,337.359896
10678,337.340972
10679,337.321672
10680,337.301947
10681,337.281756
10682,337.261066
10683,337.239853
10684,337.218104
10685,337.195812
10686,337.17298
10687,337.14962
10688,337.467065
10689,337.495981
10690,337.52476
10691,337.55337
10692,337.581771
10693,337.609913
10694,337.637735
10695,337.66517
10696,337.692145
10697,337.718576
10698,337.74437
10699,337.769419
10700,337.79359
10701,337.816721
10702,337.838601
10703,337.858953
10704,337.877408
10705,337.893474
10706,337.906826
10707,337.917259
10708,337.924653
10709,337.928953
10710,337.930154
10711,337.92829
10712,337.923424
10713,337.915648
10714,337.905074
10715,337.891841
10716,337.876117
10717,337.858106
10718,337.838061
10719,337.816303
10720,337.793251
10721,337.769476
10722,337.745401
10723,337.721339
10724,337.697512
10725,337.674077
10726,337.651137
10727,337.628754
10728,337.606957
10729,337.58575
10730,337.565112
10731,337.545008
10732,337.525386
10733,337.506181
10734,337.48732
10735,337.468722
10736,337.450303
10737,337.431976
10738,337.413653
10739,337.395252
10740,337.376695
10741,337.35791
10742,337.338831
10743,337.319403
10744,337.299576
10745,337.279311
10746,337.258576
10747,337.237348
10748,337.215612
10749,337.193363
10750,337.170603
10751,337.147343
10752,337.477902
10753,337.507385
10754,337.536688
10755,337.565773
10756,337.594587
10757,337.623066
10758,337.651135
10759,337.678714
10760,337.705712
10761,337.732034
10762,337.757577
10763,337.782223
10764,337.80584
10765,337.828267
10766,337.849304
10767,337.868693
10768,337.886097
10769,337.901063
10770,337.913301
10771,337.922633
10772,337.92896
10773,337.932247
10774,337.932505
10775,337.929783
10776,337.924157
10777,337.91573
10778,337.904623
10779,337.89098
10780,337.874971
10781,337.856797
10782,337.836702
10783,337.814992
10784,337.792061
10785,337.768442
10786,337.744533
10787,337.720625
10788,337.69693
10789,337.673594
10790,337.65072
10791,337.628369
10792,337.606569
10793,337.585327
10794,337.564625
10795,337.544429
10796,337.524692
10797,337.505354
10798,337.486346
10799,337.467591
10800,337.44901
10801,337.43052
10802,337.41204
10803,337.39349
10804,337.374796
10805,337.355888
10806,337.336705
10807,337.317191
10808,337.2973
10809,337.276992
10810,337.256237
10811,337.235012
10812,337.213303
10813,337.191103
10814,337.168416
10815,337.145251
10816,337.488455
10817,337.518493
10818,337.548313
10819,337.577866
10820,337.607088
10821,337.635897
10822,337.664203
10823,337.691904
10824,337.718895
10825,337.745065
10826,337.770298
10827,337.79447
10828,337.817442
10829,337.839055
10830,337.859119
10831,337.877399
10832,337.893593
10833,337.907304
10834,337.91828
10835,337.926374
10836,337.931509
10837,337.93367
10838,337.932888
10839,337.929227
10840,337.92278
10841,337.913661
10842,337.902
10843,337.887948
10844,337.871678
10845,337.853389
10846,337.833317
10847,337.81175
10848,337.78905
10849,337.765702
10850,337.742069
10851,337.718421
10852,337.694956
10853,337.671818
10854,337.649103
10855,337.626873
10856,337.605159
10857,337.583969
10858,337.563289
10859,337.543088
10860,337.523322
10861,337.503936
10862,337.484863
10863,337.466034
10864,337.44737
10865,337.428794
10866,337.410228
10867,337.391595
10868,337.372825
10869,337.35385
10870,337.334611
10871,337.315055
10872,337.295136
10873,337.274816
10874,337.254065
10875,337.232861
10876,337.211191
10877,337.189047
10878,337.166433
10879,337.143357
10880,337.498693
10881,337.529276
10882,337.559608
10883,337.589631
10884,337.619263
10885,337.648407
10886,337.676948
10887,337.704766
10888,337.731734
10889,337.757725
10890,337.782609
10891,337.806252
10892,337.828509
10893,337.849224
10894,337.868213
10895,337.885261
10896,337.900106
10897,337.912428
10898,337.922017
10899,337.928752
10900,337.932582
10901,337.933514
10902,337.931598
10903,337.92692
10904,337.919589
10905,337.909731
10906,337.89749
10907,337.883023
10908,337.866503
10909,337.848131
10910,337.828135
10911,337.806785
10912,337.784412
10913,337.761429
10914,337.738161
10915,337.714858
10916,337.691706
10917,337.668845
10918,337.646369
10919,337.62434
10920,337.602791
10921,337.581733
10922,337.561153
10923,337.541027
10924,337.521313
10925,337.501958
10926,337.482902
10927,337.464075
10928,337.445405
10929,337.426817
10930,337.408234
10931,337.389583
10932,337.370795
10933,337.351807
10934,337.33256
10935,337.313002
10936,337.293091
10937,337.272788
10938,337.252065
10939,337.230901
10940,337.209281
10941,337.187199
10942,337.164657
10943,337.141666
10944,337.508568
10945,337.539684
10946,337.570527
10947,337.601025
10948,337.631081
10949,337.660572
10950,337.689362
10951,337.717303
10952,337.744248
10953,337.770049
10954,337.794562
10955,337.817643
10956,337.839144
10957,337.858906
10958,337.876755
10959,337.892495
10960,337.905904
10961,337.916746
10962,337.924854
10963,337.930136
10964,337.932566
10965,337.932176
10966,337.929041
10967,337.92327
10968,337.914991
10969,337.904348
10970,337.891494
10971,337.876593
10972,337.859822
10973,337.841377
10974,337.82148
10975,337.800387
10976,337.778392
10977,337.755827
10978,337.732979
10979,337.710078
10980,337.687301
10981,337.664779
10982,337.642607
10983,337.620846
10984,337.599531
10985,337.578674
10986,337.558267
10987,337.538288
10988,337.518698
10989,337.49945
10990,337.480484
10991,337.461735
10992,337.443132
10993,337.4246
10994,337.406066
10995,337.387459
10996,337.368711
10997,337.349761
10998,337.330551
10999,337.311033
11000,337.291163
11001,337.270907
11002,337.250235
11003,337.229127
11004,337.207568
11005,337.185554
11006,337.163086
11007,337.140173
11008,337.518012
11009,337.549649
11010,337.581001
11011,337.611984
11012,337.642481
11013,337.672345
11014,337.701406
11015,337.72949
11016,337.756422
11017,337.782036
11018,337.806174
11019,337.828683
11020,337.849409
11021,337.868199
11022,337.884887
11023,337.899299
11024,337.911255
11025,337.92058
11026,337.927155
11027,337.930918
11028,337.931874
11029,337.930083
11030,337.925653
11031,337.91872
11032,337.909436
11033,337.89796
11034,337.884457
11035,337.869097
11036,337.852058
11037,337.83353
11038,337.813726
11039,337.79288
11040,337.771249
11041,337.749106
11042,337.726696
11043,337.704227
11044,337.681861
11045,337.659724
11046,337.637905
11047,337.616465
11048,337.595441
11049,337.574845
11050,337.554674
11051,337.534907
11052,337.51551
11053,337.496436
11054,337.477631
11055,337.459028
11056,337.440559
11057,337.42215
11058,337.403728
11059,337.385223
11060,337.366569
11061,337.347705
11062,337.328576
11063,337.309136
11064,337.289342
11065,337.269159
11066,337.24856
11067,337.227525
11068,337.20604
11069,337.1841
11070,337.161705
11071,337.138865
11072,337.52693
11073,337.559072
11074,337.590931
11075,337.62241
11076,337.653372
11077,337.683637
11078,337.713001
11079,337.741253
11080,337.768193
11081,337.793634
11082,337.817406
11083,337.839348
11084,337.859307
11085,337.87713
11086,337.892668
11087,337.905768
11088,337.916286
11089,337.924097
11090,337.929117
11091,337.931324
11092,337.930752
11093,337.9275
11094,337.92171
11095,337.913555
11096,337.903214
11097,337.890863
11098,337.876677
11099,337.86083
11100,337.843497
11101,337.824863
11102,337.805125
11103,337.784492
11104,337.763191
11105,337.741446
11106,337.719467
11107,337.697437
11108,337.675501
11109,337.653775
11110,337.632344
11111,337.611267
11112,337.590579
11113,337.570296
11114,337.550415
11115,337.530917
11116,337.511771
11117,337.492935
11118,337.474352
11119,337.455961
11120,337.43769
11121,337.419466
11122,337.401214
11123,337.382866
11124,337.364355
11125,337.345623
11126,337.326618
11127,337.307291
11128,337.287603
11129,337.267521
11130,337.247018
11131,337.226073
11132,337.204673
11133,337.182812
11134,337.160492
11135,337.137721
11136,337.535206
11137,337.567829
11138,337.600187
11139,337.632169
11140,337.663615
11141,337.694313
11142,337.724013
11143,337.752463
11144,337.779433
11145,337.80472
11146,337.828143
11147,337.849536
11148,337.868746
11149,337.88563
11150,337.90005
11151,337.911875
11152,337.920993
11153,337.927312
11154,337.930787
11155,337.931425
11156,337.929296
11157,337.924537
11158,337.91734
11159,337.907919
11160,337.896482
11161,337.883225
11162,337.868328
11163,337.851968
11164,337.834316
11165,337.815546
11166,337.795839
11167,337.775382
11168,337.754368
11169,337.732987
11170,337.711419
11171,337.689819
11172,337.668317
11173,337.647017
11174,337.625998
11175,337.605314
11176,337.585
11177,337.56507
11178,337.545523
11179,337.526344
11180,337.507503
11181,337.488957
11182,337.470655
11183,337.452533
11184,337.43452
11185,337.416537
11186,337.398509
11187,337.380367
11188,337.362047
11189,337.34349
11190,337.324645
11191,337.305466
11192,337.285915
11193,337.26596
11194,337.245572
11195,337.224734
11196,337.203431
11197,337.181658
11198,337.159415
11199,337.136711
11200,337.542699
11201,337.575772
11202,337.608606
11203,337.641084
11204,337.673025
11205,337.704181
11206,337.734242
11207,337.762909
11208,337.789926
11209,337.815074
11210,337.838164
11211,337.85903
11212,337.877522
11213,337.893505
11214,337.906852
11215,337.917456
11216,337.925225
11217,337.9301
11218,337.932062
11219,337.931148
11220,337.927459
11221,337.921172
11222,337.912542
11223,337.901834
11224,337.889286
11225,337.875108
11226,337.859488
11227,337.842599
11228,337.824608
11229,337.805676
11230,337.785968
11231,337.765647
11232,337.744882
11233,337.723831
11234,337.702647
11235,337.681462
11236,337.66039
11237,337.639522
11238,337.618929
11239,337.59866
11240,337.578747
11241,337.559204
11242,337.54003
11243,337.52121
11244,337.502717
11245,337.48451
11246,337.466538
11247,337.448737
11248,337.431033
11249,337.413342
11250,337.395586
11251,337.377696
11252,337.359607
11253,337.341263
11254,337.322614
11255,337.303616
11256,337.28423
11257,337.264425
11258,337.244175
11259,337.223459
11260,337.202266
11261,337.180589
11262,337.158427
11263,337.135789
11264,337.549253
11265,337.582728
11266,337.616001
11267,337.648944
11268,337.681361
11269,337.712972
11270,337.743394
11271,337.772275
11272,337.799336
11273,337.824349
11274,337.84712
11275,337.867482
11276,337.885289
11277,337.900414
11278,337.912745
11279,337.922189
11280,337.928677
11281,337.932173
11282,337.932683
11283,337.930267
11284,337.925053
11285,337.917256
11286,337.907206
11287,337.895227
11288,337.881583
11289,337.866496
11290,337.850158
11291,337.832741
11292,337.814401
11293,337.795291
11294,337.775557
11295,337.755344
11296,337.734794
11297,337.714043
11298,337.693218
11299,337.672432
11300,337.651782
11301,337.631346
11302,337.611187
11303,337.591348
11304,337.571858
11305,337.552728
11306,337.533957
11307,337.515531
11308,337.497422
11309,337.479593
11310,337.461991
11311,337.444553
11312,337.427203
11313,337.409846
11314,337.392403
11315,337.374803
11316,337.356983
11317,337.338886
11318,337.320466
11319,337.301677
11320,337.282482
11321,337.262852
11322,337.242759
11323,337.222184
11324,337.201114
11325,337.179541
11326,337.157467
11327,337.134898
11328,337.554702
11329,337.588519
11330,337.622167
11331,337.655512
11332,337.688338
11333,337.72033
11334,337.751051
11335,337.780103
11336,337.807183
11337,337.83205
11338,337.854505
11339,337.874381
11340,337.891536
11341,337.905851
11342,337.917225
11343,337.925581
11344,337.930867
11345,337.933069
11346,337.932213
11347,337.928383
11348,337.921736
11349,337.912526
11350,337.901143
11351,337.887962
11352,337.873275
11353,337.857319
11354,337.840292
11355,337.822362
11356,337.803682
11357,337.784389
11358,337.764617
11359,337.744492
11360,337.724135
11361,337.70366
11362,337.683175
11363,337.662773
11364,337.642537
11365,337.622533
11366,337.602813
11367,337.583415
11368,337.564363
11369,337.545666
11370,337.527322
11371,337.509317
11372,337.491622
11373,337.474201
11374,337.457
11375,337.439957
11376,337.42299
11377,337.405998
11378,337.3889
11379,337.371621
11380,337.3541
11381,337.336283
11382,337.318119
11383,337.299566
11384,337.280589
11385,337.261155
11386,337.241239
11387,337.220822
11388,337.199889
11389,337.178434
11390,337.156455
11391,337.13396
11392,337.558888
11393,337.592971
11394,337.626914
11395,337.660573
11396,337.693713
11397,337.725989
11398,337.756922
11399,337.786078
11400,337.813131
11401,337.837826
11402,337.859959
11403,337.87936
11404,337.895893
11405,337.909445
11406,337.919925
11407,337.92727
11408,337.931444
11409,337.93245
11410,337.930335
11411,337.925207
11412,337.91725
11413,337.906755
11414,337.89416
11415,337.879878
11416,337.864232
11417,337.847475
11418,337.829809
11419,337.811403
11420,337.792404
11421,337.772941
11422,337.753132
11423,337.733087
11424,337.712911
11425,337.6927
11426,337.672541
11427,337.652514
11428,337.632685
11429,337.613111
11430,337.593834
11431,337.574885
11432,337.556284
11433,337.538037
11434,337.52014
11435,337.502576
11436,337.485319
11437,337.468328
11438,337.451553
11439,337.434927
11440,337.418365
11441,337.401763
11442,337.385034
11443,337.368104
11444,337.35091
11445,337.333397
11446,337.315516
11447,337.297226
11448,337.278489
11449,337.259275
11450,337.239556
11451,337.219314
11452,337.198534
11453,337.177208
11454,337.155334
11455,337.132921
11456,337.561663
11457,337.595926
11458,337.630072
11459,337.663944
11460,337.697291
11461,337.729743
11462,337.760789
11463,337.78997
11464,337.816939
11465,337.841426
11466,337.863221
11467,337.882155
11468,337.898093
11469,337.910926
11470,337.920576
11471,337.92699
11472,337.930147
11473,337.930065
11474,337.926811
11475,337.920514
11476,337.911388
11477,337.899751
11478,337.88608
11479,337.870821
11480,337.854321
11481,337.836848
11482,337.818612
11483,337.799784
11484,337.780505
11485,337.760897
11486,337.741066
11487,337.721109
11488,337.701114
11489,337.681162
11490,337.661325
11491,337.641667
11492,337.622244
11493,337.6031
11494,337.58427
11495,337.565778
11496,337.547639
11497,337.529855
11498,337.512419
11499,337.495314
11500,337.478512
11501,337.461971
11502,337.44564
11503,337.429449
11504,337.41331
11505,337.397117
11506,337.380778
11507,337.36422
11508,337.347376
11509,337.330192
11510,337.312619
11511,337.294615
11512,337.276142
11513,337.257168
11514,337.237668
11515,337.217619
11516,337.197008
11517,337.175825
11518,337.154069
11519,337.131747
11520,337.562902
11521,337.597251
11522,337.631497
11523,337.665474
11524,337.698916
11525,337.731434
11526,337.762494
11527,337.791614
11528,337.818433
11529,337.842669
11530,337.864106
11531,337.882573
11532,337.897937
11533,337.910096
11534,337.918978
11535,337.924542
11536,337.926779
11537,337.925722
11538,337.921455
11539,337.914129
11540,337.903978
11541,337.89135
11542,337.876747
11543,337.860644
11544,337.843408
11545,337.825321
11546,337.806601
11547,337.787419
11548,337.767914
11549,337.7482
11550,337.728375
11551,337.708523
11552,337.68872
11553,337.669034
11554,337.649522
11555,337.630236
11556,337.611221
11557,337.592512
11558,337.574134
11559,337.556107
11560,337.538438
11561,337.521128
11562,337.504167
11563,337.487536
11564,337.471203
11565,337.455128
11566,337.439255
11567,337.423513
11568,337.407814
11569,337.392046
11570,337.376116
11571,337.359948
11572,337.343476
11573,337.326644
11574,337.309402
11575,337.291706
11576,337.27352
11577,337.254809
11578,337.235548
11579,337.215713
11580,337.195288
11581,337.174264
11582,337.152638
11583,337.130418
11584,337.562498
11585,337.596835
11586,337.631075
11587,337.665046
11588,337.69847
11589,337.730942
11590,337.761913
11591,337.790887
11592,337.817486
11593,337.841423
11594,337.862476
11595,337.880473
11596,337.895282
11597,337.906807
11598,337.914983
11599,337.919777
11600,337.921192
11601,337.919274
11602,337.914124
11603,337.905908
11604,337.894881
11605,337.881413
11606,337.866027
11607,337.84922
11608,337.831375
11609,337.812785
11610,337.793676
11611,337.77422
11612,337.754554
11613,337.734787
11614,337.715008
11615,337.695292
11616,337.675703
11617,337.656297
11618,337.637122
11619,337.618217
11620,337.599618
11621,337.58135
11622,337.563433
11623,337.545879
11624,337.528691
11625,337.511866
11626,337.495391
11627,337.479244
11628,337.463393
11629,337.447796
11630,337.432394
11631,337.417116
11632,337.401869
11633,337.386541
11634,337.371037
11635,337.355278
11636,337.339197
11637,337.322738
11638,337.305848
11639,337.288484
11640,337.270607
11641,337.252183
11642,337.233182
11643,337.213581
11644,337.193362
11645,337.172514
11646,337.151033
11647,337.128926
11648,337.560371
11649,337.594593
11650,337.628719
11651,337.66257
11652,337.695861
11653,337.728178
11654,337.758959
11655,337.787697
11656,337.814007
11657,337.837595
11658,337.858234
11659,337.875754
11660,337.890024
11661,337.900952
11662,337.90848
11663,337.912582
11664,337.913272
11665,337.910608
11666,337.904702
11667,337.895736
11668,337.883981
11669,337.869823
11670,337.853804
11671,337.836435
11672,337.818112
11673,337.799139
11674,337.779746
11675,337.760106
11676,337.740355
11677,337.720597
11678,337.700914
11679,337.681373
11680,337.66203
11681,337.642929
11682,337.62411
11683,337.605602
11684,337.587431
11685,337.569616
11686,337.55217
11687,337.535099
11688,337.518403
11689,337.502073
11690,337.486095
11691,337.470443
11692,337.455086
11693,337.439977
11694,337.425058
11695,337.410254
11696,337.395473
11697,337.380598
11698,337.365535
11699,337.350202
11700,337.334532
11701,337.318466
11702,337.301951
11703,337.284942
11704,337.267398
11705,337.249284
11706,337.230568
11707,337.211224
11708,337.191231
11709,337.170577
11710,337.149256
11711,337.127275
11712,337.556462
11713,337.590463
11714,337.624363
11715,337.657981
11716,337.691026
11717,337.723077
11718,337.753567
11719,337.781981
11720,337.80793
11721,337.831115
11722,337.85131
11723,337.868342
11724,337.882085
11725,337.892451
11726,337.899386
11727,337.902873
11728,337.902933
11729,337.899634
11730,337.893098
11731,337.88352
11732,337.871182
11733,337.856484
11734,337.83998
11735,337.822192
11736,337.803527
11737,337.784295
11738,337.764728
11739,337.745002
11740,337.72525
11741,337.705572
11742,337.686045
11743,337.666729
11744,337.647671
11745,337.628908
11746,337.610469
11747,337.592379
11748,337.574655
11749,337.557309
11750,337.540347
11751,337.523772
11752,337.507578
11753,337.491754
11754,337.476283
11755,337.461138
11756,337.446283
11757,337.431673
11758,337.417247
11759,337.402929
11760,337.388625
11761,337.374217
11762,337.35961
11763,337.34472
11764,337.329479
11765,337.313827
11766,337.297709
11767,337.281079
11768,337.263895
11769,337.246116
11770,337.227711
11771,337.208648
11772,337.188905
11773,337.168465
11774,337.147322
11775,337.12548
11776,337.550731
11777,337.584404
11778,337.617967
11779,337.651237
11780,337.683921
11781,337.715597
11782,337.745693
11783,337.773694
11784,337.799208
11785,337.821936
11786,337.841652
11787,337.858184
11788,337.87141
11789,337.881244
11790,337.88764
11791,337.890584
11792,337.890106
11793,337.886281
11794,337.879239
11795,337.869183
11796,337.856406
11797,337.841315
11798,337.824474
11799,337.806412
11800,337.787541
11801,337.768176
11802,337.748552
11803,337.728843
11804,337.709181
11805,337.689662
11806,337.670358
11807,337.651322
11808,337.632596
11809,337.61421
11810,337.596185
11811,337.57854
11812,337.561284
11813,337.544425
11814,337.527964
11815,337.511898
11816,337.496219
11817,337.480914
11818,337.465961
11819,337.451332
11820,337.43699
11821,337.422888
11822,337.408965
11823,337.395144
11824,337.381328
11825,337.3674
11826,337.353263
11827,337.338833
11828,337.32404
11829,337.308823
11830,337.293127
11831,337.276902
11832,337.260103
11833,337.24269
11834,337.224623
11835,337.205871
11836,337.186404
11837,337.166202
11838,337.145255
11839,337.123564
11840,337.543163
11841,337.576399
11842,337.60951
11843,337.642315
11844,337.674523
11845,337.705711
11846,337.735311
11847,337.762809
11848,337.787813
11849,337.810026
11850,337.829225
11851,337.845242
11852,337.857957
11853,337.867288
11854,337.873193
11855,337.875666
11856,337.874739
11857,337.870493
11858,337.863066
11859,337.852666
11860,337.83959
11861,337.824253
11862,337.80722
11863,337.789028
11864,337.770091
11865,337.750723
11866,337.73116
11867,337.711577
11868,337.6921
11869,337.672824
11870,337.653816
11871,337.635124
11872,337.616783
11873,337.598817
11874,337.581244
11875,337.564074
11876,337.547313
11877,337.530963
11878,337.515022
11879,337.499482
11880,337.484333
11881,337.469557
11882,337.455133
11883,337.441031
11884,337.427212
11885,337.413628
11886,337.400217
11887,337.386902
11888,337.373586
11889,337.360151
11890,337.346499
11891,337.332545
11892,337.31822
11893,337.303461
11894,337.288211
11895,337.272418
11896,337.256036
11897,337.239019
11898,337.221325
11899,337.202915
11900,337.183756
11901,337.163819
11902,337.143089
11903,337.121563
11904,337.53376
11905,337.566449
11906,337.598993
11907,337.631213
11908,337.662824
11909,337.693411
11910,337.722409
11911,337.74931
11912,337.773726
11913,337.795366
11914,337.814009
11915,337.829492
11916,337.841698
11917,337.850552
11918,337.856014
11919,337.858081
11920,337.856791
11921,337.852229
11922,337.844535
11923,337.833921
11924,337.820686
11925,337.805247
11926,337.78817
11927,337.769992
11928,337.751127
11929,337.731888
11930,337.712509
11931,337.693162
11932,337.673971
11933,337.655027
11934,337.636392
11935,337.61811
11936,337.600212
11937,337.582716
11938,337.565635
11939,337.548976
11940,337.53274
11941,337.516924
11942,337.501524
11943,337.486528
11944,337.471923
11945,337.457691
11946,337.443808
11947,337.430243
11948,337.416956
11949,337.403899
11950,337.39101
11951,337.378211
11952,337.365406
11953,337.352476
11954,337.339323
11955,337.325863
11956,337.312026
11957,337.297748
11958,337.282971
11959,337.267641
11960,337.251709
11961,337.235125
11962,337.217841
11963,337.199814
11964,337.180999
11965,337.161361
11966,337.140874
11967,337.119527
11968,337.522549
11969,337.55458
11970,337.586435
11971,337.617946
11972,337.648837
11973,337.678703
11974,337.70699
11975,337.733196
11976,337.756943
11977,337.777947
11978,337.795991
11979,337.810919
11980,337.822618
11981,337.831017
11982,337.836079
11983,337.837805
11984,337.836236
11985,337.831459
11986,337.823615
11987,337.812915
11988,337.79966
11989,337.784262
11990,337.767288
11991,337.749269
11992,337.730616
11993,337.711639
11994,337.692568
11995,337.673571
11996,337.654769
11997,337.636248
11998,337.618067
11999,337.600266
12000,337.582872
12001,337.565899
12002,337.549356
12003,337.533245
12004,337.517565
12005,337.502311
12006,337.487474
12007,337.473041
12008,337.458998
12009,337.445324
12010,337.431993
12011,337.418975
12012,337.40623
12013,337.393709
12014,337.381351
12015,337.369077
12016,337.356793
12017,337.344381
12018,337.331742
12019,337.318794
12020,337.305466
12021,337.291694
12022,337.277418
12023,337.262584
12024,337.247139
12025,337.231029
12026,337.214202
12027,337.196603
12028,337.17818
12029,337.158884
12030,337.138673
12031,337.117524
12032,337.509581
12033,337.540838
12034,337.571879
12035,337.602549
12036,337.632589
12037,337.661608
12038,337.689067
12039,337.714478
12040,337.737472
12041,337.757773
12042,337.775173
12043,337.789522
12044,337.800712
12045,337.808675
12046,337.813378
12047,337.814826
12048,337.81306
12049,337.808166
12050,337.800286
12051,337.78963
12052,337.776492
12053,337.76128
12054,337.744555
12055,337.72684
12056,337.708541
12057,337.68996
12058,337.671322
12059,337.65279
12060,337.634482
12061,337.616478
12062,337.598834
12063,337.581587
12064,337.564759
12065,337.548364
12066,337.532405
12067,337.516884
12068,337.501795
12069,337.487131
12070,337.472881
12071,337.459032
12072,337.445567
12073,337.432464
12074,337.419699
12075,337.407239
12076,337.395045
12077,337.383069
12078,337.371249
12079,337.35951
12080,337.347757
12081,337.335874
12082,337.323765
12083,337.311346
12084,337.298549
12085,337.285308
12086,337.271564
12087,337.257263
12088,337.242346
12089,337.226758
12090,337.21044
12091,337.193328
12092,337.175357
12093,337.156459
12094,337.13657
12095,337.115644
12096,337.494939
12097,337.525302
12098,337.55539
12099,337.585076
12100,337.614124
12101,337.642163
12102,337.668673
12103,337.69318
12104,337.715332
12105,337.734861
12106,337.751569
12107,337.765312
12108,337.775988
12109,337.783533
12110,337.787917
12111,337.789146
12112,337.787262
12113,337.782349
12114,337.774548
12115,337.764061
12116,337.751178
12117,337.736297
12118,337.719969
12119,337.702705
12120,337.684901
12121,337.66685
12122,337.648771
12123,337.63082
12124,337.61311
12125,337.595717
12126,337.578695
12127,337.562075
12128,337.54588
12129,337.530117
12130,337.514792
12131,337.4999
12132,337.485437
12133,337.471393
12134,337.457756
12135,337.444512
12136,337.431642
12137,337.419126
12138,337.406938
12139,337.395046
12140,337.383412
12141,337.371989
12142,337.360716
12143,337.34952
12144,337.338308
12145,337.326966
12146,337.315399
12147,337.303528
12148,337.291283
12149,337.2786
12150,337.265422
12151,337.25169
12152,337.237349
12153,337.222336
12154,337.206589
12155,337.190034
12156,337.172593
12157,337.154173
12158,337.134679
12159,337.114015
12160,337.478749
12161,337.508079
12162,337.537058
12163,337.565601
12164,337.593503
12165,337.620419
12166,337.645851
12167,337.669344
12168,337.69056
12169,337.709245
12170,337.725211
12171,337.73832
12172,337.748475
12173,337.755618
12174,337.75972
12175,337.760787
12176,337.758861
12177,337.754026
12178,337.746415
12179,337.736225
12180,337.723735
12181,337.709331
12182,337.693547
12183,337.676881
12184,337.659713
12185,337.642327
12186,337.624932
12187,337.607677
12188,337.590668
12189,337.573981
12190,337.557663
12191,337.541745
12192,337.526246
12193,337.511173
12194,337.496529
12195,337.482309
12196,337.468507
12197,337.455112
12198,337.442114
12199,337.429495
12200,337.417239
12201,337.405324
12202,337.393725
12203,337.382412
12204,337.371347
12205,337.360483
12206,337.349764
12207,337.339118
12208,337.328456
12209,337.317666
12210,337.306656
12211,337.295349
12212,337.283678
12213,337.271581
12214,337.259001
12215,337.245881
12216,337.232163
12217,337.217786
12218,337.20268
12219,337.186768
12220,337.169956
12221,337.152129
12222,337.133145
12223,337.112827
12224,337.461205
12225,337.489313
12226,337.516991
12227,337.544212
12228,337.570804
12229,337.596447
12230,337.620666
12231,337.643029
12232,337.663214
12233,337.680982
12234,337.696154
12235,337.708599
12236,337.718227
12237,337.724981
12238,337.728835
12239,337.729796
12240,337.727904
12241,337.723239
12242,337.715928
12243,337.70616
12244,337.694201
12245,337.68042
12246,337.665329
12247,337.649407
12248,337.633016
12249,337.616427
12250,337.599837
12251,337.58339
12252,337.567186
12253,337.551295
12254,337.535763
12255,337.52062
12256,337.50588
12257,337.491552
12258,337.477637
12259,337.464129
12260,337.451024
12261,337.438309
12262,337.425973
12263,337.414001
12264,337.402375
12265,337.391076
12266,337.380079
12267,337.369353
12268,337.358865
12269,337.348568
12270,337.33841
12271,337.32832
12272,337.318215
12273,337.307985
12274,337.297545
12275,337.28682
12276,337.275744
12277,337.264261
12278,337.252313
12279,337.239846
12280,337.226804
12281,337.213124
12282,337.198739
12283,337.183568
12284,337.167509
12285,337.150434
12286,337.132155
12287,337.112383
12288,336.954983
12289,336.731342
12290,336.53005
12291,337.141068
12292,336.945742
12293,336.721099
12294,336.522804
12295,337.127632
12296,336.4792
12297,336.260133
12298,336.066761
12299,336.656575
