0,0.000000
1,0.000000
2,0.000000
3,0.000000
4,0.000000
5,0.002604
6,0.003906
7,0.003906
8,0.003906
9,0.003906
10,0.003906
11,0.003906
12,0.003906
13,0.003906
14,0.003906
15,0.003906
16,0.003906
17,0.003906
18,0.003906
19,0.003906
20,0.003906
21,0.001302
22,0.000000
23,0.000000
24,0.000000
25,0.000000
26,0.000000
27,0.000000
28,0.000000
29,0.000000
30,0.000000
31,0.000000
32,0.000000
33,0.000000
34,0.000000
35,0.000000
36,0.000000
37,0.000000
38,0.000000
39,0.000000
40,0.000000
41,0.000000
42,0.000000
43,0.000000
44,0.000000
45,0.000000
46,0.000000
47,0.000000
48,0.000000
49,0.000000
50,0.000000
51,0.000000
52,0.000000
53,0.000000
54,0.000000
55,0.000000
56,0.000000
57,0.000000
58,0.000000
59,0.000000
60,0.000000
61,0.000000
62,0.000000
63,0.000000
64,0.000000
65,0.000000
66,0.000000
67,0.000000
68,0.000000
69,0.002604
70,0.003906
71,0.003906
72,0.003906
73,0.003906
74,0.003906
75,0.003906
76,0.003906
77,0.003906
78,0.003906
79,0.003906
80,0.003906
81,0.003906
82,0.003906
83,0.003906
84,0.003906
85,0.001302
86,0.000000
87,0.000000
88,0.000000
89,0.000000
90,0.000000
91,0.000000
92,0.000000
93,0.000000
94,0.000000
95,0.000000
96,0.000000
97,0.000000
98,0.000000
99,0.000000
100,0.000000
101,0.000000
102,0.000000
103,0.000000
104,0.000000
105,0.000000
106,0.000000
107,0.000000
108,0.000000
109,0.000000
110,0.000000
111,0.000000
112,0.000000
113,0.000000
114,0.000000
115,0.000000
116,0.000000
117,0.000000
118,0.000000
119,0.000000
120,0.000000
121,0.000000
122,0.000000
123,0.000000
124,0.000000
125,0.000000
126,0.000000
127,0.000000
128,0.000000
129,0.000000
130,0.000000
131,0.000000
132,0.000000
133,0.002604
134,0.003906
135,0.003906
136,0.003906
137,0.003906
138,0.003906
139,0.003906
140,0.003906
141,0.003906
142,0.003906
143,0.003906
144,0.003906
145,0.003906
146,0.003906
147,0.003906
148,0.003906
149,0.001302
150,0.000000
151,0.000000
152,0.000000
153,0.000000
154,0.000000
155,0.000000
156,0.000000
157,0.000000
158,0.000000
159,0.000000
160,0.000000
161,0.000000
162,0.000000
163,0.000000
164,0.000000
165,0.000000
166,0.000000
167,0.000000
168,0.000000
169,0.000000
170,0.000000
171,0.000000
172,0.000000
173,0.000000
174,0.000000
175,0.000000
176,0.000000
177,0.000000
178,0.000000
179,0.000000
180,0.000000
181,0.000000
182,0.000000
183,0.000000
184,0.000000
185,0.000000
186,0.000000
187,0.000000
188,0.000000
189,0.000000
190,0.000000
191,0.000000
192,0.000000
193,0.000000
194,0.000000
195,0.000000
196,0.000000
197,0.002604
198,0.003906
199,0.003906
200,0.003906
201,0.003906
202,0.003906
203,0.003906
204,0.003906
205,0.003906
206,0.003906
207,0.003906
208,0.003906
209,0.003906
210,0.003906
211,0.003906
212,0.003906
213,0.001302
214,0.000000
215,0.000000
216,0.000000
217,0.000000
218,0.000000
219,0.000000
220,0.000000
221,0.000000
222,0.000000
223,0.000000
224,0.000000
225,0.000000
226,0.000000
227,0.000000
228,0.000000
229,0.000000
230,0.000000
231,0.000000
232,0.000000
233,0.000000
234,0.000000
235,0.000000
236,0.000000
237,0.000000
238,0.000000
239,0.000000
240,0.000000
241,0.000000
242,0.000000
243,0.000000
244,0.000000
245,0.000000
246,0.000000
247,0.000000
248,0.000000
249,0.000000
250,0.000000
251,0.000000
252,0.000000
253,0.000000
254,0.000000
255,0.000000
256,0.000000
257,0.000000
258,0.000000
259,0.000000
260,0.000000
261,0.002604
262,0.003906
263,0.003906
264,0.003906
265,0.003906
266,0.003906
267,0.003906
268,0.003906
269,0.003906
270,0.003906
271,0.003906
272,0.003906
273,0.003906
274,0.003906
275,0.003906
276,0.003906
277,0.001302
278,0.000000
279,0.000000
280,0.000000
281,0.000000
282,0.000000
283,0.000000
284,0.000000
285,0.000000
286,0.000000
287,0.000000
288,0.000000
289,0.000000
290,0.000000
291,0.000000
292,0.000000
293,0.000000
294,0.000000
295,0.000000
296,0.000000
297,0.000000
298,0.000000
299,0.000000
300,0.000000
301,0.000000
302,0.000000
303,0.000000
304,0.000000
305,0.000000
306,0.000000
307,0.000000
308,0.000000
309,0.000000
310,0.000000
311,0.000000
312,0.000000
313,0.000000
314,0.000000
315,0.000000
316,0.000000
317,0.000000
318,0.000000
319,0.000000
320,0.000000
321,0.000000
322,0.000000
323,0.000000
324,0.000000
325,0.002604
326,0.003906
327,0.003906
328,0.003906
329,0.003906
330,0.003906
331,0.003906
332,0.003906
333,0.003906
334,0.003906
335,0.003906
336,0.003906
337,0.003906
338,0.003906
339,0.003906
340,0.003906
341,0.001302
342,0.000000
343,0.000000
344,0.000000
345,0.000000
346,0.000000
347,0.000000
348,0.000000
349,0.000000
350,0.000000
351,0.000000
352,0.000000
353,0.000000
354,0.000000
355,0.000000
356,0.000000
357,0.000000
358,0.000000
359,0.000000
360,0.000000
361,0.000000
362,0.000000
363,0.000000
364,0.000000
365,0.000000
366,0.000000
367,0.000000
368,0.000000
369,0.000000
370,0.000000
371,0.000000
372,0.000000
373,0.000000
374,0.000000
375,0.000000
376,0.000000
377,0.000000
378,0.000000
379,0.000000
380,0.000000
381,0.000000
382,0.000000
383,0.000000
384,0.000000
385,0.000000
386,0.000000
387,0.000000
388,0.000000
389,0.002604
390,0.003906
391,0.003906
392,0.003906
393,0.003906
394,0.003906
395,0.003906
396,0.003906
397,0.003906
398,0.003906
399,0.003906
400,0.003906
401,0.003906
402,0.003906
403,0.003906
404,0.003906
405,0.001302
406,0.000000
407,0.000000
408,0.000000
409,0.000000
410,0.000000
411,0.000000
412,0.000000
413,0.000000
414,0.000000
415,0.000000
416,0.000000
417,0.000000
418,0.000000
419,0.000000
420,0.000000
421,0.000000
422,0.000000
423,0.000000
424,0.000000
425,0.000000
426,0.000000
427,0.000000
428,0.000000
429,0.000000
430,0.000000
431,0.000000
432,0.000000
433,0.000000
434,0.000000
435,0.000000
436,0.000000
437,0.000000
438,0.000000
439,0.000000
440,0.000000
441,0.000000
442,0.000000
443,0.000000
444,0.000000
445,0.000000
446,0.000000
447,0.000000
448,0.000000
449,0.000000
450,0.000000
451,0.000000
452,0.000000
453,0.002604
454,0.003906
455,0.003906
456,0.003906
457,0.003906
458,0.003906
459,0.003906
460,0.003906
461,0.003906
462,0.003906
463,0.003906
464,0.003906
465,0.003906
466,0.003906
467,0.003906
468,0.003906
469,0.001302
470,0.000000
471,0.000000
472,0.000000
473,0.000000
474,0.000000
475,0.000000
476,0.000000
477,0.000000
478,0.000000
479,0.000000
480,0.000000
481,0.000000
482,0.000000
483,0.000000
484,0.000000
485,0.000000
486,0.000000
487,0.000000
488,0.000000
489,0.000000
490,0.000000
491,0.000000
492,0.000000
493,0.000000
494,0.000000
495,0.000000
496,0.000000
497,0.000000
498,0.000000
499,0.000000
500,0.000000
501,0.000000
502,0.000000
503,0.000000
504,0.000000
505,0.000000
506,0.000000
507,0.000000
508,0.000000
509,0.000000
510,0.000000
511,0.000000
512,0.000000
513,0.000000
514,0.000000
515,0.000000
516,0.000000
517,0.002604
518,0.003906
519,0.003906
520,0.003906
521,0.003906
522,0.003906
523,0.003906
524,0.003906
525,0.003906
526,0.003906
527,0.003906
528,0.003906
529,0.003906
530,0.003906
531,0.003906
532,0.003906
533,0.001302
534,0.000000
535,0.000000
536,0.000000
537,0.000000
538,0.000000
539,0.000000
540,0.000000
541,0.000000
542,0.000000
543,0.000000
544,0.000000
545,0.000000
546,0.000000
547,0.000000
548,0.000000
549,0.000000
550,0.000000
551,0.000000
552,0.000000
553,0.000000
554,0.000000
555,0.000000
556,0.000000
557,0.000000
558,0.000000
559,0.000000
560,0.000000
561,0.000000
562,0.000000
563,0.000000
564,0.000000
565,0.000000
566,0.000000
567,0.000000
568,0.000000
569,0.000000
570,0.000000
571,0.000000
572,0.000000
573,0.000000
574,0.000000
575,0.000000
576,0.000000
577,0.000000
578,0.000000
579,0.000000
580,0.000000
581,0.002604
582,0.003906
583,0.003906
584,0.003906
585,0.003906
586,0.003906
587,0.003906
588,0.003906
589,0.003906
590,0.003906
591,0.003906
592,0.003906
593,0.003906
594,0.003906
595,0.003906
596,0.003906
597,0.001302
598,0.000000
599,0.000000
600,0.000000
601,0.000000
602,0.000000
603,0.000000
604,0.000000
605,0.000000
606,0.000000
607,0.000000
608,0.000000
609,0.000000
610,0.000000
611,0.000000
612,0.000000
613,0.000000
614,0.000000
615,0.000000
616,0.000000
617,0.000000
618,0.000000
619,0.000000
620,0.000000
621,0.000000
622,0.000000
623,0.000000
624,0.000000
625,0.000000
626,0.000000
627,0.000000
628,0.000000
629,0.000000
630,0.000000
631,0.000000
632,0.000000
633,0.000000
634,0.000000
635,0.000000
636,0.000000
637,0.000000
638,0.000000
639,0.000000
640,0.000000
641,0.000000
642,0.000000
643,0.000000
644,0.000000
645,0.002604
646,0.003906
647,0.003906
648,0.003906
649,0.003906
650,0.003906
651,0.003906
652,0.003906
653,0.003906
654,0.003906
655,0.003906
656,0.003906
657,0.003906
658,0.003906
659,0.003906
660,0.003906
661,0.001302
662,0.000000
663,0.000000
664,0.000000
665,0.000000
666,0.000000
667,0.000000
668,0.000000
669,0.000000
670,0.000000
671,0.000000
672,0.000000
673,0.000000
674,0.000000
675,0.000000
676,0.000000
677,0.000000
678,0.000000
679,0.000000
680,0.000000
681,0.000000
682,0.000000
683,0.000000
684,0.000000
685,0.000000
686,0.000000
687,0.000000
688,0.000000
689,0.000000
690,0.000000
691,0.000000
692,0.000000
693,0.000000
694,0.000000
695,0.000000
696,0.000000
697,0.000000
698,0.000000
699,0.000000
700,0.000000
701,0.000000
702,0.000000
703,0.000000
704,0.000000
705,0.000000
706,0.000000
707,0.000000
708,0.000000
709,0.002604
710,0.003906
711,0.003906
712,0.003906
713,0.003906
714,0.003906
715,0.003906
716,0.003906
717,0.003906
718,0.003906
719,0.003906
720,0.003906
721,0.003906
722,0.003906
723,0.003906
724,0.003906
725,0.001302
726,0.000000
727,0.000000
728,0.000000
729,0.000000
730,0.000000
731,0.000000
732,0.000000
733,0.000000
734,0.000000
735,0.000000
736,0.000000
737,0.000000
738,0.000000
739,0.000000
740,0.000000
741,0.000000
742,0.000000
743,0.000000
744,0.000000
745,0.000000
746,0.000000
747,0.000000
748,0.000000
749,0.000000
750,0.000000
751,0.000000
752,0.000000
753,0.000000
754,0.000000
755,0.000000
756,0.000000
757,0.000000
758,0.000000
759,0.000000
760,0.000000
761,0.000000
762,0.000000
763,0.000000
764,0.000000
765,0.000000
766,0.000000
767,0.000000
768,0.000000
769,0.000000
770,0.000000
771,0.000000
772,0.000000
773,0.002604
774,0.003906
775,0.003906
776,0.003906
777,0.003906
778,0.003906
779,0.003906
780,0.003906
781,0.003906
782,0.003906
783,0.003906
784,0.003906
785,0.003906
786,0.003906
787,0.003906
788,0.003906
789,0.001302
790,0.000000
791,0.000000
792,0.000000
793,0.000000
794,0.000000
795,0.000000
796,0.000000
797,0.000000
798,0.000000
799,0.000000
800,0.000000
801,0.000000
802,0.000000
803,0.000000
804,0.000000
805,0.000000
806,0.000000
807,0.000000
808,0.000000
809,0.000000
810,0.000000
811,0.000000
812,0.000000
813,0.000000
814,0.000000
815,0.000000
816,0.000000
817,0.000000
818,0.000000
819,0.000000
820,0.000000
821,0.000000
822,0.000000
823,0.000000
824,0.000000
825,0.000000
826,0.000000
827,0.000000
828,0.000000
829,0.000000
830,0.000000
831,0.000000
832,0.000000
833,0.000000
834,0.000000
835,0.000000
836,0.000000
837,0.002604
838,0.003906
839,0.003906
840,0.003906
841,0.003906
842,0.003906
843,0.003906
844,0.003906
845,0.003906
846,0.003906
847,0.003906
848,0.003906
849,0.003906
850,0.003906
851,0.003906
852,0.003906
853,0.001302
854,0.000000
855,0.000000
856,0.000000
857,0.000000
858,0.000000
859,0.000000
860,0.000000
861,0.000000
862,0.000000
863,0.000000
864,0.000000
865,0.000000
866,0.000000
867,0.000000
868,0.000000
869,0.000000
870,0.000000
871,0.000000
872,0.000000
873,0.000000
874,0.000000
875,0.000000
876,0.000000
877,0.000000
878,0.000000
879,0.000000
880,0.000000
881,0.000000
882,0.000000
883,0.000000
884,0.000000
885,0.000000
886,0.000000
887,0.000000
888,0.000000
889,0.000000
890,0.000000
891,0.000000
892,0.000000
893,0.000000
894,0.000000
895,0.000000
896,0.000000
897,0.000000
898,0.000000
899,0.000000
900,0.000000
901,0.002604
902,0.003906
903,0.003906
904,0.003906
905,0.003906
906,0.003906
907,0.003906
908,0.003906
909,0.003906
910,0.003906
911,0.003906
912,0.003906
913,0.003906
914,0.003906
915,0.003906
916,0.003906
917,0.001302
918,0.000000
919,0.000000
920,0.000000
921,0.000000
922,0.000000
923,0.000000
924,0.000000
925,0.000000
926,0.000000
927,0.000000
928,0.000000
929,0.000000
930,0.000000
931,0.000000
932,0.000000
933,0.000000
934,0.000000
935,0.000000
936,0.000000
937,0.000000
938,0.000000
939,0.000000
940,0.000000
941,0.000000
942,0.000000
943,0.000000
944,0.000000
945,0.000000
946,0.000000
947,0.000000
948,0.000000
949,0.000000
950,0.000000
951,0.000000
952,0.000000
953,0.000000
954,0.000000
955,0.000000
956,0.000000
957,0.000000
958,0.000000
959,0.000000
960,0.000000
961,0.000000
962,0.000000
963,0.000000
964,0.000000
965,0.002604
966,0.003906
967,0.003906
968,0.003906
969,0.003906
970,0.003906
971,0.003906
972,0.003906
973,0.003906
974,0.003906
975,0.003906
976,0.003906
977,0.003906
978,0.003906
979,0.003906
980,0.003906
981,0.001302
982,0.000000
983,0.000000
984,0.000000
985,0.000000
986,0.000000
987,0.000000
988,0.000000
989,0.000000
990,0.000000
991,0.000000
992,0.000000
993,0.000000
994,0.000000
995,0.000000
996,0.000000
997,0.000000
998,0.000000
999,0.000000
1000,0.000000
1001,0.000000
1002,0.000000
1003,0.000000
1004,0.000000
1005,0.000000
1006,0.000000
1007,0.000000
1008,0.000000
1009,0.000000
1010,0.000000
1011,0.000000
1012,0.000000
1013,0.000000
1014,0.000000
1015,0.000000
1016,0.000000
1017,0.000000
1018,0.000000
1019,0.000000
1020,0.000000
1021,0.000000
1022,0.000000
1023,0.000000
1024,0.000000
1025,0.000000
1026,0.000000
1027,0.000000
1028,0.000000
1029,0.000000
1030,0.000000
1031,0.000000
1032,0.000000
1033,0.000000
1034,0.000000
1035,0.000000
1036,0.000000
1037,0.000000
1038,0.000000
1039,0.000000
1040,0.000000
1041,0.000000
1042,0.000000
1043,0.000000
1044,0.000000
1045,0.000000
1046,0.000000
1047,0.000000
1048,0.000000
1049,0.000000
1050,0.000000
1051,0.000000
1052,0.000000
1053,0.000000
1054,0.000000
1055,0.000000
1056,0.035156
1057,0.035156
1058,0.035156
1059,0.035156
1060,0.035156
1061,0.035156
1062,0.035156
1063,0.035156
1064,0.035156
1065,0.035156
1066,0.035156
1067,0.035156
1068,0.035156
1069,0.035156
1070,0.035156
1071,0.035156
1072,0.000000
1073,0.000000
1074,0.000000
1075,0.000000
1076,0.000000
1077,0.000000
1078,0.000000
1079,0.000000
1080,0.000000
1081,0.000000
1082,0.000000
1083,0.000000
1084,0.000000
1085,0.000000
1086,0.000000
1087,0.000000
1088,0.000000
1089,0.000000
1090,0.000000
1091,0.000000
1092,0.000000
1093,0.000000
1094,0.000000
1095,0.000000
1096,0.000000
1097,0.000000
1098,0.000000
1099,0.000000
1100,0.000000
1101,0.000000
1102,0.000000
1103,0.000000
1104,0.000000
1105,0.000000
1106,0.000000
1107,0.000000
1108,0.000000
1109,0.000000
1110,0.000000
1111,0.000000
1112,0.000000
1113,0.000000
1114,0.000000
1115,0.000000
1116,0.000000
1117,0.000000
1118,0.000000
1119,0.000000
1120,0.035156
1121,0.035156
1122,0.035156
1123,0.035156
1124,0.035156
1125,0.035156
1126,0.035156
1127,0.035156
1128,0.035156
1129,0.035156
1130,0.035156
1131,0.035156
1132,0.035156
1133,0.035156
1134,0.035156
1135,0.035156
1136,0.000000
1137,0.000000
1138,0.000000
1139,0.000000
1140,0.000000
1141,0.000000
1142,0.000000
1143,0.000000
1144,0.000000
1145,0.000000
1146,0.000000
1147,0.000000
1148,0.000000
1149,0.000000
1150,0.000000
1151,0.000000
1152,0.000000
1153,0.000000
1154,0.000000
1155,0.000000
1156,0.000000
1157,0.000000
1158,0.000000
1159,0.000000
1160,0.000000
1161,0.000000
1162,0.000000
1163,0.000000
1164,0.000000
1165,0.000000
1166,0.000000
1167,0.000000
1168,0.000000
1169,0.000000
1170,0.000000
1171,0.000000
1172,0.000000
1173,0.000000
1174,0.000000
1175,0.000000
1176,0.000000
1177,0.000000
1178,0.000000
1179,0.000000
1180,0.000000
1181,0.000000
1182,0.000000
1183,0.000000
1184,0.035156
1185,0.035156
1186,0.035156
1187,0.035156
1188,0.035156
1189,0.035156
1190,0.035156
1191,0.035156
1192,0.035156
1193,0.035156
1194,0.035156
1195,0.035156
1196,0.035156
1197,0.035156
1198,0.035156
1199,0.035156
1200,0.000000
1201,0.000000
1202,0.000000
1203,0.000000
1204,0.000000
1205,0.000000
1206,0.000000
1207,0.000000
1208,0.000000
1209,0.000000
1210,0.000000
1211,0.000000
1212,0.000000
1213,0.000000
1214,0.000000
1215,0.000000
1216,0.000000
1217,0.000000
1218,0.000000
1219,0.000000
1220,0.000000
1221,0.000000
1222,0.000000
1223,0.000000
1224,0.000000
1225,0.000000
1226,0.000000
1227,0.000000
1228,0.000000
1229,0.000000
1230,0.000000
1231,0.000000
1232,0.000000
1233,0.000000
1234,0.000000
1235,0.000000
1236,0.000000
1237,0.000000
1238,0.000000
1239,0.000000
1240,0.000000
1241,0.000000
1242,0.000000
1243,0.000000
1244,0.000000
1245,0.000000
1246,0.000000
1247,0.000000
1248,0.035156
1249,0.035156
1250,0.035156
1251,0.035156
1252,0.035156
1253,0.035156
1254,0.035156
1255,0.035156
1256,0.035156
1257,0.035156
1258,0.035156
1259,0.035156
1260,0.035156
1261,0.035156
1262,0.035156
1263,0.035156
1264,0.000000
1265,0.000000
1266,0.000000
1267,0.000000
1268,0.000000
1269,0.000000
1270,0.000000
1271,0.000000
1272,0.000000
1273,0.000000
1274,0.000000
1275,0.000000
1276,0.000000
1277,0.000000
1278,0.000000
1279,0.000000
1280,0.000000
1281,0.000000
1282,0.000000
1283,0.000000
1284,0.000000
1285,0.000000
1286,0.000000
1287,0.000000
1288,0.000000
1289,0.000000
1290,0.000000
1291,0.000000
1292,0.000000
1293,0.000000
1294,0.000000
1295,0.000000
1296,0.000000
1297,0.000000
1298,0.000000
1299,0.000000
1300,0.000000
1301,0.000000
1302,0.000000
1303,0.000000
1304,0.000000
1305,0.000000
1306,0.000000
1307,0.000000
1308,0.000000
1309,0.000000
1310,0.000000
1311,0.000000
1312,0.035156
1313,0.035156
1314,0.035156
1315,0.035156
1316,0.035156
1317,0.035156
1318,0.035156
1319,0.035156
1320,0.035156
1321,0.035156
1322,0.035156
1323,0.035156
1324,0.035156
1325,0.035156
1326,0.035156
1327,0.035156
1328,0.000000
1329,0.000000
1330,0.000000
1331,0.000000
1332,0.000000
1333,0.000000
1334,0.000000
1335,0.000000
1336,0.000000
1337,0.000000
1338,0.000000
1339,0.000000
1340,0.000000
1341,0.000000
1342,0.000000
1343,0.000000
1344,0.000000
1345,0.000000
1346,0.000000
1347,0.000000
1348,0.000000
1349,0.000000
1350,0.000000
1351,0.000000
1352,0.000000
1353,0.000000
1354,0.000000
1355,0.000000
1356,0.000000
1357,0.000000
1358,0.000000
1359,0.000000
1360,0.000000
1361,0.000000
1362,0.000000
1363,0.000000
1364,0.000000
1365,0.000000
1366,0.000000
1367,0.000000
1368,0.000000
1369,0.000000
1370,0.000000
1371,0.000000
1372,0.000000
1373,0.000000
1374,0.000000
1375,0.000000
1376,0.035156
1377,0.035156
1378,0.035156
1379,0.035156
1380,0.035156
1381,0.035156
1382,0.035156
1383,0.035156
1384,0.035156
1385,0.035156
1386,0.035156
1387,0.035156
1388,0.035156
1389,0.035156
1390,0.035156
1391,0.035156
1392,0.000000
1393,0.000000
1394,0.000000
1395,0.000000
1396,0.000000
1397,0.000000
1398,0.000000
1399,0.000000
1400,0.000000
1401,0.000000
1402,0.000000
1403,0.000000
1404,0.000000
1405,0.000000
1406,0.000000
1407,0.000000
1408,0.000000
1409,0.000000
1410,0.000000
1411,0.000000
1412,0.000000
1413,0.000000
1414,0.000000
1415,0.000000
1416,0.000000
1417,0.000000
1418,0.000000
1419,0.000000
1420,0.000000
1421,0.000000
1422,0.000000
1423,0.000000
1424,0.000000
1425,0.000000
1426,0.000000
1427,0.000000
1428,0.000000
1429,0.000000
1430,0.000000
1431,0.000000
1432,0.000000
1433,0.000000
1434,0.000000
1435,0.000000
1436,0.000000
1437,0.000000
1438,0.000000
1439,0.000000
1440,0.035156
1441,0.035156
1442,0.035156
1443,0.035156
1444,0.035156
1445,0.035156
1446,0.035156
1447,0.035156
1448,0.035156
1449,0.035156
1450,0.035156
1451,0.035156
1452,0.035156
1453,0.035156
1454,0.035156
1455,0.035156
1456,0.000000
1457,0.000000
1458,0.000000
1459,0.000000
1460,0.000000
1461,0.000000
1462,0.000000
1463,0.000000
1464,0.000000
1465,0.000000
1466,0.000000
1467,0.000000
1468,0.000000
1469,0.000000
1470,0.000000
1471,0.000000
1472,0.000000
1473,0.000000
1474,0.000000
1475,0.000000
1476,0.000000
1477,0.000000
1478,0.000000
1479,0.000000
1480,0.000000
1481,0.000000
1482,0.000000
1483,0.000000
1484,0.000000
1485,0.000000
1486,0.000000
1487,0.000000
1488,0.000000
1489,0.000000
1490,0.000000
1491,0.000000
1492,0.000000
1493,0.000000
1494,0.000000
1495,0.000000
1496,0.000000
1497,0.000000
1498,0.000000
1499,0.000000
1500,0.000000
1501,0.000000
1502,0.000000
1503,0.000000
1504,0.035156
1505,0.035156
1506,0.035156
1507,0.035156
1508,0.035156
1509,0.035156
1510,0.035156
1511,0.035156
1512,0.035156
1513,0.035156
1514,0.035156
1515,0.035156
1516,0.035156
1517,0.035156
1518,0.035156
1519,0.035156
1520,0.000000
1521,0.000000
1522,0.000000
1523,0.000000
1524,0.000000
1525,0.000000
1526,0.000000
1527,0.000000
1528,0.000000
1529,0.000000
1530,0.000000
1531,0.000000
1532,0.000000
1533,0.000000
1534,0.000000
1535,0.000000
1536,0.000000
1537,0.000000
1538,0.000000
1539,0.000000
1540,0.000000
1541,0.000000
1542,0.000000
1543,0.000000
1544,0.000000
1545,0.000000
1546,0.000000
1547,0.000000
1548,0.000000
1549,0.000000
1550,0.000000
1551,0.000000
1552,0.000000
1553,0.000000
1554,0.000000
1555,0.000000
1556,0.000000
1557,0.000000
1558,0.000000
1559,0.000000
1560,0.000000
1561,0.000000
1562,0.000000
1563,0.000000
1564,0.000000
1565,0.000000
1566,0.000000
1567,0.000000
1568,0.035156
1569,0.035156
1570,0.035156
1571,0.035156
1572,0.035156
1573,0.035156
1574,0.035156
1575,0.035156
1576,0.035156
1577,0.035156
1578,0.035156
1579,0.035156
1580,0.035156
1581,0.035156
1582,0.035156
1583,0.035156
1584,0.000000
1585,0.000000
1586,0.000000
1587,0.000000
1588,0.000000
1589,0.000000
1590,0.000000
1591,0.000000
1592,0.000000
1593,0.000000
1594,0.000000
1595,0.000000
1596,0.000000
1597,0.000000
1598,0.000000
1599,0.000000
1600,0.000000
1601,0.000000
1602,0.000000
1603,0.000000
1604,0.000000
1605,0.000000
1606,0.000000
1607,0.000000
1608,0.000000
1609,0.000000
1610,0.000000
1611,0.000000
1612,0.000000
1613,0.000000
1614,0.000000
1615,0.000000
1616,0.000000
1617,0.000000
1618,0.000000
1619,0.000000
1620,0.000000
1621,0.000000
1622,0.000000
1623,0.000000
1624,0.000000
1625,0.000000
1626,0.000000
1627,0.000000
1628,0.000000
1629,0.000000
1630,0.000000
1631,0.000000
1632,0.035156
1633,0.035156
1634,0.035156
1635,0.035156
1636,0.035156
1637,0.035156
1638,0.035156
1639,0.035156
1640,0.035156
1641,0.035156
1642,0.035156
1643,0.035156
1644,0.035156
1645,0.035156
1646,0.035156
1647,0.035156
1648,0.000000
1649,0.000000
1650,0.000000
1651,0.000000
1652,0.000000
1653,0.000000
1654,0.000000
1655,0.000000
1656,0.000000
1657,0.000000
1658,0.000000
1659,0.000000
1660,0.000000
1661,0.000000
1662,0.000000
1663,0.000000
1664,0.000000
1665,0.000000
1666,0.000000
1667,0.000000
1668,0.000000
1669,0.000000
1670,0.000000
1671,0.000000
1672,0.000000
1673,0.000000
1674,0.000000
1675,0.000000
1676,0.000000
1677,0.000000
1678,0.000000
1679,0.000000
1680,0.000000
1681,0.000000
1682,0.000000
1683,0.000000
1684,0.000000
1685,0.000000
1686,0.000000
1687,0.000000
1688,0.000000
1689,0.000000
1690,0.000000
1691,0.000000
1692,0.000000
1693,0.000000
1694,0.000000
1695,0.000000
1696,0.035156
1697,0.035156
1698,0.035156
1699,0.035156
1700,0.035156
1701,0.035156
1702,0.035156
1703,0.035156
1704,0.035156
1705,0.035156
1706,0.035156
1707,0.035156
1708,0.035156
1709,0.035156
1710,0.035156
1711,0.035156
1712,0.000000
1713,0.000000
1714,0.000000
1715,0.000000
1716,0.000000
1717,0.000000
1718,0.000000
1719,0.000000
1720,0.000000
1721,0.000000
1722,0.000000
1723,0.000000
1724,0.000000
1725,0.000000
1726,0.000000
1727,0.000000
1728,0.000000
1729,0.000000
1730,0.000000
1731,0.000000
1732,0.000000
1733,0.000000
1734,0.000000
1735,0.000000
1736,0.000000
1737,0.000000
1738,0.000000
1739,0.000000
1740,0.000000
1741,0.000000
1742,0.000000
1743,0.000000
1744,0.000000
1745,0.000000
1746,0.000000
1747,0.000000
1748,0.000000
1749,0.000000
1750,0.000000
1751,0.000000
1752,0.000000
1753,0.000000
1754,0.000000
1755,0.000000
1756,0.000000
1757,0.000000
1758,0.000000
1759,0.000000
1760,0.035156
1761,0.035156
1762,0.035156
1763,0.035156
1764,0.035156
1765,0.035156
1766,0.035156
1767,0.035156
1768,0.035156
1769,0.035156
1770,0.035156
1771,0.035156
1772,0.035156
1773,0.035156
1774,0.035156
1775,0.035156
1776,0.000000
1777,0.000000
1778,0.000000
1779,0.000000
1780,0.000000
1781,0.000000
1782,0.000000
1783,0.000000
1784,0.000000
1785,0.000000
1786,0.000000
1787,0.000000
1788,0.000000
1789,0.000000
1790,0.000000
1791,0.000000
1792,0.000000
1793,0.000000
1794,0.000000
1795,0.000000
1796,0.000000
1797,0.000000
1798,0.000000
1799,0.000000
1800,0.000000
1801,0.000000
1802,0.000000
1803,0.000000
1804,0.000000
1805,0.000000
1806,0.000000
1807,0.000000
1808,0.000000
1809,0.000000
1810,0.000000
1811,0.000000
1812,0.000000
1813,0.000000
1814,0.000000
1815,0.000000
1816,0.000000
1817,0.000000
1818,0.000000
1819,0.000000
1820,0.000000
1821,0.000000
1822,0.000000
1823,0.000000
1824,0.035156
1825,0.035156
1826,0.035156
1827,0.035156
1828,0.035156
1829,0.035156
1830,0.035156
1831,0.035156
1832,0.035156
1833,0.035156
1834,0.035156
1835,0.035156
1836,0.035156
1837,0.035156
1838,0.035156
1839,0.035156
1840,0.000000
1841,0.000000
1842,0.000000
1843,0.000000
1844,0.000000
1845,0.000000
1846,0.000000
1847,0.000000
1848,0.000000
1849,0.000000
1850,0.000000
1851,0.000000
1852,0.000000
1853,0.000000
1854,0.000000
1855,0.000000
1856,0.000000
1857,0.000000
1858,0.000000
1859,0.000000
1860,0.000000
1861,0.000000
1862,0.000000
1863,0.000000
1864,0.000000
1865,0.000000
1866,0.000000
1867,0.000000
1868,0.000000
1869,0.000000
1870,0.000000
1871,0.000000
1872,0.000000
1873,0.000000
1874,0.000000
1875,0.000000
1876,0.000000
1877,0.000000
1878,0.000000
1879,0.000000
1880,0.000000
1881,0.000000
1882,0.000000
1883,0.000000
1884,0.000000
1885,0.000000
1886,0.000000
1887,0.000000
1888,0.035156
1889,0.035156
1890,0.035156
1891,0.035156
1892,0.035156
1893,0.035156
1894,0.035156
1895,0.035156
1896,0.035156
1897,0.035156
1898,0.035156
1899,0.035156
1900,0.035156
1901,0.035156
1902,0.035156
1903,0.035156
1904,0.000000
1905,0.000000
1906,0.000000
1907,0.000000
1908,0.000000
1909,0.000000
1910,0.000000
1911,0.000000
1912,0.000000
1913,0.000000
1914,0.000000
1915,0.000000
1916,0.000000
1917,0.000000
1918,0.000000
1919,0.000000
1920,0.000000
1921,0.000000
1922,0.000000
1923,0.000000
1924,0.000000
1925,0.000000
1926,0.000000
1927,0.000000
1928,0.000000
1929,0.000000
1930,0.000000
1931,0.000000
1932,0.000000
1933,0.000000
1934,0.000000
1935,0.000000
1936,0.000000
1937,0.000000
1938,0.000000
1939,0.000000
1940,0.000000
1941,0.000000
1942,0.000000
1943,0.000000
1944,0.000000
1945,0.000000
1946,0.000000
1947,0.000000
1948,0.000000
1949,0.000000
1950,0.000000
1951,0.000000
1952,0.035156
1953,0.035156
1954,0.035156
1955,0.035156
1956,0.035156
1957,0.035156
1958,0.035156
1959,0.035156
1960,0.035156
1961,0.035156
1962,0.035156
1963,0.035156
1964,0.035156
1965,0.035156
1966,0.035156
1967,0.035156
1968,0.000000
1969,0.000000
1970,0.000000
1971,0.000000
1972,0.000000
1973,0.000000
1974,0.000000
1975,0.000000
1976,0.000000
1977,0.000000
1978,0.000000
1979,0.000000
1980,0.000000
1981,0.000000
1982,0.000000
1983,0.000000
1984,0.000000
1985,0.000000
1986,0.000000
1987,0.000000
1988,0.000000
1989,0.000000
1990,0.000000
1991,0.000000
1992,0.000000
1993,0.000000
1994,0.000000
1995,0.000000
1996,0.000000
1997,0.000000
1998,0.000000
1999,0.000000
2000,0.000000
2001,0.000000
2002,0.000000
2003,0.000000
2004,0.000000
2005,0.000000
2006,0.000000
2007,0.000000
2008,0.000000
2009,0.000000
2010,0.000000
2011,0.000000
2012,0.000000
2013,0.000000
2014,0.000000
2015,0.000000
2016,0.035156
2017,0.035156
2018,0.035156
2019,0.035156
2020,0.035156
2021,0.035156
2022,0.035156
2023,0.035156
2024,0.035156
2025,0.035156
2026,0.035156
2027,0.035156
2028,0.035156
2029,0.035156
2030,0.035156
2031,0.035156
2032,0.000000
2033,0.000000
2034,0.000000
2035,0.000000
2036,0.000000
2037,0.000000
2038,0.000000
2039,0.000000
2040,0.000000
2041,0.000000
2042,0.000000
2043,0.000000
2044,0.000000
2045,0.000000
2046,0.000000
2047,0.000000
2048,0.000000
2049,0.000000
2050,0.000000
2051,0.000000
2052,0.000000
2053,0.000000
2054,0.000000
2055,0.000000
2056,0.000000
2057,0.000000
2058,0.000000
2059,0.000000
2060,0.000000
2061,0.000000
2062,0.000000
2063,0.000000
2064,0.000000
2065,0.000000
2066,0.000000
2067,0.000000
2068,0.000000
2069,0.000000
2070,0.000000
2071,0.000000
2072,0.000000
2073,0.000000
2074,0.000000
2075,0.000000
2076,0.000000
2077,0.000000
2078,0.000000
2079,0.000000
2080,0.000000
2081,0.000000
2082,0.000000
2083,0.000000
2084,0.000000
2085,0.000000
2086,0.000000
2087,0.000000
2088,0.000000
2089,0.000000
2090,0.000000
2091,0.000000
2092,0.000000
2093,0.000000
2094,0.000000
2095,0.000000
2096,0.000000
2097,0.000000
2098,0.000000
2099,0.000000
2100,0.000000
2101,0.000000
2102,0.000000
2103,0.000000
2104,0.000000
2105,0.000000
2106,0.000000
2107,0.000000
2108,0.000000
2109,0.000000
2110,0.000000
2111,0.000000
2112,0.000000
2113,0.000000
2114,0.000000
2115,0.000000
2116,0.000000
2117,0.000000
2118,0.000000
2119,0.000000
2120,0.000000
2121,0.000000
2122,0.000000
2123,0.000000
2124,0.000000
2125,0.000000
2126,0.000000
2127,0.000000
2128,0.000000
2129,0.000000
2130,0.000000
2131,0.000000
2132,0.000000
2133,0.000000
2134,0.000000
2135,0.000000
2136,0.000000
2137,0.000000
2138,0.000000
2139,0.000000
2140,0.000000
2141,0.000000
2142,0.000000
2143,0.000000
2144,0.000000
2145,0.000000
2146,0.000000
2147,0.000000
2148,0.000000
2149,0.000000
2150,0.000000
2151,0.000000
2152,0.000000
2153,0.000000
2154,0.000000
2155,0.000000
2156,0.000000
2157,0.000000
2158,0.000000
2159,0.000000
2160,0.000000
2161,0.000000
2162,0.000000
2163,0.000000
2164,0.000000
2165,0.000000
2166,0.000000
2167,0.000000
2168,0.000000
2169,0.000000
2170,0.000000
2171,0.000000
2172,0.000000
2173,0.000000
2174,0.000000
2175,0.000000
2176,0.000000
2177,0.000000
2178,0.000000
2179,0.000000
2180,0.000000
2181,0.000000
2182,0.000000
2183,0.000000
2184,0.000000
2185,0.000000
2186,0.000000
2187,0.000000
2188,0.000000
2189,0.000000
2190,0.000000
2191,0.000000
2192,0.000000
2193,0.000000
2194,0.000000
2195,0.000000
2196,0.000000
2197,0.000000
2198,0.000000
2199,0.000000
2200,0.000000
2201,0.000000
2202,0.000000
2203,0.000000
2204,0.000000
2205,0.000000
2206,0.000000
2207,0.000000
2208,0.000000
2209,0.000000
2210,0.000000
2211,0.000000
2212,0.000000
2213,0.000000
2214,0.000000
2215,0.000000
2216,0.000000
2217,0.000000
2218,0.000000
2219,0.000000
2220,0.000000
2221,0.000000
2222,0.000000
2223,0.000000
2224,0.000000
2225,0.000000
2226,0.000000
2227,0.000000
2228,0.000000
2229,0.000000
2230,0.000000
2231,0.000000
2232,0.000000
2233,0.000000
2234,0.000000
2235,0.000000
2236,0.000000
2237,0.000000
2238,0.000000
2239,0.000000
2240,0.000000
2241,0.000000
2242,0.000000
2243,0.000000
2244,0.000000
2245,0.000000
2246,0.000000
2247,0.000000
2248,0.000000
2249,0.000000
2250,0.000000
2251,0.000000
2252,0.000000
2253,0.000000
2254,0.000000
2255,0.000000
2256,0.000000
2257,0.000000
2258,0.000000
2259,0.000000
2260,0.000000
2261,0.000000
2262,0.000000
2263,0.000000
2264,0.000000
2265,0.000000
2266,0.000000
2267,0.000000
2268,0.000000
2269,0.000000
2270,0.000000
2271,0.000000
2272,0.000000
2273,0.000000
2274,0.000000
2275,0.000000
2276,0.000000
2277,0.000000
2278,0.000000
2279,0.000000
2280,0.000000
2281,0.000000
2282,0.000000
2283,0.000000
2284,0.000000
2285,0.000000
2286,0.000000
2287,0.000000
2288,0.000000
2289,0.000000
2290,0.000000
2291,0.000000
2292,0.000000
2293,0.000000
2294,0.000000
2295,0.000000
2296,0.000000
2297,0.000000
2298,0.000000
2299,0.000000
2300,0.000000
2301,0.000000
2302,0.000000
2303,0.000000
2304,0.000000
2305,0.000000
2306,0.000000
2307,0.000000
2308,0.000000
2309,0.000000
2310,0.000000
2311,0.000000
2312,0.000000
2313,0.000000
2314,0.000000
2315,0.000000
2316,0.000000
2317,0.000000
2318,0.000000
2319,0.000000
2320,0.000000
2321,0.000000
2322,0.000000
2323,0.000000
2324,0.000000
2325,0.000000
2326,0.000000
2327,0.000000
2328,0.000000
2329,0.000000
2330,0.000000
2331,0.000000
2332,0.000000
2333,0.000000
2334,0.000000
2335,0.000000
2336,0.000000
2337,0.000000
2338,0.000000
2339,0.000000
2340,0.000000
2341,0.000000
2342,0.000000
2343,0.000000
2344,0.000000
2345,0.000000
2346,0.000000
2347,0.000000
2348,0.000000
2349,0.000000
2350,0.000000
2351,0.000000
2352,0.000000
2353,0.000000
2354,0.000000
2355,0.000000
2356,0.000000
2357,0.000000
2358,0.000000
2359,0.000000
2360,0.000000
2361,0.000000
2362,0.000000
2363,0.000000
2364,0.000000
2365,0.000000
2366,0.000000
2367,0.000000
2368,0.000000
2369,0.000000
2370,0.000000
2371,0.000000
2372,0.000000
2373,0.000000
2374,0.000000
2375,0.000000
2376,0.000000
2377,0.000000
2378,0.000000
2379,0.000000
2380,0.000000
2381,0.000000
2382,0.000000
2383,0.000000
2384,0.000000
2385,0.000000
2386,0.000000
2387,0.000000
2388,0.000000
2389,0.000000
2390,0.000000
2391,0.000000
2392,0.000000
2393,0.000000
2394,0.000000
2395,0.000000
2396,0.000000
2397,0.000000
2398,0.000000
2399,0.000000
2400,0.000000
2401,0.000000
2402,0.000000
2403,0.000000
2404,0.000000
2405,0.000000
2406,0.000000
2407,0.000000
2408,0.000000
2409,0.000000
2410,0.000000
2411,0.000000
2412,0.000000
2413,0.000000
2414,0.000000
2415,0.000000
2416,0.000000
2417,0.000000
2418,0.000000
2419,0.000000
2420,0.000000
2421,0.000000
2422,0.000000
2423,0.000000
2424,0.000000
2425,0.000000
2426,0.000000
2427,0.000000
2428,0.000000
2429,0.000000
2430,0.000000
2431,0.000000
2432,0.000000
2433,0.000000
2434,0.000000
2435,0.000000
2436,0.000000
2437,0.000000
2438,0.000000
2439,0.000000
2440,0.000000
2441,0.000000
2442,0.000000
2443,0.000000
2444,0.000000
2445,0.000000
2446,0.000000
2447,0.000000
2448,0.000000
2449,0.000000
2450,0.000000
2451,0.000000
2452,0.000000
2453,0.000000
2454,0.000000
2455,0.000000
2456,0.000000
2457,0.000000
2458,0.000000
2459,0.000000
2460,0.000000
2461,0.000000
2462,0.000000
2463,0.000000
2464,0.000000
2465,0.000000
2466,0.000000
2467,0.000000
2468,0.000000
2469,0.000000
2470,0.000000
2471,0.000000
2472,0.000000
2473,0.000000
2474,0.000000
2475,0.000000
2476,0.000000
2477,0.000000
2478,0.000000
2479,0.000000
2480,0.000000
2481,0.000000
2482,0.000000
2483,0.000000
2484,0.000000
2485,0.000000
2486,0.000000
2487,0.000000
2488,0.000000
2489,0.000000
2490,0.000000
2491,0.000000
2492,0.000000
2493,0.000000
2494,0.000000
2495,0.000000
2496,0.000000
2497,0.000000
2498,0.000000
2499,0.000000
2500,0.000000
2501,0.000000
2502,0.000000
2503,0.000000
2504,0.000000
2505,0.000000
2506,0.000000
2507,0.000000
2508,0.000000
2509,0.000000
2510,0.000000
2511,0.000000
2512,0.000000
2513,0.000000
2514,0.000000
2515,0.000000
2516,0.000000
2517,0.000000
2518,0.000000
2519,0.000000
2520,0.000000
2521,0.000000
2522,0.000000
2523,0.000000
2524,0.000000
2525,0.000000
2526,0.000000
2527,0.000000
2528,0.000000
2529,0.000000
2530,0.000000
2531,0.000000
2532,0.000000
2533,0.000000
2534,0.000000
2535,0.000000
2536,0.000000
2537,0.000000
2538,0.000000
2539,0.000000
2540,0.000000
2541,0.000000
2542,0.000000
2543,0.000000
2544,0.000000
2545,0.000000
2546,0.000000
2547,0.000000
2548,0.000000
2549,0.000000
2550,0.000000
2551,0.000000
2552,0.000000
2553,0.000000
2554,0.000000
2555,0.000000
2556,0.000000
2557,0.000000
2558,0.000000
2559,0.000000
2560,0.000000
2561,0.000000
2562,0.000000
2563,0.000000
2564,0.000000
2565,0.000000
2566,0.000000
2567,0.000000
2568,0.000000
2569,0.000000
2570,0.000000
2571,0.000000
2572,0.000000
2573,0.000000
2574,0.000000
2575,0.000000
2576,0.000000
2577,0.000000
2578,0.000000
2579,0.000000
2580,0.000000
2581,0.000000
2582,0.000000
2583,0.000000
2584,0.000000
2585,0.000000
2586,0.000000
2587,0.000000
2588,0.000000
2589,0.000000
2590,0.000000
2591,0.000000
2592,0.000000
2593,0.000000
2594,0.000000
2595,0.000000
2596,0.000000
2597,0.000000
2598,0.000000
2599,0.000000
2600,0.000000
2601,0.000000
2602,0.000000
2603,0.000000
2604,0.000000
2605,0.000000
2606,0.000000
2607,0.000000
2608,0.000000
2609,0.000000
2610,0.000000
2611,0.000000
2612,0.000000
2613,0.000000
2614,0.000000
2615,0.000000
2616,0.000000
2617,0.000000
2618,0.000000
2619,0.000000
2620,0.000000
2621,0.000000
2622,0.000000
2623,0.000000
2624,0.000000
2625,0.000000
2626,0.000000
2627,0.000000
2628,0.000000
2629,0.000000
2630,0.000000
2631,0.000000
2632,0.000000
2633,0.000000
2634,0.000000
2635,0.000000
2636,0.000000
2637,0.000000
2638,0.000000
2639,0.000000
2640,0.000000
2641,0.000000
2642,0.000000
2643,0.000000
2644,0.000000
2645,0.000000
2646,0.000000
2647,0.000000
2648,0.000000
2649,0.000000
2650,0.000000
2651,0.000000
2652,0.000000
2653,0.000000
2654,0.000000
2655,0.000000
2656,0.000000
2657,0.000000
2658,0.000000
2659,0.000000
2660,0.000000
2661,0.000000
2662,0.000000
2663,0.000000
2664,0.000000
2665,0.000000
2666,0.000000
2667,0.000000
2668,0.000000
2669,0.000000
2670,0.000000
2671,0.000000
2672,0.000000
2673,0.000000
2674,0.000000
2675,0.000000
2676,0.000000
2677,0.000000
2678,0.000000
2679,0.000000
2680,0.000000
2681,0.000000
2682,0.000000
2683,0.000000
2684,0.000000
2685,0.000000
2686,0.000000
2687,0.000000
2688,0.000000
2689,0.000000
2690,0.000000
2691,0.000000
2692,0.000000
2693,0.000000
2694,0.000000
2695,0.000000
2696,0.000000
2697,0.000000
2698,0.000000
2699,0.000000
2700,0.000000
2701,0.000000
2702,0.000000
2703,0.000000
2704,0.000000
2705,0.000000
2706,0.000000
2707,0.000000
2708,0.000000
2709,0.000000
2710,0.000000
2711,0.000000
2712,0.000000
2713,0.000000
2714,0.000000
2715,0.000000
2716,0.000000
2717,0.000000
2718,0.000000
2719,0.000000
2720,0.000000
2721,0.000000
2722,0.000000
2723,0.000000
2724,0.000000
2725,0.000000
2726,0.000000
2727,0.000000
2728,0.000000
2729,0.000000
2730,0.000000
2731,0.000000
2732,0.000000
2733,0.000000
2734,0.000000
2735,0.000000
2736,0.000000
2737,0.000000
2738,0.000000
2739,0.000000
2740,0.000000
2741,0.000000
2742,0.000000
2743,0.000000
2744,0.000000
2745,0.000000
2746,0.000000
2747,0.000000
2748,0.000000
2749,0.000000
2750,0.000000
2751,0.000000
2752,0.000000
2753,0.000000
2754,0.000000
2755,0.000000
2756,0.000000
2757,0.000000
2758,0.000000
2759,0.000000
2760,0.000000
2761,0.000000
2762,0.000000
2763,0.000000
2764,0.000000
2765,0.000000
2766,0.000000
2767,0.000000
2768,0.000000
2769,0.000000
2770,0.000000
2771,0.000000
2772,0.000000
2773,0.000000
2774,0.000000
2775,0.000000
2776,0.000000
2777,0.000000
2778,0.000000
2779,0.000000
2780,0.000000
2781,0.000000
2782,0.000000
2783,0.000000
2784,0.000000
2785,0.000000
2786,0.000000
2787,0.000000
2788,0.000000
2789,0.000000
2790,0.000000
2791,0.000000
2792,0.000000
2793,0.000000
2794,0.000000
2795,0.000000
2796,0.000000
2797,0.000000
2798,0.000000
2799,0.000000
2800,0.000000
2801,0.000000
2802,0.000000
2803,0.000000
2804,0.000000
2805,0.000000
2806,0.000000
2807,0.000000
2808,0.000000
2809,0.000000
2810,0.000000
2811,0.000000
2812,0.000000
2813,0.000000
2814,0.000000
2815,0.000000
2816,0.000000
2817,0.000000
2818,0.000000
2819,0.000000
2820,0.000000
2821,0.000000
2822,0.000000
2823,0.000000
2824,0.000000
2825,0.000000
2826,0.000000
2827,0.000000
2828,0.000000
2829,0.000000
2830,0.000000
2831,0.000000
2832,0.000000
2833,0.000000
2834,0.000000
2835,0.000000
2836,0.000000
2837,0.000000
2838,0.000000
2839,0.000000
2840,0.000000
2841,0.000000
2842,0.000000
2843,0.000000
2844,0.000000
2845,0.000000
2846,0.000000
2847,0.000000
2848,0.000000
2849,0.000000
2850,0.000000
2851,0.000000
2852,0.000000
2853,0.000000
2854,0.000000
2855,0.000000
2856,0.000000
2857,0.000000
2858,0.000000
2859,0.000000
2860,0.000000
2861,0.000000
2862,0.000000
2863,0.000000
2864,0.000000
2865,0.000000
2866,0.000000
2867,0.000000
2868,0.000000
2869,0.000000
2870,0.000000
2871,0.000000
2872,0.000000
2873,0.000000
2874,0.000000
2875,0.000000
2876,0.000000
2877,0.000000
2878,0.000000
2879,0.000000
2880,0.000000
2881,0.000000
2882,0.000000
2883,0.000000
2884,0.000000
2885,0.000000
2886,0.000000
2887,0.000000
2888,0.000000
2889,0.000000
2890,0.000000
2891,0.000000
2892,0.000000
2893,0.000000
2894,0.000000
2895,0.000000
2896,0.000000
2897,0.000000
2898,0.000000
2899,0.000000
2900,0.000000
2901,0.000000
2902,0.000000
2903,0.000000
2904,0.000000
2905,0.000000
2906,0.000000
2907,0.000000
2908,0.000000
2909,0.000000
2910,0.000000
2911,0.000000
2912,0.000000
2913,0.000000
2914,0.000000
2915,0.000000
2916,0.000000
2917,0.000000
2918,0.000000
2919,0.000000
2920,0.000000
2921,0.000000
2922,0.000000
2923,0.000000
2924,0.000000
2925,0.000000
2926,0.000000
2927,0.000000
2928,0.000000
2929,0.000000
2930,0.000000
2931,0.000000
2932,0.000000
2933,0.000000
2934,0.000000
2935,0.000000
2936,0.000000
2937,0.000000
2938,0.000000
2939,0.000000
2940,0.000000
2941,0.000000
2942,0.000000
2943,0.000000
2944,0.000000
2945,0.000000
2946,0.000000
2947,0.000000
2948,0.000000
2949,0.000000
2950,0.000000
2951,0.000000
2952,0.000000
2953,0.000000
2954,0.000000
2955,0.000000
2956,0.000000
2957,0.000000
2958,0.000000
2959,0.000000
2960,0.000000
2961,0.000000
2962,0.000000
2963,0.000000
2964,0.000000
2965,0.000000
2966,0.000000
2967,0.000000
2968,0.000000
2969,0.000000
2970,0.000000
2971,0.000000
2972,0.000000
2973,0.000000
2974,0.000000
2975,0.000000
2976,0.000000
2977,0.000000
2978,0.000000
2979,0.000000
2980,0.000000
2981,0.000000
2982,0.000000
2983,0.000000
2984,0.000000
2985,0.000000
2986,0.000000
2987,0.000000
2988,0.000000
2989,0.000000
2990,0.000000
2991,0.000000
2992,0.000000
2993,0.000000
2994,0.000000
2995,0.000000
2996,0.000000
2997,0.000000
2998,0.000000
2999,0.000000
3000,0.000000
3001,0.000000
3002,0.000000
3003,0.000000
3004,0.000000
3005,0.000000
3006,0.000000
3007,0.000000
3008,0.000000
3009,0.000000
3010,0.000000
3011,0.000000
3012,0.000000
3013,0.000000
3014,0.000000
3015,0.000000
3016,0.000000
3017,0.000000
3018,0.000000
3019,0.000000
3020,0.000000
3021,0.000000
3022,0.000000
3023,0.000000
3024,0.000000
3025,0.000000
3026,0.000000
3027,0.000000
3028,0.000000
3029,0.000000
3030,0.000000
3031,0.000000
3032,0.000000
3033,0.000000
3034,0.000000
3035,0.000000
3036,0.000000
3037,0.000000
3038,0.000000
3039,0.000000
3040,0.000000
3041,0.000000
3042,0.000000
3043,0.000000
3044,0.000000
3045,0.000000
3046,0.000000
3047,0.000000
3048,0.000000
3049,0.000000
3050,0.000000
3051,0.000000
3052,0.000000
3053,0.000000
3054,0.000000
3055,0.000000
3056,0.000000
3057,0.000000
3058,0.000000
3059,0.000000
3060,0.000000
3061,0.000000
3062,0.000000
3063,0.000000
3064,0.000000
3065,0.000000
3066,0.000000
3067,0.000000
3068,0.000000
3069,0.000000
3070,0.000000
3071,0.000000
3072,0.000000
3073,0.000000
3074,0.000000
3075,0.000000
3076,0.000000
3077,0.018229
3078,0.027344
3079,0.027344
3080,0.027344
3081,0.027344
3082,0.027344
3083,0.027344
3084,0.027344
3085,0.027344
3086,0.027344
3087,0.027344
3088,0.027344
3089,0.027344
3090,0.027344
3091,0.027344
3092,0.027344
3093,0.009115
3094,0.000000
3095,0.000000
3096,0.000000
3097,0.000000
3098,0.000000
3099,0.000000
3100,0.000000
3101,0.000000
3102,0.000000
3103,0.000000
3104,0.000000
3105,0.000000
3106,0.000000
3107,0.000000
3108,0.000000
3109,0.000000
3110,0.000000
3111,0.000000
3112,0.000000
3113,0.000000
3114,0.000000
3115,0.000000
3116,0.000000
3117,0.000000
3118,0.000000
3119,0.000000
3120,0.019531
3121,0.019531
3122,0.019531
3123,0.019531
3124,0.019531
3125,0.019531
3126,0.019531
3127,0.019531
3128,0.019531
3129,0.019531
3130,0.019531
3131,0.019531
3132,0.019531
3133,0.019531
3134,0.019531
3135,0.019531
3136,0.000000
3137,0.000000
3138,0.000000
3139,0.000000
3140,0.000000
3141,0.018229
3142,0.027344
3143,0.027344
3144,0.027344
3145,0.027344
3146,0.027344
3147,0.027344
3148,0.027344
3149,0.027344
3150,0.027344
3151,0.027344
3152,0.027344
3153,0.027344
3154,0.027344
3155,0.027344
3156,0.027344
3157,0.009115
3158,0.000000
3159,0.000000
3160,0.000000
3161,0.000000
3162,0.000000
3163,0.000000
3164,0.000000
3165,0.000000
3166,0.000000
3167,0.000000
3168,0.000000
3169,0.000000
3170,0.000000
3171,0.000000
3172,0.000000
3173,0.000000
3174,0.000000
3175,0.000000
3176,0.000000
3177,0.000000
3178,0.000000
3179,0.000000
3180,0.000000
3181,0.000000
3182,0.000000
3183,0.000000
3184,0.019531
3185,0.019531
3186,0.019531
3187,0.019531
3188,0.019531
3189,0.019531
3190,0.019531
3191,0.019531
3192,0.019531
3193,0.019531
3194,0.019531
3195,0.019531
3196,0.019531
3197,0.019531
3198,0.019531
3199,0.019531
3200,0.000000
3201,0.000000
3202,0.000000
3203,0.000000
3204,0.000000
3205,0.018229
3206,0.027344
3207,0.027344
3208,0.027344
3209,0.027344
3210,0.027344
3211,0.027344
3212,0.027344
3213,0.027344
3214,0.027344
3215,0.027344
3216,0.027344
3217,0.027344
3218,0.027344
3219,0.027344
3220,0.027344
3221,0.009115
3222,0.000000
3223,0.000000
3224,0.000000
3225,0.000000
3226,0.000000
3227,0.000000
3228,0.000000
3229,0.000000
3230,0.000000
3231,0.000000
3232,0.000000
3233,0.000000
3234,0.000000
3235,0.000000
3236,0.000000
3237,0.000000
3238,0.000000
3239,0.000000
3240,0.000000
3241,0.000000
3242,0.000000
3243,0.000000
3244,0.000000
3245,0.000000
3246,0.000000
3247,0.000000
3248,0.019531
3249,0.019531
3250,0.019531
3251,0.019531
3252,0.019531
3253,0.019531
3254,0.019531
3255,0.019531
3256,0.019531
3257,0.019531
3258,0.019531
3259,0.019531
3260,0.019531
3261,0.019531
3262,0.019531
3263,0.019531
3264,0.000000
3265,0.000000
3266,0.000000
3267,0.000000
3268,0.000000
3269,0.018229
3270,0.027344
3271,0.027344
3272,0.027344
3273,0.027344
3274,0.027344
3275,0.027344
3276,0.027344
3277,0.027344
3278,0.027344
3279,0.027344
3280,0.027344
3281,0.027344
3282,0.027344
3283,0.027344
3284,0.027344
3285,0.009115
3286,0.000000
3287,0.000000
3288,0.000000
3289,0.000000
3290,0.000000
3291,0.000000
3292,0.000000
3293,0.000000
3294,0.000000
3295,0.000000
3296,0.000000
3297,0.000000
3298,0.000000
3299,0.000000
3300,0.000000
3301,0.000000
3302,0.000000
3303,0.000000
3304,0.000000
3305,0.000000
3306,0.000000
3307,0.000000
3308,0.000000
3309,0.000000
3310,0.000000
3311,0.000000
3312,0.019531
3313,0.019531
3314,0.019531
3315,0.019531
3316,0.019531
3317,0.019531
3318,0.019531
3319,0.019531
3320,0.019531
3321,0.019531
3322,0.019531
3323,0.019531
3324,0.019531
3325,0.019531
3326,0.019531
3327,0.019531
3328,0.000000
3329,0.000000
3330,0.000000
3331,0.000000
3332,0.000000
3333,0.018229
3334,0.027344
3335,0.027344
3336,0.027344
3337,0.027344
3338,0.027344
3339,0.027344
3340,0.027344
3341,0.027344
3342,0.027344
3343,0.027344
3344,0.027344
3345,0.027344
3346,0.027344
3347,0.027344
3348,0.027344
3349,0.009115
3350,0.000000
3351,0.000000
3352,0.000000
3353,0.000000
3354,0.000000
3355,0.000000
3356,0.000000
3357,0.000000
3358,0.000000
3359,0.000000
3360,0.000000
3361,0.000000
3362,0.000000
3363,0.000000
3364,0.000000
3365,0.000000
3366,0.000000
3367,0.000000
3368,0.000000
3369,0.000000
3370,0.000000
3371,0.000000
3372,0.000000
3373,0.000000
3374,0.000000
3375,0.000000
3376,0.019531
3377,0.019531
3378,0.019531
3379,0.019531
3380,0.019531
3381,0.019531
3382,0.019531
3383,0.019531
3384,0.019531
3385,0.019531
3386,0.019531
3387,0.019531
3388,0.019531
3389,0.019531
3390,0.019531
3391,0.019531
3392,0.000000
3393,0.000000
3394,0.000000
3395,0.000000
3396,0.000000
3397,0.018229
3398,0.027344
3399,0.027344
3400,0.027344
3401,0.027344
3402,0.027344
3403,0.027344
3404,0.027344
3405,0.027344
3406,0.027344
3407,0.027344
3408,0.027344
3409,0.027344
3410,0.027344
3411,0.027344
3412,0.027344
3413,0.009115
3414,0.000000
3415,0.000000
3416,0.000000
3417,0.000000
3418,0.000000
3419,0.000000
3420,0.000000
3421,0.000000
3422,0.000000
3423,0.000000
3424,0.000000
3425,0.000000
3426,0.000000
3427,0.000000
3428,0.000000
3429,0.000000
3430,0.000000
3431,0.000000
3432,0.000000
3433,0.000000
3434,0.000000
3435,0.000000
3436,0.000000
3437,0.000000
3438,0.000000
3439,0.000000
3440,0.019531
3441,0.019531
3442,0.019531
3443,0.019531
3444,0.019531
3445,0.019531
3446,0.019531
3447,0.019531
3448,0.019531
3449,0.019531
3450,0.019531
3451,0.019531
3452,0.019531
3453,0.019531
3454,0.019531
3455,0.019531
3456,0.000000
3457,0.000000
3458,0.000000
3459,0.000000
3460,0.000000
3461,0.018229
3462,0.027344
3463,0.027344
3464,0.027344
3465,0.027344
3466,0.027344
3467,0.027344
3468,0.027344
3469,0.027344
3470,0.027344
3471,0.027344
3472,0.027344
3473,0.027344
3474,0.027344
3475,0.027344
3476,0.027344
3477,0.009115
3478,0.000000
3479,0.000000
3480,0.000000
3481,0.000000
3482,0.000000
3483,0.000000
3484,0.000000
3485,0.000000
3486,0.000000
3487,0.000000
3488,0.000000
3489,0.000000
3490,0.000000
3491,0.000000
3492,0.000000
3493,0.000000
3494,0.000000
3495,0.000000
3496,0.000000
3497,0.000000
3498,0.000000
3499,0.000000
3500,0.000000
3501,0.000000
3502,0.000000
3503,0.000000
3504,0.019531
3505,0.019531
3506,0.019531
3507,0.019531
3508,0.019531
3509,0.019531
3510,0.019531
3511,0.019531
3512,0.019531
3513,0.019531
3514,0.019531
3515,0.019531
3516,0.019531
3517,0.019531
3518,0.019531
3519,0.019531
3520,0.000000
3521,0.000000
3522,0.000000
3523,0.000000
3524,0.000000
3525,0.018229
3526,0.027344
3527,0.027344
3528,0.027344
3529,0.027344
3530,0.027344
3531,0.027344
3532,0.027344
3533,0.027344
3534,0.027344
3535,0.027344
3536,0.027344
3537,0.027344
3538,0.027344
3539,0.027344
3540,0.027344
3541,0.009115
3542,0.000000
3543,0.000000
3544,0.000000
3545,0.000000
3546,0.000000
3547,0.000000
3548,0.000000
3549,0.000000
3550,0.000000
3551,0.000000
3552,0.000000
3553,0.000000
3554,0.000000
3555,0.000000
3556,0.000000
3557,0.000000
3558,0.000000
3559,0.000000
3560,0.000000
3561,0.000000
3562,0.000000
3563,0.000000
3564,0.000000
3565,0.000000
3566,0.000000
3567,0.000000
3568,0.019531
3569,0.019531
3570,0.019531
3571,0.019531
3572,0.019531
3573,0.019531
3574,0.019531
3575,0.019531
3576,0.019531
3577,0.019531
3578,0.019531
3579,0.019531
3580,0.019531
3581,0.019531
3582,0.019531
3583,0.019531
3584,0.000000
3585,0.000000
3586,0.000000
3587,0.000000
3588,0.000000
3589,0.018229
3590,0.027344
3591,0.027344
3592,0.027344
3593,0.027344
3594,0.027344
3595,0.027344
3596,0.027344
3597,0.027344
3598,0.027344
3599,0.027344
3600,0.027344
3601,0.027344
3602,0.027344
3603,0.027344
3604,0.027344
3605,0.009115
3606,0.000000
3607,0.000000
3608,0.000000
3609,0.000000
3610,0.000000
3611,0.000000
3612,0.000000
3613,0.000000
3614,0.000000
3615,0.000000
3616,0.000000
3617,0.000000
3618,0.000000
3619,0.000000
3620,0.000000
3621,0.000000
3622,0.000000
3623,0.000000
3624,0.000000
3625,0.000000
3626,0.000000
3627,0.000000
3628,0.000000
3629,0.000000
3630,0.000000
3631,0.000000
3632,0.019531
3633,0.019531
3634,0.019531
3635,0.019531
3636,0.019531
3637,0.019531
3638,0.019531
3639,0.019531
3640,0.019531
3641,0.019531
3642,0.019531
3643,0.019531
3644,0.019531
3645,0.019531
3646,0.019531
3647,0.019531
3648,0.000000
3649,0.000000
3650,0.000000
3651,0.000000
3652,0.000000
3653,0.018229
3654,0.027344
3655,0.027344
3656,0.027344
3657,0.027344
3658,0.027344
3659,0.027344
3660,0.027344
3661,0.027344
3662,0.027344
3663,0.027344
3664,0.027344
3665,0.027344
3666,0.027344
3667,0.027344
3668,0.027344
3669,0.009115
3670,0.000000
3671,0.000000
3672,0.000000
3673,0.000000
3674,0.000000
3675,0.000000
3676,0.000000
3677,0.000000
3678,0.000000
3679,0.000000
3680,0.000000
3681,0.000000
3682,0.000000
3683,0.000000
3684,0.000000
3685,0.000000
3686,0.000000
3687,0.000000
3688,0.000000
3689,0.000000
3690,0.000000
3691,0.000000
3692,0.000000
3693,0.000000
3694,0.000000
3695,0.000000
3696,0.019531
3697,0.019531
3698,0.019531
3699,0.019531
3700,0.019531
3701,0.019531
3702,0.019531
3703,0.019531
3704,0.019531
3705,0.019531
3706,0.019531
3707,0.019531
3708,0.019531
3709,0.019531
3710,0.019531
3711,0.019531
3712,0.000000
3713,0.000000
3714,0.000000
3715,0.000000
3716,0.000000
3717,0.018229
3718,0.027344
3719,0.027344
3720,0.027344
3721,0.027344
3722,0.027344
3723,0.027344
3724,0.027344
3725,0.027344
3726,0.027344
3727,0.027344
3728,0.027344
3729,0.027344
3730,0.027344
3731,0.027344
3732,0.027344
3733,0.009115
3734,0.000000
3735,0.000000
3736,0.000000
3737,0.000000
3738,0.000000
3739,0.000000
3740,0.000000
3741,0.000000
3742,0.000000
3743,0.000000
3744,0.000000
3745,0.000000
3746,0.000000
3747,0.000000
3748,0.000000
3749,0.000000
3750,0.000000
3751,0.000000
3752,0.000000
3753,0.000000
3754,0.000000
3755,0.000000
3756,0.000000
3757,0.000000
3758,0.000000
3759,0.000000
3760,0.019531
3761,0.019531
3762,0.019531
3763,0.019531
3764,0.019531
3765,0.019531
3766,0.019531
3767,0.019531
3768,0.019531
3769,0.019531
3770,0.019531
3771,0.019531
3772,0.019531
3773,0.019531
3774,0.019531
3775,0.019531
3776,0.000000
3777,0.000000
3778,0.000000
3779,0.000000
3780,0.000000
3781,0.018229
3782,0.027344
3783,0.027344
3784,0.027344
3785,0.027344
3786,0.027344
3787,0.027344
3788,0.027344
3789,0.027344
3790,0.027344
3791,0.027344
3792,0.027344
3793,0.027344
3794,0.027344
3795,0.027344
3796,0.027344
3797,0.009115
3798,0.000000
3799,0.000000
3800,0.000000
3801,0.000000
3802,0.000000
3803,0.000000
3804,0.000000
3805,0.000000
3806,0.000000
3807,0.000000
3808,0.000000
3809,0.000000
3810,0.000000
3811,0.000000
3812,0.000000
3813,0.000000
3814,0.000000
3815,0.000000
3816,0.000000
3817,0.000000
3818,0.000000
3819,0.000000
3820,0.000000
3821,0.000000
3822,0.000000
3823,0.000000
3824,0.019531
3825,0.019531
3826,0.019531
3827,0.019531
3828,0.019531
3829,0.019531
3830,0.019531
3831,0.019531
3832,0.019531
3833,0.019531
3834,0.019531
3835,0.019531
3836,0.019531
3837,0.019531
3838,0.019531
3839,0.019531
3840,0.000000
3841,0.000000
3842,0.000000
3843,0.000000
3844,0.000000
3845,0.018229
3846,0.027344
3847,0.027344
3848,0.027344
3849,0.027344
3850,0.027344
3851,0.027344
3852,0.027344
3853,0.027344
3854,0.027344
3855,0.027344
3856,0.027344
3857,0.027344
3858,0.027344
3859,0.027344
3860,0.027344
3861,0.009115
3862,0.000000
3863,0.000000
3864,0.000000
3865,0.000000
3866,0.000000
3867,0.000000
3868,0.000000
3869,0.000000
3870,0.000000
3871,0.000000
3872,0.000000
3873,0.000000
3874,0.000000
3875,0.000000
3876,0.000000
3877,0.000000
3878,0.000000
3879,0.000000
3880,0.000000
3881,0.000000
3882,0.000000
3883,0.000000
3884,0.000000
3885,0.000000
3886,0.000000
3887,0.000000
3888,0.019531
3889,0.019531
3890,0.019531
3891,0.019531
3892,0.019531
3893,0.019531
3894,0.019531
3895,0.019531
3896,0.019531
3897,0.019531
3898,0.019531
3899,0.019531
3900,0.019531
3901,0.019531
3902,0.019531
3903,0.019531
3904,0.000000
3905,0.000000
3906,0.000000
3907,0.000000
3908,0.000000
3909,0.018229
3910,0.027344
3911,0.027344
3912,0.027344
3913,0.027344
3914,0.027344
3915,0.027344
3916,0.027344
3917,0.027344
3918,0.027344
3919,0.027344
3920,0.027344
3921,0.027344
3922,0.027344
3923,0.027344
3924,0.027344
3925,0.009115
3926,0.000000
3927,0.000000
3928,0.000000
3929,0.000000
3930,0.000000
3931,0.000000
3932,0.000000
3933,0.000000
3934,0.000000
3935,0.000000
3936,0.000000
3937,0.000000
3938,0.000000
3939,0.000000
3940,0.000000
3941,0.000000
3942,0.000000
3943,0.000000
3944,0.000000
3945,0.000000
3946,0.000000
3947,0.000000
3948,0.000000
3949,0.000000
3950,0.000000
3951,0.000000
3952,0.019531
3953,0.019531
3954,0.019531
3955,0.019531
3956,0.019531
3957,0.019531
3958,0.019531
3959,0.019531
3960,0.019531
3961,0.019531
3962,0.019531
3963,0.019531
3964,0.019531
3965,0.019531
3966,0.019531
3967,0.019531
3968,0.000000
3969,0.000000
3970,0.000000
3971,0.000000
3972,0.000000
3973,0.018229
3974,0.027344
3975,0.027344
3976,0.027344
3977,0.027344
3978,0.027344
3979,0.027344
3980,0.027344
3981,0.027344
3982,0.027344
3983,0.027344
3984,0.027344
3985,0.027344
3986,0.027344
3987,0.027344
3988,0.027344
3989,0.009115
3990,0.000000
3991,0.000000
3992,0.000000
3993,0.000000
3994,0.000000
3995,0.000000
3996,0.000000
3997,0.000000
3998,0.000000
3999,0.000000
4000,0.000000
4001,0.000000
4002,0.000000
4003,0.000000
4004,0.000000
4005,0.000000
4006,0.000000
4007,0.000000
4008,0.000000
4009,0.000000
4010,0.000000
4011,0.000000
4012,0.000000
4013,0.000000
4014,0.000000
4015,0.000000
4016,0.019531
4017,0.019531
4018,0.019531
4019,0.019531
4020,0.019531
4021,0.019531
4022,0.019531
4023,0.019531
4024,0.019531
4025,0.019531
4026,0.019531
4027,0.019531
4028,0.019531
4029,0.019531
4030,0.019531
4031,0.019531
4032,0.000000
4033,0.000000
4034,0.000000
4035,0.000000
4036,0.000000
4037,0.018229
4038,0.027344
4039,0.027344
4040,0.027344
4041,0.027344
4042,0.027344
4043,0.027344
4044,0.027344
4045,0.027344
4046,0.027344
4047,0.027344
4048,0.027344
4049,0.027344
4050,0.027344
4051,0.027344
4052,0.027344
4053,0.009115
4054,0.000000
4055,0.000000
4056,0.000000
4057,0.000000
4058,0.000000
4059,0.000000
4060,0.000000
4061,0.000000
4062,0.000000
4063,0.000000
4064,0.000000
4065,0.000000
4066,0.000000
4067,0.000000
4068,0.000000
4069,0.000000
4070,0.000000
4071,0.000000
4072,0.000000
4073,0.000000
4074,0.000000
4075,0.000000
4076,0.000000
4077,0.000000
4078,0.000000
4079,0.000000
4080,0.019531
4081,0.019531
4082,0.019531
4083,0.019531
4084,0.019531
4085,0.019531
4086,0.019531
4087,0.019531
4088,0.019531
4089,0.019531
4090,0.019531
4091,0.019531
4092,0.019531
4093,0.019531
4094,0.019531
4095,0.019531
4096,0.000000
4097,0.000000
4098,0.000000
4099,0.000000
4100,0.000000
4101,0.000000
4102,0.000000
4103,0.000000
4104,0.000000
4105,0.000000
4106,0.000000
4107,0.000000
4108,0.000000
4109,0.000000
4110,0.000000
4111,0.000000
4112,0.000000
4113,0.000000
4114,0.000000
4115,0.000000
4116,0.000000
4117,0.000000
4118,0.000000
4119,0.000000
4120,0.000000
4121,0.000000
4122,0.000000
4123,0.000000
4124,0.000000
4125,0.000000
4126,0.000000
4127,0.000000
4128,0.000000
4129,0.000000
4130,0.000000
4131,0.000000
4132,0.000000
4133,0.000000
4134,0.000000
4135,0.000000
4136,0.000000
4137,0.000000
4138,0.000000
4139,0.000000
4140,0.000000
4141,0.000000
4142,0.000000
4143,0.000000
4144,0.000000
4145,0.000000
4146,0.000000
4147,0.000000
4148,0.000000
4149,0.000000
4150,0.000000
4151,0.000000
4152,0.000000
4153,0.000000
4154,0.000000
4155,0.000000
4156,0.000000
4157,0.000000
4158,0.000000
4159,0.000000
4160,0.000000
4161,0.000000
4162,0.000000
4163,0.000000
4164,0.000000
4165,0.000000
4166,0.000000
4167,0.000000
4168,0.000000
4169,0.000000
4170,0.000000
4171,0.000000
4172,0.000000
4173,0.000000
4174,0.000000
4175,0.000000
4176,0.000000
4177,0.000000
4178,0.000000
4179,0.000000
4180,0.000000
4181,0.000000
4182,0.000000
4183,0.000000
4184,0.000000
4185,0.000000
4186,0.000000
4187,0.000000
4188,0.000000
4189,0.000000
4190,0.000000
4191,0.000000
4192,0.000000
4193,0.000000
4194,0.000000
4195,0.000000
4196,0.000000
4197,0.000000
4198,0.000000
4199,0.000000
4200,0.000000
4201,0.000000
4202,0.000000
4203,0.000000
4204,0.000000
4205,0.000000
4206,0.000000
4207,0.000000
4208,0.000000
4209,0.000000
4210,0.000000
4211,0.000000
4212,0.000000
4213,0.000000
4214,0.000000
4215,0.000000
4216,0.000000
4217,0.000000
4218,0.000000
4219,0.000000
4220,0.000000
4221,0.000000
4222,0.000000
4223,0.000000
4224,0.000000
4225,0.000000
4226,0.000000
4227,0.000000
4228,0.000000
4229,0.000000
4230,0.000000
4231,0.000000
4232,0.000000
4233,0.000000
4234,0.000000
4235,0.000000
4236,0.000000
4237,0.000000
4238,0.000000
4239,0.000000
4240,0.000000
4241,0.000000
4242,0.000000
4243,0.000000
4244,0.000000
4245,0.000000
4246,0.000000
4247,0.000000
4248,0.000000
4249,0.000000
4250,0.000000
4251,0.000000
4252,0.000000
4253,0.000000
4254,0.000000
4255,0.000000
4256,0.000000
4257,0.000000
4258,0.000000
4259,0.000000
4260,0.000000
4261,0.000000
4262,0.000000
4263,0.000000
4264,0.000000
4265,0.000000
4266,0.000000
4267,0.000000
4268,0.000000
4269,0.000000
4270,0.000000
4271,0.000000
4272,0.000000
4273,0.000000
4274,0.000000
4275,0.000000
4276,0.000000
4277,0.000000
4278,0.000000
4279,0.000000
4280,0.000000
4281,0.000000
4282,0.000000
4283,0.000000
4284,0.000000
4285,0.000000
4286,0.000000
4287,0.000000
4288,0.000000
4289,0.000000
4290,0.000000
4291,0.000000
4292,0.000000
4293,0.000000
4294,0.000000
4295,0.000000
4296,0.000000
4297,0.000000
4298,0.000000
4299,0.000000
4300,0.000000
4301,0.000000
4302,0.000000
4303,0.000000
4304,0.000000
4305,0.000000
4306,0.000000
4307,0.000000
4308,0.000000
4309,0.000000
4310,0.000000
4311,0.000000
4312,0.000000
4313,0.000000
4314,0.000000
4315,0.000000
4316,0.000000
4317,0.000000
4318,0.000000
4319,0.000000
4320,0.000000
4321,0.000000
4322,0.000000
4323,0.000000
4324,0.000000
4325,0.000000
4326,0.000000
4327,0.000000
4328,0.000000
4329,0.000000
4330,0.000000
4331,0.000000
4332,0.000000
4333,0.000000
4334,0.000000
4335,0.000000
4336,0.000000
4337,0.000000
4338,0.000000
4339,0.000000
4340,0.000000
4341,0.000000
4342,0.000000
4343,0.000000
4344,0.000000
4345,0.000000
4346,0.000000
4347,0.000000
4348,0.000000
4349,0.000000
4350,0.000000
4351,0.000000
4352,0.000000
4353,0.000000
4354,0.000000
4355,0.000000
4356,0.000000
4357,0.000000
4358,0.000000
4359,0.000000
4360,0.000000
4361,0.000000
4362,0.000000
4363,0.000000
4364,0.000000
4365,0.000000
4366,0.000000
4367,0.000000
4368,0.000000
4369,0.000000
4370,0.000000
4371,0.000000
4372,0.000000
4373,0.000000
4374,0.000000
4375,0.000000
4376,0.000000
4377,0.000000
4378,0.000000
4379,0.000000
4380,0.000000
4381,0.000000
4382,0.000000
4383,0.000000
4384,0.000000
4385,0.000000
4386,0.000000
4387,0.000000
4388,0.000000
4389,0.000000
4390,0.000000
4391,0.000000
4392,0.000000
4393,0.000000
4394,0.000000
4395,0.000000
4396,0.000000
4397,0.000000
4398,0.000000
4399,0.000000
4400,0.000000
4401,0.000000
4402,0.000000
4403,0.000000
4404,0.000000
4405,0.000000
4406,0.000000
4407,0.000000
4408,0.000000
4409,0.000000
4410,0.000000
4411,0.000000
4412,0.000000
4413,0.000000
4414,0.000000
4415,0.000000
4416,0.000000
4417,0.000000
4418,0.000000
4419,0.000000
4420,0.000000
4421,0.000000
4422,0.000000
4423,0.000000
4424,0.000000
4425,0.000000
4426,0.000000
4427,0.000000
4428,0.000000
4429,0.000000
4430,0.000000
4431,0.000000
4432,0.000000
4433,0.000000
4434,0.000000
4435,0.000000
4436,0.000000
4437,0.000000
4438,0.000000
4439,0.000000
4440,0.000000
4441,0.000000
4442,0.000000
4443,0.000000
4444,0.000000
4445,0.000000
4446,0.000000
4447,0.000000
4448,0.000000
4449,0.000000
4450,0.000000
4451,0.000000
4452,0.000000
4453,0.000000
4454,0.000000
4455,0.000000
4456,0.000000
4457,0.000000
4458,0.000000
4459,0.000000
4460,0.000000
4461,0.000000
4462,0.000000
4463,0.000000
4464,0.000000
4465,0.000000
4466,0.000000
4467,0.000000
4468,0.000000
4469,0.000000
4470,0.000000
4471,0.000000
4472,0.000000
4473,0.000000
4474,0.000000
4475,0.000000
4476,0.000000
4477,0.000000
4478,0.000000
4479,0.000000
4480,0.000000
4481,0.000000
4482,0.000000
4483,0.000000
4484,0.000000
4485,0.000000
4486,0.000000
4487,0.000000
4488,0.000000
4489,0.000000
4490,0.000000
4491,0.000000
4492,0.000000
4493,0.000000
4494,0.000000
4495,0.000000
4496,0.000000
4497,0.000000
4498,0.000000
4499,0.000000
4500,0.000000
4501,0.000000
4502,0.000000
4503,0.000000
4504,0.000000
4505,0.000000
4506,0.000000
4507,0.000000
4508,0.000000
4509,0.000000
4510,0.000000
4511,0.000000
4512,0.000000
4513,0.000000
4514,0.000000
4515,0.000000
4516,0.000000
4517,0.000000
4518,0.000000
4519,0.000000
4520,0.000000
4521,0.000000
4522,0.000000
4523,0.000000
4524,0.000000
4525,0.000000
4526,0.000000
4527,0.000000
4528,0.000000
4529,0.000000
4530,0.000000
4531,0.000000
4532,0.000000
4533,0.000000
4534,0.000000
4535,0.000000
4536,0.000000
4537,0.000000
4538,0.000000
4539,0.000000
4540,0.000000
4541,0.000000
4542,0.000000
4543,0.000000
4544,0.000000
4545,0.000000
4546,0.000000
4547,0.000000
4548,0.000000
4549,0.000000
4550,0.000000
4551,0.000000
4552,0.000000
4553,0.000000
4554,0.000000
4555,0.000000
4556,0.000000
4557,0.000000
4558,0.000000
4559,0.000000
4560,0.000000
4561,0.000000
4562,0.000000
4563,0.000000
4564,0.000000
4565,0.000000
4566,0.000000
4567,0.000000
4568,0.000000
4569,0.000000
4570,0.000000
4571,0.000000
4572,0.000000
4573,0.000000
4574,0.000000
4575,0.000000
4576,0.000000
4577,0.000000
4578,0.000000
4579,0.000000
4580,0.000000
4581,0.000000
4582,0.000000
4583,0.000000
4584,0.000000
4585,0.000000
4586,0.000000
4587,0.000000
4588,0.000000
4589,0.000000
4590,0.000000
4591,0.000000
4592,0.000000
4593,0.000000
4594,0.000000
4595,0.000000
4596,0.000000
4597,0.000000
4598,0.000000
4599,0.000000
4600,0.000000
4601,0.000000
4602,0.000000
4603,0.000000
4604,0.000000
4605,0.000000
4606,0.000000
4607,0.000000
4608,0.000000
4609,0.000000
4610,0.000000
4611,0.000000
4612,0.000000
4613,0.000000
4614,0.000000
4615,0.000000
4616,0.000000
4617,0.000000
4618,0.000000
4619,0.000000
4620,0.000000
4621,0.000000
4622,0.000000
4623,0.000000
4624,0.000000
4625,0.000000
4626,0.000000
4627,0.000000
4628,0.000000
4629,0.000000
4630,0.000000
4631,0.000000
4632,0.000000
4633,0.000000
4634,0.000000
4635,0.000000
4636,0.000000
4637,0.000000
4638,0.000000
4639,0.000000
4640,0.000000
4641,0.000000
4642,0.000000
4643,0.000000
4644,0.000000
4645,0.000000
4646,0.000000
4647,0.000000
4648,0.000000
4649,0.000000
4650,0.000000
4651,0.000000
4652,0.000000
4653,0.000000
4654,0.000000
4655,0.000000
4656,0.000000
4657,0.000000
4658,0.000000
4659,0.000000
4660,0.000000
4661,0.000000
4662,0.000000
4663,0.000000
4664,0.000000
4665,0.000000
4666,0.000000
4667,0.000000
4668,0.000000
4669,0.000000
4670,0.000000
4671,0.000000
4672,0.000000
4673,0.000000
4674,0.000000
4675,0.000000
4676,0.000000
4677,0.000000
4678,0.000000
4679,0.000000
4680,0.000000
4681,0.000000
4682,0.000000
4683,0.000000
4684,0.000000
4685,0.000000
4686,0.000000
4687,0.000000
4688,0.000000
4689,0.000000
4690,0.000000
4691,0.000000
4692,0.000000
4693,0.000000
4694,0.000000
4695,0.000000
4696,0.000000
4697,0.000000
4698,0.000000
4699,0.000000
4700,0.000000
4701,0.000000
4702,0.000000
4703,0.000000
4704,0.000000
4705,0.000000
4706,0.000000
4707,0.000000
4708,0.000000
4709,0.000000
4710,0.000000
4711,0.000000
4712,0.000000
4713,0.000000
4714,0.000000
4715,0.000000
4716,0.000000
4717,0.000000
4718,0.000000
4719,0.000000
4720,0.000000
4721,0.000000
4722,0.000000
4723,0.000000
4724,0.000000
4725,0.000000
4726,0.000000
4727,0.000000
4728,0.000000
4729,0.000000
4730,0.000000
4731,0.000000
4732,0.000000
4733,0.000000
4734,0.000000
4735,0.000000
4736,0.000000
4737,0.000000
4738,0.000000
4739,0.000000
4740,0.000000
4741,0.000000
4742,0.000000
4743,0.000000
4744,0.000000
4745,0.000000
4746,0.000000
4747,0.000000
4748,0.000000
4749,0.000000
4750,0.000000
4751,0.000000
4752,0.000000
4753,0.000000
4754,0.000000
4755,0.000000
4756,0.000000
4757,0.000000
4758,0.000000
4759,0.000000
4760,0.000000
4761,0.000000
4762,0.000000
4763,0.000000
4764,0.000000
4765,0.000000
4766,0.000000
4767,0.000000
4768,0.000000
4769,0.000000
4770,0.000000
4771,0.000000
4772,0.000000
4773,0.000000
4774,0.000000
4775,0.000000
4776,0.000000
4777,0.000000
4778,0.000000
4779,0.000000
4780,0.000000
4781,0.000000
4782,0.000000
4783,0.000000
4784,0.000000
4785,0.000000
4786,0.000000
4787,0.000000
4788,0.000000
4789,0.000000
4790,0.000000
4791,0.000000
4792,0.000000
4793,0.000000
4794,0.000000
4795,0.000000
4796,0.000000
4797,0.000000
4798,0.000000
4799,0.000000
4800,0.000000
4801,0.000000
4802,0.000000
4803,0.000000
4804,0.000000
4805,0.000000
4806,0.000000
4807,0.000000
4808,0.000000
4809,0.000000
4810,0.000000
4811,0.000000
4812,0.000000
4813,0.000000
4814,0.000000
4815,0.000000
4816,0.000000
4817,0.000000
4818,0.000000
4819,0.000000
4820,0.000000
4821,0.000000
4822,0.000000
4823,0.000000
4824,0.000000
4825,0.000000
4826,0.000000
4827,0.000000
4828,0.000000
4829,0.000000
4830,0.000000
4831,0.000000
4832,0.000000
4833,0.000000
4834,0.000000
4835,0.000000
4836,0.000000
4837,0.000000
4838,0.000000
4839,0.000000
4840,0.000000
4841,0.000000
4842,0.000000
4843,0.000000
4844,0.000000
4845,0.000000
4846,0.000000
4847,0.000000
4848,0.000000
4849,0.000000
4850,0.000000
4851,0.000000
4852,0.000000
4853,0.000000
4854,0.000000
4855,0.000000
4856,0.000000
4857,0.000000
4858,0.000000
4859,0.000000
4860,0.000000
4861,0.000000
4862,0.000000
4863,0.000000
4864,0.000000
4865,0.000000
4866,0.000000
4867,0.000000
4868,0.000000
4869,0.000000
4870,0.000000
4871,0.000000
4872,0.000000
4873,0.000000
4874,0.000000
4875,0.000000
4876,0.000000
4877,0.000000
4878,0.000000
4879,0.000000
4880,0.000000
4881,0.000000
4882,0.000000
4883,0.000000
4884,0.000000
4885,0.000000
4886,0.000000
4887,0.000000
4888,0.000000
4889,0.000000
4890,0.000000
4891,0.000000
4892,0.000000
4893,0.000000
4894,0.000000
4895,0.000000
4896,0.000000
4897,0.000000
4898,0.000000
4899,0.000000
4900,0.000000
4901,0.000000
4902,0.000000
4903,0.000000
4904,0.000000
4905,0.000000
4906,0.000000
4907,0.000000
4908,0.000000
4909,0.000000
4910,0.000000
4911,0.000000
4912,0.000000
4913,0.000000
4914,0.000000
4915,0.000000
4916,0.000000
4917,0.000000
4918,0.000000
4919,0.000000
4920,0.000000
4921,0.000000
4922,0.000000
4923,0.000000
4924,0.000000
4925,0.000000
4926,0.000000
4927,0.000000
4928,0.000000
4929,0.000000
4930,0.000000
4931,0.000000
4932,0.000000
4933,0.000000
4934,0.000000
4935,0.000000
4936,0.000000
4937,0.000000
4938,0.000000
4939,0.000000
4940,0.000000
4941,0.000000
4942,0.000000
4943,0.000000
4944,0.000000
4945,0.000000
4946,0.000000
4947,0.000000
4948,0.000000
4949,0.000000
4950,0.000000
4951,0.000000
4952,0.000000
4953,0.000000
4954,0.000000
4955,0.000000
4956,0.000000
4957,0.000000
4958,0.000000
4959,0.000000
4960,0.000000
4961,0.000000
4962,0.000000
4963,0.000000
4964,0.000000
4965,0.000000
4966,0.000000
4967,0.000000
4968,0.000000
4969,0.000000
4970,0.000000
4971,0.000000
4972,0.000000
4973,0.000000
4974,0.000000
4975,0.000000
4976,0.000000
4977,0.000000
4978,0.000000
4979,0.000000
4980,0.000000
4981,0.000000
4982,0.000000
4983,0.000000
4984,0.000000
4985,0.000000
4986,0.000000
4987,0.000000
4988,0.000000
4989,0.000000
4990,0.000000
4991,0.000000
4992,0.000000
4993,0.000000
4994,0.000000
4995,0.000000
4996,0.000000
4997,0.000000
4998,0.000000
4999,0.000000
5000,0.000000
5001,0.000000
5002,0.000000
5003,0.000000
5004,0.000000
5005,0.000000
5006,0.000000
5007,0.000000
5008,0.000000
5009,0.000000
5010,0.000000
5011,0.000000
5012,0.000000
5013,0.000000
5014,0.000000
5015,0.000000
5016,0.000000
5017,0.000000
5018,0.000000
5019,0.000000
5020,0.000000
5021,0.000000
5022,0.000000
5023,0.000000
5024,0.000000
5025,0.000000
5026,0.000000
5027,0.000000
5028,0.000000
5029,0.000000
5030,0.000000
5031,0.000000
5032,0.000000
5033,0.000000
5034,0.000000
5035,0.000000
5036,0.000000
5037,0.000000
5038,0.000000
5039,0.000000
5040,0.000000
5041,0.000000
5042,0.000000
5043,0.000000
5044,0.000000
5045,0.000000
5046,0.000000
5047,0.000000
5048,0.000000
5049,0.000000
5050,0.000000
5051,0.000000
5052,0.000000
5053,0.000000
5054,0.000000
5055,0.000000
5056,0.000000
5057,0.000000
5058,0.000000
5059,0.000000
5060,0.000000
5061,0.000000
5062,0.000000
5063,0.000000
5064,0.000000
5065,0.000000
5066,0.000000
5067,0.000000
5068,0.000000
5069,0.000000
5070,0.000000
5071,0.000000
5072,0.000000
5073,0.000000
5074,0.000000
5075,0.000000
5076,0.000000
5077,0.000000
5078,0.000000
5079,0.000000
5080,0.000000
5081,0.000000
5082,0.000000
5083,0.000000
5084,0.000000
5085,0.000000
5086,0.000000
5087,0.000000
5088,0.000000
5089,0.000000
5090,0.000000
5091,0.000000
5092,0.000000
5093,0.000000
5094,0.000000
5095,0.000000
5096,0.000000
5097,0.000000
5098,0.000000
5099,0.000000
5100,0.000000
5101,0.000000
5102,0.000000
5103,0.000000
5104,0.000000
5105,0.000000
5106,0.000000
5107,0.000000
5108,0.000000
5109,0.000000
5110,0.000000
5111,0.000000
5112,0.000000
5113,0.000000
5114,0.000000
5115,0.000000
5116,0.000000
5117,0.000000
5118,0.000000
5119,0.000000
5120,0.000000
5121,0.000000
5122,0.000000
5123,0.000000
5124,0.000000
5125,0.000000
5126,0.000000
5127,0.000000
5128,0.000000
5129,0.000000
5130,0.000000
5131,0.000000
5132,0.000000
5133,0.000000
5134,0.000000
5135,0.000000
5136,0.000000
5137,0.000000
5138,0.000000
5139,0.000000
5140,0.000000
5141,0.000000
5142,0.000000
5143,0.000000
5144,0.000000
5145,0.000000
5146,0.000000
5147,0.000000
5148,0.000000
5149,0.000000
5150,0.000000
5151,0.000000
5152,0.000000
5153,0.000000
5154,0.000000
5155,0.000000
5156,0.000000
5157,0.000000
5158,0.000000
5159,0.000000
5160,0.000000
5161,0.000000
5162,0.000000
5163,0.000000
5164,0.000000
5165,0.000000
5166,0.000000
5167,0.000000
5168,0.000000
5169,0.000000
5170,0.000000
5171,0.000000
5172,0.000000
5173,0.000000
5174,0.000000
5175,0.000000
5176,0.000000
5177,0.000000
5178,0.000000
5179,0.000000
5180,0.000000
5181,0.000000
5182,0.000000
5183,0.000000
5184,0.000000
5185,0.000000
5186,0.000000
5187,0.000000
5188,0.000000
5189,0.000000
5190,0.000000
5191,0.000000
5192,0.000000
5193,0.000000
5194,0.000000
5195,0.000000
5196,0.000000
5197,0.000000
5198,0.000000
5199,0.000000
5200,0.000000
5201,0.000000
5202,0.000000
5203,0.000000
5204,0.000000
5205,0.000000
5206,0.000000
5207,0.000000
5208,0.000000
5209,0.000000
5210,0.000000
5211,0.000000
5212,0.000000
5213,0.000000
5214,0.000000
5215,0.000000
5216,0.000000
5217,0.000000
5218,0.000000
5219,0.000000
5220,0.000000
5221,0.000000
5222,0.000000
5223,0.000000
5224,0.000000
5225,0.000000
5226,0.000000
5227,0.000000
5228,0.000000
5229,0.000000
5230,0.000000
5231,0.000000
5232,0.000000
5233,0.000000
5234,0.000000
5235,0.000000
5236,0.000000
5237,0.000000
5238,0.000000
5239,0.000000
5240,0.000000
5241,0.000000
5242,0.000000
5243,0.000000
5244,0.000000
5245,0.000000
5246,0.000000
5247,0.000000
5248,0.000000
5249,0.000000
5250,0.000000
5251,0.000000
5252,0.000000
5253,0.000000
5254,0.000000
5255,0.000000
5256,0.000000
5257,0.000000
5258,0.000000
5259,0.000000
5260,0.000000
5261,0.000000
5262,0.000000
5263,0.000000
5264,0.000000
5265,0.000000
5266,0.000000
5267,0.000000
5268,0.000000
5269,0.000000
5270,0.000000
5271,0.000000
5272,0.000000
5273,0.000000
5274,0.000000
5275,0.000000
5276,0.000000
5277,0.000000
5278,0.000000
5279,0.000000
5280,0.000000
5281,0.000000
5282,0.000000
5283,0.000000
5284,0.000000
5285,0.000000
5286,0.000000
5287,0.000000
5288,0.000000
5289,0.000000
5290,0.000000
5291,0.000000
5292,0.000000
5293,0.000000
5294,0.000000
5295,0.000000
5296,0.000000
5297,0.000000
5298,0.000000
5299,0.000000
5300,0.000000
5301,0.000000
5302,0.000000
5303,0.000000
5304,0.000000
5305,0.000000
5306,0.000000
5307,0.000000
5308,0.000000
5309,0.000000
5310,0.000000
5311,0.000000
5312,0.000000
5313,0.000000
5314,0.000000
5315,0.000000
5316,0.000000
5317,0.000000
5318,0.000000
5319,0.000000
5320,0.000000
5321,0.000000
5322,0.000000
5323,0.000000
5324,0.000000
5325,0.000000
5326,0.000000
5327,0.000000
5328,0.000000
5329,0.000000
5330,0.000000
5331,0.000000
5332,0.000000
5333,0.000000
5334,0.000000
5335,0.000000
5336,0.000000
5337,0.000000
5338,0.000000
5339,0.000000
5340,0.000000
5341,0.000000
5342,0.000000
5343,0.000000
5344,0.000000
5345,0.000000
5346,0.000000
5347,0.000000
5348,0.000000
5349,0.000000
5350,0.000000
5351,0.000000
5352,0.000000
5353,0.000000
5354,0.000000
5355,0.000000
5356,0.000000
5357,0.000000
5358,0.000000
5359,0.000000
5360,0.000000
5361,0.000000
5362,0.000000
5363,0.000000
5364,0.000000
5365,0.000000
5366,0.000000
5367,0.000000
5368,0.000000
5369,0.000000
5370,0.000000
5371,0.000000
5372,0.000000
5373,0.000000
5374,0.000000
5375,0.000000
5376,0.000000
5377,0.000000
5378,0.000000
5379,0.000000
5380,0.000000
5381,0.000000
5382,0.000000
5383,0.000000
5384,0.000000
5385,0.000000
5386,0.000000
5387,0.000000
5388,0.000000
5389,0.000000
5390,0.000000
5391,0.000000
5392,0.000000
5393,0.000000
5394,0.000000
5395,0.000000
5396,0.000000
5397,0.000000
5398,0.000000
5399,0.000000
5400,0.000000
5401,0.000000
5402,0.000000
5403,0.000000
5404,0.000000
5405,0.000000
5406,0.000000
5407,0.000000
5408,0.000000
5409,0.000000
5410,0.000000
5411,0.000000
5412,0.000000
5413,0.000000
5414,0.000000
5415,0.000000
5416,0.000000
5417,0.000000
5418,0.000000
5419,0.000000
5420,0.000000
5421,0.000000
5422,0.000000
5423,0.000000
5424,0.000000
5425,0.000000
5426,0.000000
5427,0.000000
5428,0.000000
5429,0.000000
5430,0.000000
5431,0.000000
5432,0.000000
5433,0.000000
5434,0.000000
5435,0.000000
5436,0.000000
5437,0.000000
5438,0.000000
5439,0.000000
5440,0.000000
5441,0.000000
5442,0.000000
5443,0.000000
5444,0.000000
5445,0.000000
5446,0.000000
5447,0.000000
5448,0.000000
5449,0.000000
5450,0.000000
5451,0.000000
5452,0.000000
5453,0.000000
5454,0.000000
5455,0.000000
5456,0.000000
5457,0.000000
5458,0.000000
5459,0.000000
5460,0.000000
5461,0.000000
5462,0.000000
5463,0.000000
5464,0.000000
5465,0.000000
5466,0.000000
5467,0.000000
5468,0.000000
5469,0.000000
5470,0.000000
5471,0.000000
5472,0.000000
5473,0.000000
5474,0.000000
5475,0.000000
5476,0.000000
5477,0.000000
5478,0.000000
5479,0.000000
5480,0.000000
5481,0.000000
5482,0.000000
5483,0.000000
5484,0.000000
5485,0.000000
5486,0.000000
5487,0.000000
5488,0.000000
5489,0.000000
5490,0.000000
5491,0.000000
5492,0.000000
5493,0.000000
5494,0.000000
5495,0.000000
5496,0.000000
5497,0.000000
5498,0.000000
5499,0.000000
5500,0.000000
5501,0.000000
5502,0.000000
5503,0.000000
5504,0.000000
5505,0.000000
5506,0.000000
5507,0.000000
5508,0.000000
5509,0.000000
5510,0.000000
5511,0.000000
5512,0.000000
5513,0.000000
5514,0.000000
5515,0.000000
5516,0.000000
5517,0.000000
5518,0.000000
5519,0.000000
5520,0.000000
5521,0.000000
5522,0.000000
5523,0.000000
5524,0.000000
5525,0.000000
5526,0.000000
5527,0.000000
5528,0.000000
5529,0.000000
5530,0.000000
5531,0.000000
5532,0.000000
5533,0.000000
5534,0.000000
5535,0.000000
5536,0.000000
5537,0.000000
5538,0.000000
5539,0.000000
5540,0.000000
5541,0.000000
5542,0.000000
5543,0.000000
5544,0.000000
5545,0.000000
5546,0.000000
5547,0.000000
5548,0.000000
5549,0.000000
5550,0.000000
5551,0.000000
5552,0.000000
5553,0.000000
5554,0.000000
5555,0.000000
5556,0.000000
5557,0.000000
5558,0.000000
5559,0.000000
5560,0.000000
5561,0.000000
5562,0.000000
5563,0.000000
5564,0.000000
5565,0.000000
5566,0.000000
5567,0.000000
5568,0.000000
5569,0.000000
5570,0.000000
5571,0.000000
5572,0.000000
5573,0.000000
5574,0.000000
5575,0.000000
5576,0.000000
5577,0.000000
5578,0.000000
5579,0.000000
5580,0.000000
5581,0.000000
5582,0.000000
5583,0.000000
5584,0.000000
5585,0.000000
5586,0.000000
5587,0.000000
5588,0.000000
5589,0.000000
5590,0.000000
5591,0.000000
5592,0.000000
5593,0.000000
5594,0.000000
5595,0.000000
5596,0.000000
5597,0.000000
5598,0.000000
5599,0.000000
5600,0.000000
5601,0.000000
5602,0.000000
5603,0.000000
5604,0.000000
5605,0.000000
5606,0.000000
5607,0.000000
5608,0.000000
5609,0.000000
5610,0.000000
5611,0.000000
5612,0.000000
5613,0.000000
5614,0.000000
5615,0.000000
5616,0.000000
5617,0.000000
5618,0.000000
5619,0.000000
5620,0.000000
5621,0.000000
5622,0.000000
5623,0.000000
5624,0.000000
5625,0.000000
5626,0.000000
5627,0.000000
5628,0.000000
5629,0.000000
5630,0.000000
5631,0.000000
5632,0.000000
5633,0.000000
5634,0.000000
5635,0.000000
5636,0.000000
5637,0.000000
5638,0.000000
5639,0.000000
5640,0.000000
5641,0.000000
5642,0.000000
5643,0.000000
5644,0.000000
5645,0.000000
5646,0.000000
5647,0.000000
5648,0.000000
5649,0.000000
5650,0.000000
5651,0.000000
5652,0.000000
5653,0.000000
5654,0.000000
5655,0.000000
5656,0.000000
5657,0.000000
5658,0.000000
5659,0.000000
5660,0.000000
5661,0.000000
5662,0.000000
5663,0.000000
5664,0.000000
5665,0.000000
5666,0.000000
5667,0.000000
5668,0.000000
5669,0.000000
5670,0.000000
5671,0.000000
5672,0.000000
5673,0.000000
5674,0.000000
5675,0.000000
5676,0.000000
5677,0.000000
5678,0.000000
5679,0.000000
5680,0.000000
5681,0.000000
5682,0.000000
5683,0.000000
5684,0.000000
5685,0.000000
5686,0.000000
5687,0.000000
5688,0.000000
5689,0.000000
5690,0.000000
5691,0.000000
5692,0.000000
5693,0.000000
5694,0.000000
5695,0.000000
5696,0.000000
5697,0.000000
5698,0.000000
5699,0.000000
5700,0.000000
5701,0.000000
5702,0.000000
5703,0.000000
5704,0.000000
5705,0.000000
5706,0.000000
5707,0.000000
5708,0.000000
5709,0.000000
5710,0.000000
5711,0.000000
5712,0.000000
5713,0.000000
5714,0.000000
5715,0.000000
5716,0.000000
5717,0.000000
5718,0.000000
5719,0.000000
5720,0.000000
5721,0.000000
5722,0.000000
5723,0.000000
5724,0.000000
5725,0.000000
5726,0.000000
5727,0.000000
5728,0.000000
5729,0.000000
5730,0.000000
5731,0.000000
5732,0.000000
5733,0.000000
5734,0.000000
5735,0.000000
5736,0.000000
5737,0.000000
5738,0.000000
5739,0.000000
5740,0.000000
5741,0.000000
5742,0.000000
5743,0.000000
5744,0.000000
5745,0.000000
5746,0.000000
5747,0.000000
5748,0.000000
5749,0.000000
5750,0.000000
5751,0.000000
5752,0.000000
5753,0.000000
5754,0.000000
5755,0.000000
5756,0.000000
5757,0.000000
5758,0.000000
5759,0.000000
5760,0.000000
5761,0.000000
5762,0.000000
5763,0.000000
5764,0.000000
5765,0.000000
5766,0.000000
5767,0.000000
5768,0.000000
5769,0.000000
5770,0.000000
5771,0.000000
5772,0.000000
5773,0.000000
5774,0.000000
5775,0.000000
5776,0.000000
5777,0.000000
5778,0.000000
5779,0.000000
5780,0.000000
5781,0.000000
5782,0.000000
5783,0.000000
5784,0.000000
5785,0.000000
5786,0.000000
5787,0.000000
5788,0.000000
5789,0.000000
5790,0.000000
5791,0.000000
5792,0.000000
5793,0.000000
5794,0.000000
5795,0.000000
5796,0.000000
5797,0.000000
5798,0.000000
5799,0.000000
5800,0.000000
5801,0.000000
5802,0.000000
5803,0.000000
5804,0.000000
5805,0.000000
5806,0.000000
5807,0.000000
5808,0.000000
5809,0.000000
5810,0.000000
5811,0.000000
5812,0.000000
5813,0.000000
5814,0.000000
5815,0.000000
5816,0.000000
5817,0.000000
5818,0.000000
5819,0.000000
5820,0.000000
5821,0.000000
5822,0.000000
5823,0.000000
5824,0.000000
5825,0.000000
5826,0.000000
5827,0.000000
5828,0.000000
5829,0.000000
5830,0.000000
5831,0.000000
5832,0.000000
5833,0.000000
5834,0.000000
5835,0.000000
5836,0.000000
5837,0.000000
5838,0.000000
5839,0.000000
5840,0.000000
5841,0.000000
5842,0.000000
5843,0.000000
5844,0.000000
5845,0.000000
5846,0.000000
5847,0.000000
5848,0.000000
5849,0.000000
5850,0.000000
5851,0.000000
5852,0.000000
5853,0.000000
5854,0.000000
5855,0.000000
5856,0.000000
5857,0.000000
5858,0.000000
5859,0.000000
5860,0.000000
5861,0.000000
5862,0.000000
5863,0.000000
5864,0.000000
5865,0.000000
5866,0.000000
5867,0.000000
5868,0.000000
5869,0.000000
5870,0.000000
5871,0.000000
5872,0.000000
5873,0.000000
5874,0.000000
5875,0.000000
5876,0.000000
5877,0.000000
5878,0.000000
5879,0.000000
5880,0.000000
5881,0.000000
5882,0.000000
5883,0.000000
5884,0.000000
5885,0.000000
5886,0.000000
5887,0.000000
5888,0.000000
5889,0.000000
5890,0.000000
5891,0.000000
5892,0.000000
5893,0.000000
5894,0.000000
5895,0.000000
5896,0.000000
5897,0.000000
5898,0.000000
5899,0.000000
5900,0.000000
5901,0.000000
5902,0.000000
5903,0.000000
5904,0.000000
5905,0.000000
5906,0.000000
5907,0.000000
5908,0.000000
5909,0.000000
5910,0.000000
5911,0.000000
5912,0.000000
5913,0.000000
5914,0.000000
5915,0.000000
5916,0.000000
5917,0.000000
5918,0.000000
5919,0.000000
5920,0.000000
5921,0.000000
5922,0.000000
5923,0.000000
5924,0.000000
5925,0.000000
5926,0.000000
5927,0.000000
5928,0.000000
5929,0.000000
5930,0.000000
5931,0.000000
5932,0.000000
5933,0.000000
5934,0.000000
5935,0.000000
5936,0.000000
5937,0.000000
5938,0.000000
5939,0.000000
5940,0.000000
5941,0.000000
5942,0.000000
5943,0.000000
5944,0.000000
5945,0.000000
5946,0.000000
5947,0.000000
5948,0.000000
5949,0.000000
5950,0.000000
5951,0.000000
5952,0.000000
5953,0.000000
5954,0.000000
5955,0.000000
5956,0.000000
5957,0.000000
5958,0.000000
5959,0.000000
5960,0.000000
5961,0.000000
5962,0.000000
5963,0.000000
5964,0.000000
5965,0.000000
5966,0.000000
5967,0.000000
5968,0.000000
5969,0.000000
5970,0.000000
5971,0.000000
5972,0.000000
5973,0.000000
5974,0.000000
5975,0.000000
5976,0.000000
5977,0.000000
5978,0.000000
5979,0.000000
5980,0.000000
5981,0.000000
5982,0.000000
5983,0.000000
5984,0.000000
5985,0.000000
5986,0.000000
5987,0.000000
5988,0.000000
5989,0.000000
5990,0.000000
5991,0.000000
5992,0.000000
5993,0.000000
5994,0.000000
5995,0.000000
5996,0.000000
5997,0.000000
5998,0.000000
5999,0.000000
6000,0.000000
6001,0.000000
6002,0.000000
6003,0.000000
6004,0.000000
6005,0.000000
6006,0.000000
6007,0.000000
6008,0.000000
6009,0.000000
6010,0.000000
6011,0.000000
6012,0.000000
6013,0.000000
6014,0.000000
6015,0.000000
6016,0.000000
6017,0.000000
6018,0.000000
6019,0.000000
6020,0.000000
6021,0.000000
6022,0.000000
6023,0.000000
6024,0.000000
6025,0.000000
6026,0.000000
6027,0.000000
6028,0.000000
6029,0.000000
6030,0.000000
6031,0.000000
6032,0.000000
6033,0.000000
6034,0.000000
6035,0.000000
6036,0.000000
6037,0.000000
6038,0.000000
6039,0.000000
6040,0.000000
6041,0.000000
6042,0.000000
6043,0.000000
6044,0.000000
6045,0.000000
6046,0.000000
6047,0.000000
6048,0.000000
6049,0.000000
6050,0.000000
6051,0.000000
6052,0.000000
6053,0.000000
6054,0.000000
6055,0.000000
6056,0.000000
6057,0.000000
6058,0.000000
6059,0.000000
6060,0.000000
6061,0.000000
6062,0.000000
6063,0.000000
6064,0.000000
6065,0.000000
6066,0.000000
6067,0.000000
6068,0.000000
6069,0.000000
6070,0.000000
6071,0.000000
6072,0.000000
6073,0.000000
6074,0.000000
6075,0.000000
6076,0.000000
6077,0.000000
6078,0.000000
6079,0.000000
6080,0.000000
6081,0.000000
6082,0.000000
6083,0.000000
6084,0.000000
6085,0.000000
6086,0.000000
6087,0.000000
6088,0.000000
6089,0.000000
6090,0.000000
6091,0.000000
6092,0.000000
6093,0.000000
6094,0.000000
6095,0.000000
6096,0.000000
6097,0.000000
6098,0.000000
6099,0.000000
6100,0.000000
6101,0.000000
6102,0.000000
6103,0.000000
6104,0.000000
6105,0.000000
6106,0.000000
6107,0.000000
6108,0.000000
6109,0.000000
6110,0.000000
6111,0.000000
6112,0.000000
6113,0.000000
6114,0.000000
6115,0.000000
6116,0.000000
6117,0.000000
6118,0.000000
6119,0.000000
6120,0.000000
6121,0.000000
6122,0.000000
6123,0.000000
6124,0.000000
6125,0.000000
6126,0.000000
6127,0.000000
6128,0.000000
6129,0.000000
6130,0.000000
6131,0.000000
6132,0.000000
6133,0.000000
6134,0.000000
6135,0.000000
6136,0.000000
6137,0.000000
6138,0.000000
6139,0.000000
6140,0.000000
6141,0.000000
6142,0.000000
6143,0.000000
6144,0.000000
6145,0.000000
6146,0.000000
6147,0.000000
6148,0.000000
6149,0.000000
6150,0.000000
6151,0.000000
6152,0.000000
6153,0.000000
6154,0.000000
6155,0.000000
6156,0.000000
6157,0.000000
6158,0.000000
6159,0.000000
6160,0.000000
6161,0.000000
6162,0.000000
6163,0.000000
6164,0.000000
6165,0.000000
6166,0.000000
6167,0.000000
6168,0.000000
6169,0.000000
6170,0.000000
6171,0.000000
6172,0.000000
6173,0.000000
6174,0.000000
6175,0.000000
6176,0.000000
6177,0.000000
6178,0.000000
6179,0.000000
6180,0.000000
6181,0.000000
6182,0.000000
6183,0.000000
6184,0.000000
6185,0.000000
6186,0.000000
6187,0.000000
6188,0.000000
6189,0.000000
6190,0.000000
6191,0.000000
6192,0.000000
6193,0.000000
6194,0.000000
6195,0.000000
6196,0.000000
6197,0.000000
6198,0.000000
6199,0.000000
6200,0.000000
6201,0.000000
6202,0.000000
6203,0.000000
6204,0.000000
6205,0.000000
6206,0.000000
6207,0.000000
6208,0.000000
6209,0.000000
6210,0.000000
6211,0.000000
6212,0.000000
6213,0.000000
6214,0.000000
6215,0.000000
6216,0.000000
6217,0.000000
6218,0.000000
6219,0.000000
6220,0.000000
6221,0.000000
6222,0.000000
6223,0.000000
6224,0.000000
6225,0.000000
6226,0.000000
6227,0.000000
6228,0.000000
6229,0.000000
6230,0.000000
6231,0.000000
6232,0.000000
6233,0.000000
6234,0.000000
6235,0.000000
6236,0.000000
6237,0.000000
6238,0.000000
6239,0.000000
6240,0.000000
6241,0.000000
6242,0.000000
6243,0.000000
6244,0.000000
6245,0.000000
6246,0.000000
6247,0.000000
6248,0.000000
6249,0.000000
6250,0.000000
6251,0.000000
6252,0.000000
6253,0.000000
6254,0.000000
6255,0.000000
6256,0.000000
6257,0.000000
6258,0.000000
6259,0.000000
6260,0.000000
6261,0.000000
6262,0.000000
6263,0.000000
6264,0.000000
6265,0.000000
6266,0.000000
6267,0.000000
6268,0.000000
6269,0.000000
6270,0.000000
6271,0.000000
6272,0.000000
6273,0.000000
6274,0.000000
6275,0.000000
6276,0.000000
6277,0.000000
6278,0.000000
6279,0.000000
6280,0.000000
6281,0.000000
6282,0.000000
6283,0.000000
6284,0.000000
6285,0.000000
6286,0.000000
6287,0.000000
6288,0.000000
6289,0.000000
6290,0.000000
6291,0.000000
6292,0.000000
6293,0.000000
6294,0.000000
6295,0.000000
6296,0.000000
6297,0.000000
6298,0.000000
6299,0.000000
6300,0.000000
6301,0.000000
6302,0.000000
6303,0.000000
6304,0.000000
6305,0.000000
6306,0.000000
6307,0.000000
6308,0.000000
6309,0.000000
6310,0.000000
6311,0.000000
6312,0.000000
6313,0.000000
6314,0.000000
6315,0.000000
6316,0.000000
6317,0.000000
6318,0.000000
6319,0.000000
6320,0.000000
6321,0.000000
6322,0.000000
6323,0.000000
6324,0.000000
6325,0.000000
6326,0.000000
6327,0.000000
6328,0.000000
6329,0.000000
6330,0.000000
6331,0.000000
6332,0.000000
6333,0.000000
6334,0.000000
6335,0.000000
6336,0.000000
6337,0.000000
6338,0.000000
6339,0.000000
6340,0.000000
6341,0.000000
6342,0.000000
6343,0.000000
6344,0.000000
6345,0.000000
6346,0.000000
6347,0.000000
6348,0.000000
6349,0.000000
6350,0.000000
6351,0.000000
6352,0.000000
6353,0.000000
6354,0.000000
6355,0.000000
6356,0.000000
6357,0.000000
6358,0.000000
6359,0.000000
6360,0.000000
6361,0.000000
6362,0.000000
6363,0.000000
6364,0.000000
6365,0.000000
6366,0.000000
6367,0.000000
6368,0.000000
6369,0.000000
6370,0.000000
6371,0.000000
6372,0.000000
6373,0.000000
6374,0.000000
6375,0.000000
6376,0.000000
6377,0.000000
6378,0.000000
6379,0.000000
6380,0.000000
6381,0.000000
6382,0.000000
6383,0.000000
6384,0.000000
6385,0.000000
6386,0.000000
6387,0.000000
6388,0.000000
6389,0.000000
6390,0.000000
6391,0.000000
6392,0.000000
6393,0.000000
6394,0.000000
6395,0.000000
6396,0.000000
6397,0.000000
6398,0.000000
6399,0.000000
6400,0.000000
6401,0.000000
6402,0.000000
6403,0.000000
6404,0.000000
6405,0.000000
6406,0.000000
6407,0.000000
6408,0.000000
6409,0.000000
6410,0.000000
6411,0.000000
6412,0.000000
6413,0.000000
6414,0.000000
6415,0.000000
6416,0.000000
6417,0.000000
6418,0.000000
6419,0.000000
6420,0.000000
6421,0.000000
6422,0.000000
6423,0.000000
6424,0.000000
6425,0.000000
6426,0.000000
6427,0.000000
6428,0.000000
6429,0.000000
6430,0.000000
6431,0.000000
6432,0.000000
6433,0.000000
6434,0.000000
6435,0.000000
6436,0.000000
6437,0.000000
6438,0.000000
6439,0.000000
6440,0.000000
6441,0.000000
6442,0.000000
6443,0.000000
6444,0.000000
6445,0.000000
6446,0.000000
6447,0.000000
6448,0.000000
6449,0.000000
6450,0.000000
6451,0.000000
6452,0.000000
6453,0.000000
6454,0.000000
6455,0.000000
6456,0.000000
6457,0.000000
6458,0.000000
6459,0.000000
6460,0.000000
6461,0.000000
6462,0.000000
6463,0.000000
6464,0.000000
6465,0.000000
6466,0.000000
6467,0.000000
6468,0.000000
6469,0.000000
6470,0.000000
6471,0.000000
6472,0.000000
6473,0.000000
6474,0.000000
6475,0.000000
6476,0.000000
6477,0.000000
6478,0.000000
6479,0.000000
6480,0.000000
6481,0.000000
6482,0.000000
6483,0.000000
6484,0.000000
6485,0.000000
6486,0.000000
6487,0.000000
6488,0.000000
6489,0.000000
6490,0.000000
6491,0.000000
6492,0.000000
6493,0.000000
6494,0.000000
6495,0.000000
6496,0.000000
6497,0.000000
6498,0.000000
6499,0.000000
6500,0.000000
6501,0.000000
6502,0.000000
6503,0.000000
6504,0.000000
6505,0.000000
6506,0.000000
6507,0.000000
6508,0.000000
6509,0.000000
6510,0.000000
6511,0.000000
6512,0.000000
6513,0.000000
6514,0.000000
6515,0.000000
6516,0.000000
6517,0.000000
6518,0.000000
6519,0.000000
6520,0.000000
6521,0.000000
6522,0.000000
6523,0.000000
6524,0.000000
6525,0.000000
6526,0.000000
6527,0.000000
6528,0.000000
6529,0.000000
6530,0.000000
6531,0.000000
6532,0.000000
6533,0.000000
6534,0.000000
6535,0.000000
6536,0.000000
6537,0.000000
6538,0.000000
6539,0.000000
6540,0.000000
6541,0.000000
6542,0.000000
6543,0.000000
6544,0.000000
6545,0.000000
6546,0.000000
6547,0.000000
6548,0.000000
6549,0.000000
6550,0.000000
6551,0.000000
6552,0.000000
6553,0.000000
6554,0.000000
6555,0.000000
6556,0.000000
6557,0.000000
6558,0.000000
6559,0.000000
6560,0.000000
6561,0.000000
6562,0.000000
6563,0.000000
6564,0.000000
6565,0.000000
6566,0.000000
6567,0.000000
6568,0.000000
6569,0.000000
6570,0.000000
6571,0.000000
6572,0.000000
6573,0.000000
6574,0.000000
6575,0.000000
6576,0.000000
6577,0.000000
6578,0.000000
6579,0.000000
6580,0.000000
6581,0.000000
6582,0.000000
6583,0.000000
6584,0.000000
6585,0.000000
6586,0.000000
6587,0.000000
6588,0.000000
6589,0.000000
6590,0.000000
6591,0.000000
6592,0.000000
6593,0.000000
6594,0.000000
6595,0.000000
6596,0.000000
6597,0.000000
6598,0.000000
6599,0.000000
6600,0.000000
6601,0.000000
6602,0.000000
6603,0.000000
6604,0.000000
6605,0.000000
6606,0.000000
6607,0.000000
6608,0.000000
6609,0.000000
6610,0.000000
6611,0.000000
6612,0.000000
6613,0.000000
6614,0.000000
6615,0.000000
6616,0.000000
6617,0.000000
6618,0.000000
6619,0.000000
6620,0.000000
6621,0.000000
6622,0.000000
6623,0.000000
6624,0.000000
6625,0.000000
6626,0.000000
6627,0.000000
6628,0.000000
6629,0.000000
6630,0.000000
6631,0.000000
6632,0.000000
6633,0.000000
6634,0.000000
6635,0.000000
6636,0.000000
6637,0.000000
6638,0.000000
6639,0.000000
6640,0.000000
6641,0.000000
6642,0.000000
6643,0.000000
6644,0.000000
6645,0.000000
6646,0.000000
6647,0.000000
6648,0.000000
6649,0.000000
6650,0.000000
6651,0.000000
6652,0.000000
6653,0.000000
6654,0.000000
6655,0.000000
6656,0.000000
6657,0.000000
6658,0.000000
6659,0.000000
6660,0.000000
6661,0.000000
6662,0.000000
6663,0.000000
6664,0.000000
6665,0.000000
6666,0.000000
6667,0.000000
6668,0.000000
6669,0.000000
6670,0.000000
6671,0.000000
6672,0.000000
6673,0.000000
6674,0.000000
6675,0.000000
6676,0.000000
6677,0.000000
6678,0.000000
6679,0.000000
6680,0.000000
6681,0.000000
6682,0.000000
6683,0.000000
6684,0.000000
6685,0.000000
6686,0.000000
6687,0.000000
6688,0.000000
6689,0.000000
6690,0.000000
6691,0.000000
6692,0.000000
6693,0.000000
6694,0.000000
6695,0.000000
6696,0.000000
6697,0.000000
6698,0.000000
6699,0.000000
6700,0.000000
6701,0.000000
6702,0.000000
6703,0.000000
6704,0.000000
6705,0.000000
6706,0.000000
6707,0.000000
6708,0.000000
6709,0.000000
6710,0.000000
6711,0.000000
6712,0.000000
6713,0.000000
6714,0.000000
6715,0.000000
6716,0.000000
6717,0.000000
6718,0.000000
6719,0.000000
6720,0.000000
6721,0.000000
6722,0.000000
6723,0.000000
6724,0.000000
6725,0.000000
6726,0.000000
6727,0.000000
6728,0.000000
6729,0.000000
6730,0.000000
6731,0.000000
6732,0.000000
6733,0.000000
6734,0.000000
6735,0.000000
6736,0.000000
6737,0.000000
6738,0.000000
6739,0.000000
6740,0.000000
6741,0.000000
6742,0.000000
6743,0.000000
6744,0.000000
6745,0.000000
6746,0.000000
6747,0.000000
6748,0.000000
6749,0.000000
6750,0.000000
6751,0.000000
6752,0.000000
6753,0.000000
6754,0.000000
6755,0.000000
6756,0.000000
6757,0.000000
6758,0.000000
6759,0.000000
6760,0.000000
6761,0.000000
6762,0.000000
6763,0.000000
6764,0.000000
6765,0.000000
6766,0.000000
6767,0.000000
6768,0.000000
6769,0.000000
6770,0.000000
6771,0.000000
6772,0.000000
6773,0.000000
6774,0.000000
6775,0.000000
6776,0.000000
6777,0.000000
6778,0.000000
6779,0.000000
6780,0.000000
6781,0.000000
6782,0.000000
6783,0.000000
6784,0.000000
6785,0.000000
6786,0.000000
6787,0.000000
6788,0.000000
6789,0.000000
6790,0.000000
6791,0.000000
6792,0.000000
6793,0.000000
6794,0.000000
6795,0.000000
6796,0.000000
6797,0.000000
6798,0.000000
6799,0.000000
6800,0.000000
6801,0.000000
6802,0.000000
6803,0.000000
6804,0.000000
6805,0.000000
6806,0.000000
6807,0.000000
6808,0.000000
6809,0.000000
6810,0.000000
6811,0.000000
6812,0.000000
6813,0.000000
6814,0.000000
6815,0.000000
6816,0.000000
6817,0.000000
6818,0.000000
6819,0.000000
6820,0.000000
6821,0.000000
6822,0.000000
6823,0.000000
6824,0.000000
6825,0.000000
6826,0.000000
6827,0.000000
6828,0.000000
6829,0.000000
6830,0.000000
6831,0.000000
6832,0.000000
6833,0.000000
6834,0.000000
6835,0.000000
6836,0.000000
6837,0.000000
6838,0.000000
6839,0.000000
6840,0.000000
6841,0.000000
6842,0.000000
6843,0.000000
6844,0.000000
6845,0.000000
6846,0.000000
6847,0.000000
6848,0.000000
6849,0.000000
6850,0.000000
6851,0.000000
6852,0.000000
6853,0.000000
6854,0.000000
6855,0.000000
6856,0.000000
6857,0.000000
6858,0.000000
6859,0.000000
6860,0.000000
6861,0.000000
6862,0.000000
6863,0.000000
6864,0.000000
6865,0.000000
6866,0.000000
6867,0.000000
6868,0.000000
6869,0.000000
6870,0.000000
6871,0.000000
6872,0.000000
6873,0.000000
6874,0.000000
6875,0.000000
6876,0.000000
6877,0.000000
6878,0.000000
6879,0.000000
6880,0.000000
6881,0.000000
6882,0.000000
6883,0.000000
6884,0.000000
6885,0.000000
6886,0.000000
6887,0.000000
6888,0.000000
6889,0.000000
6890,0.000000
6891,0.000000
6892,0.000000
6893,0.000000
6894,0.000000
6895,0.000000
6896,0.000000
6897,0.000000
6898,0.000000
6899,0.000000
6900,0.000000
6901,0.000000
6902,0.000000
6903,0.000000
6904,0.000000
6905,0.000000
6906,0.000000
6907,0.000000
6908,0.000000
6909,0.000000
6910,0.000000
6911,0.000000
6912,0.000000
6913,0.000000
6914,0.000000
6915,0.000000
6916,0.000000
6917,0.000000
6918,0.000000
6919,0.000000
6920,0.000000
6921,0.000000
6922,0.000000
6923,0.000000
6924,0.000000
6925,0.000000
6926,0.000000
6927,0.000000
6928,0.000000
6929,0.000000
6930,0.000000
6931,0.000000
6932,0.000000
6933,0.000000
6934,0.000000
6935,0.000000
6936,0.000000
6937,0.000000
6938,0.000000
6939,0.000000
6940,0.000000
6941,0.000000
6942,0.000000
6943,0.000000
6944,0.000000
6945,0.000000
6946,0.000000
6947,0.000000
6948,0.000000
6949,0.000000
6950,0.000000
6951,0.000000
6952,0.000000
6953,0.000000
6954,0.000000
6955,0.000000
6956,0.000000
6957,0.000000
6958,0.000000
6959,0.000000
6960,0.000000
6961,0.000000
6962,0.000000
6963,0.000000
6964,0.000000
6965,0.000000
6966,0.000000
6967,0.000000
6968,0.000000
6969,0.000000
6970,0.000000
6971,0.000000
6972,0.000000
6973,0.000000
6974,0.000000
6975,0.000000
6976,0.000000
6977,0.000000
6978,0.000000
6979,0.000000
6980,0.000000
6981,0.000000
6982,0.000000
6983,0.000000
6984,0.000000
6985,0.000000
6986,0.000000
6987,0.000000
6988,0.000000
6989,0.000000
6990,0.000000
6991,0.000000
6992,0.000000
6993,0.000000
6994,0.000000
6995,0.000000
6996,0.000000
6997,0.000000
6998,0.000000
6999,0.000000
7000,0.000000
7001,0.000000
7002,0.000000
7003,0.000000
7004,0.000000
7005,0.000000
7006,0.000000
7007,0.000000
7008,0.000000
7009,0.000000
7010,0.000000
7011,0.000000
7012,0.000000
7013,0.000000
7014,0.000000
7015,0.000000
7016,0.000000
7017,0.000000
7018,0.000000
7019,0.000000
7020,0.000000
7021,0.000000
7022,0.000000
7023,0.000000
7024,0.000000
7025,0.000000
7026,0.000000
7027,0.000000
7028,0.000000
7029,0.000000
7030,0.000000
7031,0.000000
7032,0.000000
7033,0.000000
7034,0.000000
7035,0.000000
7036,0.000000
7037,0.000000
7038,0.000000
7039,0.000000
7040,0.000000
7041,0.000000
7042,0.000000
7043,0.000000
7044,0.000000
7045,0.000000
7046,0.000000
7047,0.000000
7048,0.000000
7049,0.000000
7050,0.000000
7051,0.000000
7052,0.000000
7053,0.000000
7054,0.000000
7055,0.000000
7056,0.000000
7057,0.000000
7058,0.000000
7059,0.000000
7060,0.000000
7061,0.000000
7062,0.000000
7063,0.000000
7064,0.000000
7065,0.000000
7066,0.000000
7067,0.000000
7068,0.000000
7069,0.000000
7070,0.000000
7071,0.000000
7072,0.000000
7073,0.000000
7074,0.000000
7075,0.000000
7076,0.000000
7077,0.000000
7078,0.000000
7079,0.000000
7080,0.000000
7081,0.000000
7082,0.000000
7083,0.000000
7084,0.000000
7085,0.000000
7086,0.000000
7087,0.000000
7088,0.000000
7089,0.000000
7090,0.000000
7091,0.000000
7092,0.000000
7093,0.000000
7094,0.000000
7095,0.000000
7096,0.000000
7097,0.000000
7098,0.000000
7099,0.000000
7100,0.000000
7101,0.000000
7102,0.000000
7103,0.000000
7104,0.000000
7105,0.000000
7106,0.000000
7107,0.000000
7108,0.000000
7109,0.000000
7110,0.000000
7111,0.000000
7112,0.000000
7113,0.000000
7114,0.000000
7115,0.000000
7116,0.000000
7117,0.000000
7118,0.000000
7119,0.000000
7120,0.000000
7121,0.000000
7122,0.000000
7123,0.000000
7124,0.000000
7125,0.000000
7126,0.000000
7127,0.000000
7128,0.000000
7129,0.000000
7130,0.000000
7131,0.000000
7132,0.000000
7133,0.000000
7134,0.000000
7135,0.000000
7136,0.000000
7137,0.000000
7138,0.000000
7139,0.000000
7140,0.000000
7141,0.000000
7142,0.000000
7143,0.000000
7144,0.000000
7145,0.000000
7146,0.000000
7147,0.000000
7148,0.000000
7149,0.000000
7150,0.000000
7151,0.000000
7152,0.000000
7153,0.000000
7154,0.000000
7155,0.000000
7156,0.000000
7157,0.000000
7158,0.000000
7159,0.000000
7160,0.000000
7161,0.000000
7162,0.000000
7163,0.000000
7164,0.000000
7165,0.000000
7166,0.000000
7167,0.000000
7168,0.000000
7169,0.000000
7170,0.000000
7171,0.000000
7172,0.000000
7173,0.000000
7174,0.000000
7175,0.000000
7176,0.000000
7177,0.000000
7178,0.000000
7179,0.000000
7180,0.000000
7181,0.000000
7182,0.000000
7183,0.000000
7184,0.000000
7185,0.000000
7186,0.000000
7187,0.000000
7188,0.000000
7189,0.000000
7190,0.000000
7191,0.000000
7192,0.000000
7193,0.000000
7194,0.000000
7195,0.000000
7196,0.000000
7197,0.000000
7198,0.000000
7199,0.000000
7200,0.000000
7201,0.000000
7202,0.000000
7203,0.000000
7204,0.000000
7205,0.000000
7206,0.000000
7207,0.000000
7208,0.000000
7209,0.000000
7210,0.000000
7211,0.000000
7212,0.000000
7213,0.000000
7214,0.000000
7215,0.000000
7216,0.000000
7217,0.000000
7218,0.000000
7219,0.000000
7220,0.000000
7221,0.000000
7222,0.000000
7223,0.000000
7224,0.000000
7225,0.000000
7226,0.000000
7227,0.000000
7228,0.000000
7229,0.000000
7230,0.000000
7231,0.000000
7232,0.000000
7233,0.000000
7234,0.000000
7235,0.000000
7236,0.000000
7237,0.000000
7238,0.000000
7239,0.000000
7240,0.000000
7241,0.000000
7242,0.000000
7243,0.000000
7244,0.000000
7245,0.000000
7246,0.000000
7247,0.000000
7248,0.000000
7249,0.000000
7250,0.000000
7251,0.000000
7252,0.000000
7253,0.000000
7254,0.000000
7255,0.000000
7256,0.000000
7257,0.000000
7258,0.000000
7259,0.000000
7260,0.000000
7261,0.000000
7262,0.000000
7263,0.000000
7264,0.000000
7265,0.000000
7266,0.000000
7267,0.000000
7268,0.000000
7269,0.000000
7270,0.000000
7271,0.000000
7272,0.000000
7273,0.000000
7274,0.000000
7275,0.000000
7276,0.000000
7277,0.000000
7278,0.000000
7279,0.000000
7280,0.000000
7281,0.000000
7282,0.000000
7283,0.000000
7284,0.000000
7285,0.000000
7286,0.000000
7287,0.000000
7288,0.000000
7289,0.000000
7290,0.000000
7291,0.000000
7292,0.000000
7293,0.000000
7294,0.000000
7295,0.000000
7296,0.000000
7297,0.000000
7298,0.000000
7299,0.000000
7300,0.000000
7301,0.000000
7302,0.000000
7303,0.000000
7304,0.000000
7305,0.000000
7306,0.000000
7307,0.000000
7308,0.000000
7309,0.000000
7310,0.000000
7311,0.000000
7312,0.000000
7313,0.000000
7314,0.000000
7315,0.000000
7316,0.000000
7317,0.000000
7318,0.000000
7319,0.000000
7320,0.000000
7321,0.000000
7322,0.000000
7323,0.000000
7324,0.000000
7325,0.000000
7326,0.000000
7327,0.000000
7328,0.000000
7329,0.000000
7330,0.000000
7331,0.000000
7332,0.000000
7333,0.000000
7334,0.000000
7335,0.000000
7336,0.000000
7337,0.000000
7338,0.000000
7339,0.000000
7340,0.000000
7341,0.000000
7342,0.000000
7343,0.000000
7344,0.000000
7345,0.000000
7346,0.000000
7347,0.000000
7348,0.000000
7349,0.000000
7350,0.000000
7351,0.000000
7352,0.000000
7353,0.000000
7354,0.000000
7355,0.000000
7356,0.000000
7357,0.000000
7358,0.000000
7359,0.000000
7360,0.000000
7361,0.000000
7362,0.000000
7363,0.000000
7364,0.000000
7365,0.000000
7366,0.000000
7367,0.000000
7368,0.000000
7369,0.000000
7370,0.000000
7371,0.000000
7372,0.000000
7373,0.000000
7374,0.000000
7375,0.000000
7376,0.000000
7377,0.000000
7378,0.000000
7379,0.000000
7380,0.000000
7381,0.000000
7382,0.000000
7383,0.000000
7384,0.000000
7385,0.000000
7386,0.000000
7387,0.000000
7388,0.000000
7389,0.000000
7390,0.000000
7391,0.000000
7392,0.000000
7393,0.000000
7394,0.000000
7395,0.000000
7396,0.000000
7397,0.000000
7398,0.000000
7399,0.000000
7400,0.000000
7401,0.000000
7402,0.000000
7403,0.000000
7404,0.000000
7405,0.000000
7406,0.000000
7407,0.000000
7408,0.000000
7409,0.000000
7410,0.000000
7411,0.000000
7412,0.000000
7413,0.000000
7414,0.000000
7415,0.000000
7416,0.000000
7417,0.000000
7418,0.000000
7419,0.000000
7420,0.000000
7421,0.000000
7422,0.000000
7423,0.000000
7424,0.000000
7425,0.000000
7426,0.000000
7427,0.000000
7428,0.000000
7429,0.000000
7430,0.000000
7431,0.000000
7432,0.000000
7433,0.000000
7434,0.000000
7435,0.000000
7436,0.000000
7437,0.000000
7438,0.000000
7439,0.000000
7440,0.000000
7441,0.000000
7442,0.000000
7443,0.000000
7444,0.000000
7445,0.000000
7446,0.000000
7447,0.000000
7448,0.000000
7449,0.000000
7450,0.000000
7451,0.000000
7452,0.000000
7453,0.000000
7454,0.000000
7455,0.000000
7456,0.000000
7457,0.000000
7458,0.000000
7459,0.000000
7460,0.000000
7461,0.000000
7462,0.000000
7463,0.000000
7464,0.000000
7465,0.000000
7466,0.000000
7467,0.000000
7468,0.000000
7469,0.000000
7470,0.000000
7471,0.000000
7472,0.000000
7473,0.000000
7474,0.000000
7475,0.000000
7476,0.000000
7477,0.000000
7478,0.000000
7479,0.000000
7480,0.000000
7481,0.000000
7482,0.000000
7483,0.000000
7484,0.000000
7485,0.000000
7486,0.000000
7487,0.000000
7488,0.000000
7489,0.000000
7490,0.000000
7491,0.000000
7492,0.000000
7493,0.000000
7494,0.000000
7495,0.000000
7496,0.000000
7497,0.000000
7498,0.000000
7499,0.000000
7500,0.000000
7501,0.000000
7502,0.000000
7503,0.000000
7504,0.000000
7505,0.000000
7506,0.000000
7507,0.000000
7508,0.000000
7509,0.000000
7510,0.000000
7511,0.000000
7512,0.000000
7513,0.000000
7514,0.000000
7515,0.000000
7516,0.000000
7517,0.000000
7518,0.000000
7519,0.000000
7520,0.000000
7521,0.000000
7522,0.000000
7523,0.000000
7524,0.000000
7525,0.000000
7526,0.000000
7527,0.000000
7528,0.000000
7529,0.000000
7530,0.000000
7531,0.000000
7532,0.000000
7533,0.000000
7534,0.000000
7535,0.000000
7536,0.000000
7537,0.000000
7538,0.000000
7539,0.000000
7540,0.000000
7541,0.000000
7542,0.000000
7543,0.000000
7544,0.000000
7545,0.000000
7546,0.000000
7547,0.000000
7548,0.000000
7549,0.000000
7550,0.000000
7551,0.000000
7552,0.000000
7553,0.000000
7554,0.000000
7555,0.000000
7556,0.000000
7557,0.000000
7558,0.000000
7559,0.000000
7560,0.000000
7561,0.000000
7562,0.000000
7563,0.000000
7564,0.000000
7565,0.000000
7566,0.000000
7567,0.000000
7568,0.000000
7569,0.000000
7570,0.000000
7571,0.000000
7572,0.000000
7573,0.000000
7574,0.000000
7575,0.000000
7576,0.000000
7577,0.000000
7578,0.000000
7579,0.000000
7580,0.000000
7581,0.000000
7582,0.000000
7583,0.000000
7584,0.000000
7585,0.000000
7586,0.000000
7587,0.000000
7588,0.000000
7589,0.000000
7590,0.000000
7591,0.000000
7592,0.000000
7593,0.000000
7594,0.000000
7595,0.000000
7596,0.000000
7597,0.000000
7598,0.000000
7599,0.000000
7600,0.000000
7601,0.000000
7602,0.000000
7603,0.000000
7604,0.000000
7605,0.000000
7606,0.000000
7607,0.000000
7608,0.000000
7609,0.000000
7610,0.000000
7611,0.000000
7612,0.000000
7613,0.000000
7614,0.000000
7615,0.000000
7616,0.000000
7617,0.000000
7618,0.000000
7619,0.000000
7620,0.000000
7621,0.000000
7622,0.000000
7623,0.000000
7624,0.000000
7625,0.000000
7626,0.000000
7627,0.000000
7628,0.000000
7629,0.000000
7630,0.000000
7631,0.000000
7632,0.000000
7633,0.000000
7634,0.000000
7635,0.000000
7636,0.000000
7637,0.000000
7638,0.000000
7639,0.000000
7640,0.000000
7641,0.000000
7642,0.000000
7643,0.000000
7644,0.000000
7645,0.000000
7646,0.000000
7647,0.000000
7648,0.000000
7649,0.000000
7650,0.000000
7651,0.000000
7652,0.000000
7653,0.000000
7654,0.000000
7655,0.000000
7656,0.000000
7657,0.000000
7658,0.000000
7659,0.000000
7660,0.000000
7661,0.000000
7662,0.000000
7663,0.000000
7664,0.000000
7665,0.000000
7666,0.000000
7667,0.000000
7668,0.000000
7669,0.000000
7670,0.000000
7671,0.000000
7672,0.000000
7673,0.000000
7674,0.000000
7675,0.000000
7676,0.000000
7677,0.000000
7678,0.000000
7679,0.000000
7680,0.000000
7681,0.000000
7682,0.000000
7683,0.000000
7684,0.000000
7685,0.000000
7686,0.000000
7687,0.000000
7688,0.000000
7689,0.000000
7690,0.000000
7691,0.000000
7692,0.000000
7693,0.000000
7694,0.000000
7695,0.000000
7696,0.000000
7697,0.000000
7698,0.000000
7699,0.000000
7700,0.000000
7701,0.000000
7702,0.000000
7703,0.000000
7704,0.000000
7705,0.000000
7706,0.000000
7707,0.000000
7708,0.000000
7709,0.000000
7710,0.000000
7711,0.000000
7712,0.000000
7713,0.000000
7714,0.000000
7715,0.000000
7716,0.000000
7717,0.000000
7718,0.000000
7719,0.000000
7720,0.000000
7721,0.000000
7722,0.000000
7723,0.000000
7724,0.000000
7725,0.000000
7726,0.000000
7727,0.000000
7728,0.000000
7729,0.000000
7730,0.000000
7731,0.000000
7732,0.000000
7733,0.000000
7734,0.000000
7735,0.000000
7736,0.000000
7737,0.000000
7738,0.000000
7739,0.000000
7740,0.000000
7741,0.000000
7742,0.000000
7743,0.000000
7744,0.000000
7745,0.000000
7746,0.000000
7747,0.000000
7748,0.000000
7749,0.000000
7750,0.000000
7751,0.000000
7752,0.000000
7753,0.000000
7754,0.000000
7755,0.000000
7756,0.000000
7757,0.000000
7758,0.000000
7759,0.000000
7760,0.000000
7761,0.000000
7762,0.000000
7763,0.000000
7764,0.000000
7765,0.000000
7766,0.000000
7767,0.000000
7768,0.000000
7769,0.000000
7770,0.000000
7771,0.000000
7772,0.000000
7773,0.000000
7774,0.000000
7775,0.000000
7776,0.000000
7777,0.000000
7778,0.000000
7779,0.000000
7780,0.000000
7781,0.000000
7782,0.000000
7783,0.000000
7784,0.000000
7785,0.000000
7786,0.000000
7787,0.000000
7788,0.000000
7789,0.000000
7790,0.000000
7791,0.000000
7792,0.000000
7793,0.000000
7794,0.000000
7795,0.000000
7796,0.000000
7797,0.000000
7798,0.000000
7799,0.000000
7800,0.000000
7801,0.000000
7802,0.000000
7803,0.000000
7804,0.000000
7805,0.000000
7806,0.000000
7807,0.000000
7808,0.000000
7809,0.000000
7810,0.000000
7811,0.000000
7812,0.000000
7813,0.000000
7814,0.000000
7815,0.000000
7816,0.000000
7817,0.000000
7818,0.000000
7819,0.000000
7820,0.000000
7821,0.000000
7822,0.000000
7823,0.000000
7824,0.000000
7825,0.000000
7826,0.000000
7827,0.000000
7828,0.000000
7829,0.000000
7830,0.000000
7831,0.000000
7832,0.000000
7833,0.000000
7834,0.000000
7835,0.000000
7836,0.000000
7837,0.000000
7838,0.000000
7839,0.000000
7840,0.000000
7841,0.000000
7842,0.000000
7843,0.000000
7844,0.000000
7845,0.000000
7846,0.000000
7847,0.000000
7848,0.000000
7849,0.000000
7850,0.000000
7851,0.000000
7852,0.000000
7853,0.000000
7854,0.000000
7855,0.000000
7856,0.000000
7857,0.000000
7858,0.000000
7859,0.000000
7860,0.000000
7861,0.000000
7862,0.000000
7863,0.000000
7864,0.000000
7865,0.000000
7866,0.000000
7867,0.000000
7868,0.000000
7869,0.000000
7870,0.000000
7871,0.000000
7872,0.000000
7873,0.000000
7874,0.000000
7875,0.000000
7876,0.000000
7877,0.000000
7878,0.000000
7879,0.000000
7880,0.000000
7881,0.000000
7882,0.000000
7883,0.000000
7884,0.000000
7885,0.000000
7886,0.000000
7887,0.000000
7888,0.000000
7889,0.000000
7890,0.000000
7891,0.000000
7892,0.000000
7893,0.000000
7894,0.000000
7895,0.000000
7896,0.000000
7897,0.000000
7898,0.000000
7899,0.000000
7900,0.000000
7901,0.000000
7902,0.000000
7903,0.000000
7904,0.000000
7905,0.000000
7906,0.000000
7907,0.000000
7908,0.000000
7909,0.000000
7910,0.000000
7911,0.000000
7912,0.000000
7913,0.000000
7914,0.000000
7915,0.000000
7916,0.000000
7917,0.000000
7918,0.000000
7919,0.000000
7920,0.000000
7921,0.000000
7922,0.000000
7923,0.000000
7924,0.000000
7925,0.000000
7926,0.000000
7927,0.000000
7928,0.000000
7929,0.000000
7930,0.000000
7931,0.000000
7932,0.000000
7933,0.000000
7934,0.000000
7935,0.000000
7936,0.000000
7937,0.000000
7938,0.000000
7939,0.000000
7940,0.000000
7941,0.000000
7942,0.000000
7943,0.000000
7944,0.000000
7945,0.000000
7946,0.000000
7947,0.000000
7948,0.000000
7949,0.000000
7950,0.000000
7951,0.000000
7952,0.000000
7953,0.000000
7954,0.000000
7955,0.000000
7956,0.000000
7957,0.000000
7958,0.000000
7959,0.000000
7960,0.000000
7961,0.000000
7962,0.000000
7963,0.000000
7964,0.000000
7965,0.000000
7966,0.000000
7967,0.000000
7968,0.000000
7969,0.000000
7970,0.000000
7971,0.000000
7972,0.000000
7973,0.000000
7974,0.000000
7975,0.000000
7976,0.000000
7977,0.000000
7978,0.000000
7979,0.000000
7980,0.000000
7981,0.000000
7982,0.000000
7983,0.000000
7984,0.000000
7985,0.000000
7986,0.000000
7987,0.000000
7988,0.000000
7989,0.000000
7990,0.000000
7991,0.000000
7992,0.000000
7993,0.000000
7994,0.000000
7995,0.000000
7996,0.000000
7997,0.000000
7998,0.000000
7999,0.000000
8000,0.000000
8001,0.000000
8002,0.000000
8003,0.000000
8004,0.000000
8005,0.000000
8006,0.000000
8007,0.000000
8008,0.000000
8009,0.000000
8010,0.000000
8011,0.000000
8012,0.000000
8013,0.000000
8014,0.000000
8015,0.000000
8016,0.000000
8017,0.000000
8018,0.000000
8019,0.000000
8020,0.000000
8021,0.000000
8022,0.000000
8023,0.000000
8024,0.000000
8025,0.000000
8026,0.000000
8027,0.000000
8028,0.000000
8029,0.000000
8030,0.000000
8031,0.000000
8032,0.000000
8033,0.000000
8034,0.000000
8035,0.000000
8036,0.000000
8037,0.000000
8038,0.000000
8039,0.000000
8040,0.000000
8041,0.000000
8042,0.000000
8043,0.000000
8044,0.000000
8045,0.000000
8046,0.000000
8047,0.000000
8048,0.000000
8049,0.000000
8050,0.000000
8051,0.000000
8052,0.000000
8053,0.000000
8054,0.000000
8055,0.000000
8056,0.000000
8057,0.000000
8058,0.000000
8059,0.000000
8060,0.000000
8061,0.000000
8062,0.000000
8063,0.000000
8064,0.000000
8065,0.000000
8066,0.000000
8067,0.000000
8068,0.000000
8069,0.000000
8070,0.000000
8071,0.000000
8072,0.000000
8073,0.000000
8074,0.000000
8075,0.000000
8076,0.000000
8077,0.000000
8078,0.000000
8079,0.000000
8080,0.000000
8081,0.000000
8082,0.000000
8083,0.000000
8084,0.000000
8085,0.000000
8086,0.000000
8087,0.000000
8088,0.000000
8089,0.000000
8090,0.000000
8091,0.000000
8092,0.000000
8093,0.000000
8094,0.000000
8095,0.000000
8096,0.000000
8097,0.000000
8098,0.000000
8099,0.000000
8100,0.000000
8101,0.000000
8102,0.000000
8103,0.000000
8104,0.000000
8105,0.000000
8106,0.000000
8107,0.000000
8108,0.000000
8109,0.000000
8110,0.000000
8111,0.000000
8112,0.000000
8113,0.000000
8114,0.000000
8115,0.000000
8116,0.000000
8117,0.000000
8118,0.000000
8119,0.000000
8120,0.000000
8121,0.000000
8122,0.000000
8123,0.000000
8124,0.000000
8125,0.000000
8126,0.000000
8127,0.000000
8128,0.000000
8129,0.000000
8130,0.000000
8131,0.000000
8132,0.000000
8133,0.000000
8134,0.000000
8135,0.000000
8136,0.000000
8137,0.000000
8138,0.000000
8139,0.000000
8140,0.000000
8141,0.000000
8142,0.000000
8143,0.000000
8144,0.000000
8145,0.000000
8146,0.000000
8147,0.000000
8148,0.000000
8149,0.000000
8150,0.000000
8151,0.000000
8152,0.000000
8153,0.000000
8154,0.000000
8155,0.000000
8156,0.000000
8157,0.000000
8158,0.000000
8159,0.000000
8160,0.000000
8161,0.000000
8162,0.000000
8163,0.000000
8164,0.000000
8165,0.000000
8166,0.000000
8167,0.000000
8168,0.000000
8169,0.000000
8170,0.000000
8171,0.000000
8172,0.000000
8173,0.000000
8174,0.000000
8175,0.000000
8176,0.000000
8177,0.000000
8178,0.000000
8179,0.000000
8180,0.000000
8181,0.000000
8182,0.000000
8183,0.000000
8184,0.000000
8185,0.000000
8186,0.000000
8187,0.000000
8188,0.000000
8189,0.000000
8190,0.000000
8191,0.000000
8192,0.003092
8193,0.003092
8194,0.003092
8195,0.003092
8196,0.003092
8197,0.003092
8198,0.003092
8199,0.003092
8200,0.003092
8201,0.003092
8202,0.003092
8203,0.003092
8204,0.003092
8205,0.003092
8206,0.003092
8207,0.003092
8208,0.003092
8209,0.003092
8210,0.003092
8211,0.003092
8212,0.003092
8213,0.003092
8214,0.003092
8215,0.003092
8216,0.003092
8217,0.003092
8218,0.003092
8219,0.003092
8220,0.003092
8221,0.003092
8222,0.003092
8223,0.003092
8224,0.003092
8225,0.003092
8226,0.003092
8227,0.003092
8228,0.003092
8229,0.003092
8230,0.003092
8231,0.003092
8232,0.003092
8233,0.003092
8234,0.003092
8235,0.003092
8236,0.003092
8237,0.003092
8238,0.003092
8239,0.003092
8240,0.003092
8241,0.003092
8242,0.003092
8243,0.003092
8244,0.003092
8245,0.003092
8246,0.003092
8247,0.003092
8248,0.003092
8249,0.003092
8250,0.003092
8251,0.003092
8252,0.003092
8253,0.003092
8254,0.003092
8255,0.003092
8256,0.003092
8257,0.003092
8258,0.003092
8259,0.003092
8260,0.003092
8261,0.003092
8262,0.003092
8263,0.003092
8264,0.003092
8265,0.003092
8266,0.003092
8267,0.003092
8268,0.003092
8269,0.003092
8270,0.003092
8271,0.003092
8272,0.003092
8273,0.003092
8274,0.003092
8275,0.003092
8276,0.003092
8277,0.003092
8278,0.003092
8279,0.003092
8280,0.003092
8281,0.003092
8282,0.003092
8283,0.003092
8284,0.003092
8285,0.003092
8286,0.003092
8287,0.003092
8288,0.003092
8289,0.003092
8290,0.003092
8291,0.003092
8292,0.003092
8293,0.003092
8294,0.003092
8295,0.003092
8296,0.003092
8297,0.003092
8298,0.003092
8299,0.003092
8300,0.003092
8301,0.003092
8302,0.003092
8303,0.003092
8304,0.003092
8305,0.003092
8306,0.003092
8307,0.003092
8308,0.003092
8309,0.003092
8310,0.003092
8311,0.003092
8312,0.003092
8313,0.003092
8314,0.003092
8315,0.003092
8316,0.003092
8317,0.003092
8318,0.003092
8319,0.003092
8320,0.003092
8321,0.003092
8322,0.003092
8323,0.003092
8324,0.003092
8325,0.003092
8326,0.003092
8327,0.003092
8328,0.003092
8329,0.003092
8330,0.003092
8331,0.003092
8332,0.003092
8333,0.003092
8334,0.003092
8335,0.003092
8336,0.003092
8337,0.003092
8338,0.003092
8339,0.003092
8340,0.003092
8341,0.003092
8342,0.003092
8343,0.003092
8344,0.003092
8345,0.003092
8346,0.003092
8347,0.003092
8348,0.003092
8349,0.003092
8350,0.003092
8351,0.003092
8352,0.003092
8353,0.003092
8354,0.003092
8355,0.003092
8356,0.003092
8357,0.003092
8358,0.003092
8359,0.003092
8360,0.003092
8361,0.003092
8362,0.003092
8363,0.003092
8364,0.003092
8365,0.003092
8366,0.003092
8367,0.003092
8368,0.003092
8369,0.003092
8370,0.003092
8371,0.003092
8372,0.003092
8373,0.003092
8374,0.003092
8375,0.003092
8376,0.003092
8377,0.003092
8378,0.003092
8379,0.003092
8380,0.003092
8381,0.003092
8382,0.003092
8383,0.003092
8384,0.003092
8385,0.003092
8386,0.003092
8387,0.003092
8388,0.003092
8389,0.003092
8390,0.003092
8391,0.003092
8392,0.003092
8393,0.003092
8394,0.003092
8395,0.003092
8396,0.003092
8397,0.003092
8398,0.003092
8399,0.003092
8400,0.003092
8401,0.003092
8402,0.003092
8403,0.003092
8404,0.003092
8405,0.003092
8406,0.003092
8407,0.003092
8408,0.003092
8409,0.003092
8410,0.003092
8411,0.003092
8412,0.003092
8413,0.003092
8414,0.003092
8415,0.003092
8416,0.003092
8417,0.003092
8418,0.003092
8419,0.003092
8420,0.003092
8421,0.003092
8422,0.003092
8423,0.003092
8424,0.003092
8425,0.003092
8426,0.003092
8427,0.003092
8428,0.003092
8429,0.003092
8430,0.003092
8431,0.003092
8432,0.003092
8433,0.003092
8434,0.003092
8435,0.003092
8436,0.003092
8437,0.003092
8438,0.003092
8439,0.003092
8440,0.003092
8441,0.003092
8442,0.003092
8443,0.003092
8444,0.003092
8445,0.003092
8446,0.003092
8447,0.003092
8448,0.003092
8449,0.003092
8450,0.003092
8451,0.003092
8452,0.003092
8453,0.003092
8454,0.003092
8455,0.003092
8456,0.003092
8457,0.003092
8458,0.003092
8459,0.003092
8460,0.003092
8461,0.003092
8462,0.003092
8463,0.003092
8464,0.003092
8465,0.003092
8466,0.003092
8467,0.003092
8468,0.003092
8469,0.003092
8470,0.003092
8471,0.003092
8472,0.003092
8473,0.003092
8474,0.003092
8475,0.003092
8476,0.003092
8477,0.003092
8478,0.003092
8479,0.003092
8480,0.003092
8481,0.003092
8482,0.003092
8483,0.003092
8484,0.003092
8485,0.003092
8486,0.003092
8487,0.003092
8488,0.003092
8489,0.003092
8490,0.003092
8491,0.003092
8492,0.003092
8493,0.003092
8494,0.003092
8495,0.003092
8496,0.003092
8497,0.003092
8498,0.003092
8499,0.003092
8500,0.003092
8501,0.003092
8502,0.003092
8503,0.003092
8504,0.003092
8505,0.003092
8506,0.003092
8507,0.003092
8508,0.003092
8509,0.003092
8510,0.003092
8511,0.003092
8512,0.003092
8513,0.003092
8514,0.003092
8515,0.003092
8516,0.003092
8517,0.003092
8518,0.003092
8519,0.003092
8520,0.003092
8521,0.003092
8522,0.003092
8523,0.003092
8524,0.003092
8525,0.003092
8526,0.003092
8527,0.003092
8528,0.003092
8529,0.003092
8530,0.003092
8531,0.003092
8532,0.003092
8533,0.003092
8534,0.003092
8535,0.003092
8536,0.003092
8537,0.003092
8538,0.003092
8539,0.003092
8540,0.003092
8541,0.003092
8542,0.003092
8543,0.003092
8544,0.003092
8545,0.003092
8546,0.003092
8547,0.003092
8548,0.003092
8549,0.003092
8550,0.003092
8551,0.003092
8552,0.003092
8553,0.003092
8554,0.003092
8555,0.003092
8556,0.003092
8557,0.003092
8558,0.003092
8559,0.003092
8560,0.003092
8561,0.003092
8562,0.003092
8563,0.003092
8564,0.003092
8565,0.003092
8566,0.003092
8567,0.003092
8568,0.003092
8569,0.003092
8570,0.003092
8571,0.003092
8572,0.003092
8573,0.003092
8574,0.003092
8575,0.003092
8576,0.003092
8577,0.003092
8578,0.003092
8579,0.003092
8580,0.003092
8581,0.003092
8582,0.003092
8583,0.003092
8584,0.003092
8585,0.003092
8586,0.003092
8587,0.003092
8588,0.003092
8589,0.003092
8590,0.003092
8591,0.003092
8592,0.003092
8593,0.003092
8594,0.003092
8595,0.003092
8596,0.003092
8597,0.003092
8598,0.003092
8599,0.003092
8600,0.003092
8601,0.003092
8602,0.003092
8603,0.003092
8604,0.003092
8605,0.003092
8606,0.003092
8607,0.003092
8608,0.003092
8609,0.003092
8610,0.003092
8611,0.003092
8612,0.003092
8613,0.003092
8614,0.003092
8615,0.003092
8616,0.003092
8617,0.003092
8618,0.003092
8619,0.003092
8620,0.003092
8621,0.003092
8622,0.003092
8623,0.003092
8624,0.003092
8625,0.003092
8626,0.003092
8627,0.003092
8628,0.003092
8629,0.003092
8630,0.003092
8631,0.003092
8632,0.003092
8633,0.003092
8634,0.003092
8635,0.003092
8636,0.003092
8637,0.003092
8638,0.003092
8639,0.003092
8640,0.003092
8641,0.003092
8642,0.003092
8643,0.003092
8644,0.003092
8645,0.003092
8646,0.003092
8647,0.003092
8648,0.003092
8649,0.003092
8650,0.003092
8651,0.003092
8652,0.003092
8653,0.003092
8654,0.003092
8655,0.003092
8656,0.003092
8657,0.003092
8658,0.003092
8659,0.003092
8660,0.003092
8661,0.003092
8662,0.003092
8663,0.003092
8664,0.003092
8665,0.003092
8666,0.003092
8667,0.003092
8668,0.003092
8669,0.003092
8670,0.003092
8671,0.003092
8672,0.003092
8673,0.003092
8674,0.003092
8675,0.003092
8676,0.003092
8677,0.003092
8678,0.003092
8679,0.003092
8680,0.003092
8681,0.003092
8682,0.003092
8683,0.003092
8684,0.003092
8685,0.003092
8686,0.003092
8687,0.003092
8688,0.003092
8689,0.003092
8690,0.003092
8691,0.003092
8692,0.003092
8693,0.003092
8694,0.003092
8695,0.003092
8696,0.003092
8697,0.003092
8698,0.003092
8699,0.003092
8700,0.003092
8701,0.003092
8702,0.003092
8703,0.003092
8704,0.003092
8705,0.003092
8706,0.003092
8707,0.003092
8708,0.003092
8709,0.003092
8710,0.003092
8711,0.003092
8712,0.003092
8713,0.003092
8714,0.003092
8715,0.003092
8716,0.003092
8717,0.003092
8718,0.003092
8719,0.003092
8720,0.003092
8721,0.003092
8722,0.003092
8723,0.003092
8724,0.003092
8725,0.003092
8726,0.003092
8727,0.003092
8728,0.003092
8729,0.003092
8730,0.003092
8731,0.003092
8732,0.003092
8733,0.003092
8734,0.003092
8735,0.003092
8736,0.003092
8737,0.003092
8738,0.003092
8739,0.003092
8740,0.003092
8741,0.003092
8742,0.003092
8743,0.003092
8744,0.003092
8745,0.003092
8746,0.003092
8747,0.003092
8748,0.003092
8749,0.003092
8750,0.003092
8751,0.003092
8752,0.003092
8753,0.003092
8754,0.003092
8755,0.003092
8756,0.003092
8757,0.003092
8758,0.003092
8759,0.003092
8760,0.003092
8761,0.003092
8762,0.003092
8763,0.003092
8764,0.003092
8765,0.003092
8766,0.003092
8767,0.003092
8768,0.003092
8769,0.003092
8770,0.003092
8771,0.003092
8772,0.003092
8773,0.003092
8774,0.003092
8775,0.003092
8776,0.003092
8777,0.003092
8778,0.003092
8779,0.003092
8780,0.003092
8781,0.003092
8782,0.003092
8783,0.003092
8784,0.003092
8785,0.003092
8786,0.003092
8787,0.003092
8788,0.003092
8789,0.003092
8790,0.003092
8791,0.003092
8792,0.003092
8793,0.003092
8794,0.003092
8795,0.003092
8796,0.003092
8797,0.003092
8798,0.003092
8799,0.003092
8800,0.003092
8801,0.003092
8802,0.003092
8803,0.003092
8804,0.003092
8805,0.003092
8806,0.003092
8807,0.003092
8808,0.003092
8809,0.003092
8810,0.003092
8811,0.003092
8812,0.003092
8813,0.003092
8814,0.003092
8815,0.003092
8816,0.003092
8817,0.003092
8818,0.003092
8819,0.003092
8820,0.003092
8821,0.003092
8822,0.003092
8823,0.003092
8824,0.003092
8825,0.003092
8826,0.003092
8827,0.003092
8828,0.003092
8829,0.003092
8830,0.003092
8831,0.003092
8832,0.003092
8833,0.003092
8834,0.003092
8835,0.003092
8836,0.003092
8837,0.003092
8838,0.003092
8839,0.003092
8840,0.003092
8841,0.003092
8842,0.003092
8843,0.003092
8844,0.003092
8845,0.003092
8846,0.003092
8847,0.003092
8848,0.003092
8849,0.003092
8850,0.003092
8851,0.003092
8852,0.003092
8853,0.003092
8854,0.003092
8855,0.003092
8856,0.003092
8857,0.003092
8858,0.003092
8859,0.003092
8860,0.003092
8861,0.003092
8862,0.003092
8863,0.003092
8864,0.003092
8865,0.003092
8866,0.003092
8867,0.003092
8868,0.003092
8869,0.003092
8870,0.003092
8871,0.003092
8872,0.003092
8873,0.003092
8874,0.003092
8875,0.003092
8876,0.003092
8877,0.003092
8878,0.003092
8879,0.003092
8880,0.003092
8881,0.003092
8882,0.003092
8883,0.003092
8884,0.003092
8885,0.003092
8886,0.003092
8887,0.003092
8888,0.003092
8889,0.003092
8890,0.003092
8891,0.003092
8892,0.003092
8893,0.003092
8894,0.003092
8895,0.003092
8896,0.003092
8897,0.003092
8898,0.003092
8899,0.003092
8900,0.003092
8901,0.003092
8902,0.003092
8903,0.003092
8904,0.003092
8905,0.003092
8906,0.003092
8907,0.003092
8908,0.003092
8909,0.003092
8910,0.003092
8911,0.003092
8912,0.003092
8913,0.003092
8914,0.003092
8915,0.003092
8916,0.003092
8917,0.003092
8918,0.003092
8919,0.003092
8920,0.003092
8921,0.003092
8922,0.003092
8923,0.003092
8924,0.003092
8925,0.003092
8926,0.003092
8927,0.003092
8928,0.003092
8929,0.003092
8930,0.003092
8931,0.003092
8932,0.003092
8933,0.003092
8934,0.003092
8935,0.003092
8936,0.003092
8937,0.003092
8938,0.003092
8939,0.003092
8940,0.003092
8941,0.003092
8942,0.003092
8943,0.003092
8944,0.003092
8945,0.003092
8946,0.003092
8947,0.003092
8948,0.003092
8949,0.003092
8950,0.003092
8951,0.003092
8952,0.003092
8953,0.003092
8954,0.003092
8955,0.003092
8956,0.003092
8957,0.003092
8958,0.003092
8959,0.003092
8960,0.003092
8961,0.003092
8962,0.003092
8963,0.003092
8964,0.003092
8965,0.003092
8966,0.003092
8967,0.003092
8968,0.003092
8969,0.003092
8970,0.003092
8971,0.003092
8972,0.003092
8973,0.003092
8974,0.003092
8975,0.003092
8976,0.003092
8977,0.003092
8978,0.003092
8979,0.003092
8980,0.003092
8981,0.003092
8982,0.003092
8983,0.003092
8984,0.003092
8985,0.003092
8986,0.003092
8987,0.003092
8988,0.003092
8989,0.003092
8990,0.003092
8991,0.003092
8992,0.003092
8993,0.003092
8994,0.003092
8995,0.003092
8996,0.003092
8997,0.003092
8998,0.003092
8999,0.003092
9000,0.003092
9001,0.003092
9002,0.003092
9003,0.003092
9004,0.003092
9005,0.003092
9006,0.003092
9007,0.003092
9008,0.003092
9009,0.003092
9010,0.003092
9011,0.003092
9012,0.003092
9013,0.003092
9014,0.003092
9015,0.003092
9016,0.003092
9017,0.003092
9018,0.003092
9019,0.003092
9020,0.003092
9021,0.003092
9022,0.003092
9023,0.003092
9024,0.003092
9025,0.003092
9026,0.003092
9027,0.003092
9028,0.003092
9029,0.003092
9030,0.003092
9031,0.003092
9032,0.003092
9033,0.003092
9034,0.003092
9035,0.003092
9036,0.003092
9037,0.003092
9038,0.003092
9039,0.003092
9040,0.003092
9041,0.003092
9042,0.003092
9043,0.003092
9044,0.003092
9045,0.003092
9046,0.003092
9047,0.003092
9048,0.003092
9049,0.003092
9050,0.003092
9051,0.003092
9052,0.003092
9053,0.003092
9054,0.003092
9055,0.003092
9056,0.003092
9057,0.003092
9058,0.003092
9059,0.003092
9060,0.003092
9061,0.003092
9062,0.003092
9063,0.003092
9064,0.003092
9065,0.003092
9066,0.003092
9067,0.003092
9068,0.003092
9069,0.003092
9070,0.003092
9071,0.003092
9072,0.003092
9073,0.003092
9074,0.003092
9075,0.003092
9076,0.003092
9077,0.003092
9078,0.003092
9079,0.003092
9080,0.003092
9081,0.003092
9082,0.003092
9083,0.003092
9084,0.003092
9085,0.003092
9086,0.003092
9087,0.003092
9088,0.003092
9089,0.003092
9090,0.003092
9091,0.003092
9092,0.003092
9093,0.003092
9094,0.003092
9095,0.003092
9096,0.003092
9097,0.003092
9098,0.003092
9099,0.003092
9100,0.003092
9101,0.003092
9102,0.003092
9103,0.003092
9104,0.003092
9105,0.003092
9106,0.003092
9107,0.003092
9108,0.003092
9109,0.003092
9110,0.003092
9111,0.003092
9112,0.003092
9113,0.003092
9114,0.003092
9115,0.003092
9116,0.003092
9117,0.003092
9118,0.003092
9119,0.003092
9120,0.003092
9121,0.003092
9122,0.003092
9123,0.003092
9124,0.003092
9125,0.003092
9126,0.003092
9127,0.003092
9128,0.003092
9129,0.003092
9130,0.003092
9131,0.003092
9132,0.003092
9133,0.003092
9134,0.003092
9135,0.003092
9136,0.003092
9137,0.003092
9138,0.003092
9139,0.003092
9140,0.003092
9141,0.003092
9142,0.003092
9143,0.003092
9144,0.003092
9145,0.003092
9146,0.003092
9147,0.003092
9148,0.003092
9149,0.003092
9150,0.003092
9151,0.003092
9152,0.003092
9153,0.003092
9154,0.003092
9155,0.003092
9156,0.003092
9157,0.003092
9158,0.003092
9159,0.003092
9160,0.003092
9161,0.003092
9162,0.003092
9163,0.003092
9164,0.003092
9165,0.003092
9166,0.003092
9167,0.003092
9168,0.003092
9169,0.003092
9170,0.003092
9171,0.003092
9172,0.003092
9173,0.003092
9174,0.003092
9175,0.003092
9176,0.003092
9177,0.003092
9178,0.003092
9179,0.003092
9180,0.003092
9181,0.003092
9182,0.003092
9183,0.003092
9184,0.003092
9185,0.003092
9186,0.003092
9187,0.003092
9188,0.003092
9189,0.003092
9190,0.003092
9191,0.003092
9192,0.003092
9193,0.003092
9194,0.003092
9195,0.003092
9196,0.003092
9197,0.003092
9198,0.003092
9199,0.003092
9200,0.003092
9201,0.003092
9202,0.003092
9203,0.003092
9204,0.003092
9205,0.003092
9206,0.003092
9207,0.003092
9208,0.003092
9209,0.003092
9210,0.003092
9211,0.003092
9212,0.003092
9213,0.003092
9214,0.003092
9215,0.003092
9216,0.003092
9217,0.003092
9218,0.003092
9219,0.003092
9220,0.003092
9221,0.003092
9222,0.003092
9223,0.003092
9224,0.003092
9225,0.003092
9226,0.003092
9227,0.003092
9228,0.003092
9229,0.003092
9230,0.003092
9231,0.003092
9232,0.003092
9233,0.003092
9234,0.003092
9235,0.003092
9236,0.003092
9237,0.003092
9238,0.003092
9239,0.003092
9240,0.003092
9241,0.003092
9242,0.003092
9243,0.003092
9244,0.003092
9245,0.003092
9246,0.003092
9247,0.003092
9248,0.003092
9249,0.003092
9250,0.003092
9251,0.003092
9252,0.003092
9253,0.003092
9254,0.003092
9255,0.003092
9256,0.003092
9257,0.003092
9258,0.003092
9259,0.003092
9260,0.003092
9261,0.003092
9262,0.003092
9263,0.003092
9264,0.003092
9265,0.003092
9266,0.003092
9267,0.003092
9268,0.003092
9269,0.003092
9270,0.003092
9271,0.003092
9272,0.003092
9273,0.003092
9274,0.003092
9275,0.003092
9276,0.003092
9277,0.003092
9278,0.003092
9279,0.003092
9280,0.003092
9281,0.003092
9282,0.003092
9283,0.003092
9284,0.003092
9285,0.003092
9286,0.003092
9287,0.003092
9288,0.003092
9289,0.003092
9290,0.003092
9291,0.003092
9292,0.003092
9293,0.003092
9294,0.003092
9295,0.003092
9296,0.003092
9297,0.003092
9298,0.003092
9299,0.003092
9300,0.003092
9301,0.003092
9302,0.003092
9303,0.003092
9304,0.003092
9305,0.003092
9306,0.003092
9307,0.003092
9308,0.003092
9309,0.003092
9310,0.003092
9311,0.003092
9312,0.003092
9313,0.003092
9314,0.003092
9315,0.003092
9316,0.003092
9317,0.003092
9318,0.003092
9319,0.003092
9320,0.003092
9321,0.003092
9322,0.003092
9323,0.003092
9324,0.003092
9325,0.003092
9326,0.003092
9327,0.003092
9328,0.003092
9329,0.003092
9330,0.003092
9331,0.003092
9332,0.003092
9333,0.003092
9334,0.003092
9335,0.003092
9336,0.003092
9337,0.003092
9338,0.003092
9339,0.003092
9340,0.003092
9341,0.003092
9342,0.003092
9343,0.003092
9344,0.003092
9345,0.003092
9346,0.003092
9347,0.003092
9348,0.003092
9349,0.003092
9350,0.003092
9351,0.003092
9352,0.003092
9353,0.003092
9354,0.003092
9355,0.003092
9356,0.003092
9357,0.003092
9358,0.003092
9359,0.003092
9360,0.003092
9361,0.003092
9362,0.003092
9363,0.003092
9364,0.003092
9365,0.003092
9366,0.003092
9367,0.003092
9368,0.003092
9369,0.003092
9370,0.003092
9371,0.003092
9372,0.003092
9373,0.003092
9374,0.003092
9375,0.003092
9376,0.003092
9377,0.003092
9378,0.003092
9379,0.003092
9380,0.003092
9381,0.003092
9382,0.003092
9383,0.003092
9384,0.003092
9385,0.003092
9386,0.003092
9387,0.003092
9388,0.003092
9389,0.003092
9390,0.003092
9391,0.003092
9392,0.003092
9393,0.003092
9394,0.003092
9395,0.003092
9396,0.003092
9397,0.003092
9398,0.003092
9399,0.003092
9400,0.003092
9401,0.003092
9402,0.003092
9403,0.003092
9404,0.003092
9405,0.003092
9406,0.003092
9407,0.003092
9408,0.003092
9409,0.003092
9410,0.003092
9411,0.003092
9412,0.003092
9413,0.003092
9414,0.003092
9415,0.003092
9416,0.003092
9417,0.003092
9418,0.003092
9419,0.003092
9420,0.003092
9421,0.003092
9422,0.003092
9423,0.003092
9424,0.003092
9425,0.003092
9426,0.003092
9427,0.003092
9428,0.003092
9429,0.003092
9430,0.003092
9431,0.003092
9432,0.003092
9433,0.003092
9434,0.003092
9435,0.003092
9436,0.003092
9437,0.003092
9438,0.003092
9439,0.003092
9440,0.003092
9441,0.003092
9442,0.003092
9443,0.003092
9444,0.003092
9445,0.003092
9446,0.003092
9447,0.003092
9448,0.003092
9449,0.003092
9450,0.003092
9451,0.003092
9452,0.003092
9453,0.003092
9454,0.003092
9455,0.003092
9456,0.003092
9457,0.003092
9458,0.003092
9459,0.003092
9460,0.003092
9461,0.003092
9462,0.003092
9463,0.003092
9464,0.003092
9465,0.003092
9466,0.003092
9467,0.003092
9468,0.003092
9469,0.003092
9470,0.003092
9471,0.003092
9472,0.003092
9473,0.003092
9474,0.003092
9475,0.003092
9476,0.003092
9477,0.003092
9478,0.003092
9479,0.003092
9480,0.003092
9481,0.003092
9482,0.003092
9483,0.003092
9484,0.003092
9485,0.003092
9486,0.003092
9487,0.003092
9488,0.003092
9489,0.003092
9490,0.003092
9491,0.003092
9492,0.003092
9493,0.003092
9494,0.003092
9495,0.003092
9496,0.003092
9497,0.003092
9498,0.003092
9499,0.003092
9500,0.003092
9501,0.003092
9502,0.003092
9503,0.003092
9504,0.003092
9505,0.003092
9506,0.003092
9507,0.003092
9508,0.003092
9509,0.003092
9510,0.003092
9511,0.003092
9512,0.003092
9513,0.003092
9514,0.003092
9515,0.003092
9516,0.003092
9517,0.003092
9518,0.003092
9519,0.003092
9520,0.003092
9521,0.003092
9522,0.003092
9523,0.003092
9524,0.003092
9525,0.003092
9526,0.003092
9527,0.003092
9528,0.003092
9529,0.003092
9530,0.003092
9531,0.003092
9532,0.003092
9533,0.003092
9534,0.003092
9535,0.003092
9536,0.003092
9537,0.003092
9538,0.003092
9539,0.003092
9540,0.003092
9541,0.003092
9542,0.003092
9543,0.003092
9544,0.003092
9545,0.003092
9546,0.003092
9547,0.003092
9548,0.003092
9549,0.003092
9550,0.003092
9551,0.003092
9552,0.003092
9553,0.003092
9554,0.003092
9555,0.003092
9556,0.003092
9557,0.003092
9558,0.003092
9559,0.003092
9560,0.003092
9561,0.003092
9562,0.003092
9563,0.003092
9564,0.003092
9565,0.003092
9566,0.003092
9567,0.003092
9568,0.003092
9569,0.003092
9570,0.003092
9571,0.003092
9572,0.003092
9573,0.003092
9574,0.003092
9575,0.003092
9576,0.003092
9577,0.003092
9578,0.003092
9579,0.003092
9580,0.003092
9581,0.003092
9582,0.003092
9583,0.003092
9584,0.003092
9585,0.003092
9586,0.003092
9587,0.003092
9588,0.003092
9589,0.003092
9590,0.003092
9591,0.003092
9592,0.003092
9593,0.003092
9594,0.003092
9595,0.003092
9596,0.003092
9597,0.003092
9598,0.003092
9599,0.003092
9600,0.003092
9601,0.003092
9602,0.003092
9603,0.003092
9604,0.003092
9605,0.003092
9606,0.003092
9607,0.003092
9608,0.003092
9609,0.003092
9610,0.003092
9611,0.003092
9612,0.003092
9613,0.003092
9614,0.003092
9615,0.003092
9616,0.003092
9617,0.003092
9618,0.003092
9619,0.003092
9620,0.003092
9621,0.003092
9622,0.003092
9623,0.003092
9624,0.003092
9625,0.003092
9626,0.003092
9627,0.003092
9628,0.003092
9629,0.003092
9630,0.003092
9631,0.003092
9632,0.003092
9633,0.003092
9634,0.003092
9635,0.003092
9636,0.003092
9637,0.003092
9638,0.003092
9639,0.003092
9640,0.003092
9641,0.003092
9642,0.003092
9643,0.003092
9644,0.003092
9645,0.003092
9646,0.003092
9647,0.003092
9648,0.003092
9649,0.003092
9650,0.003092
9651,0.003092
9652,0.003092
9653,0.003092
9654,0.003092
9655,0.003092
9656,0.003092
9657,0.003092
9658,0.003092
9659,0.003092
9660,0.003092
9661,0.003092
9662,0.003092
9663,0.003092
9664,0.003092
9665,0.003092
9666,0.003092
9667,0.003092
9668,0.003092
9669,0.003092
9670,0.003092
9671,0.003092
9672,0.003092
9673,0.003092
9674,0.003092
9675,0.003092
9676,0.003092
9677,0.003092
9678,0.003092
9679,0.003092
9680,0.003092
9681,0.003092
9682,0.003092
9683,0.003092
9684,0.003092
9685,0.003092
9686,0.003092
9687,0.003092
9688,0.003092
9689,0.003092
9690,0.003092
9691,0.003092
9692,0.003092
9693,0.003092
9694,0.003092
9695,0.003092
9696,0.003092
9697,0.003092
9698,0.003092
9699,0.003092
9700,0.003092
9701,0.003092
9702,0.003092
9703,0.003092
9704,0.003092
9705,0.003092
9706,0.003092
9707,0.003092
9708,0.003092
9709,0.003092
9710,0.003092
9711,0.003092
9712,0.003092
9713,0.003092
9714,0.003092
9715,0.003092
9716,0.003092
9717,0.003092
9718,0.003092
9719,0.003092
9720,0.003092
9721,0.003092
9722,0.003092
9723,0.003092
9724,0.003092
9725,0.003092
9726,0.003092
9727,0.003092
9728,0.003092
9729,0.003092
9730,0.003092
9731,0.003092
9732,0.003092
9733,0.003092
9734,0.003092
9735,0.003092
9736,0.003092
9737,0.003092
9738,0.003092
9739,0.003092
9740,0.003092
9741,0.003092
9742,0.003092
9743,0.003092
9744,0.003092
9745,0.003092
9746,0.003092
9747,0.003092
9748,0.003092
9749,0.003092
9750,0.003092
9751,0.003092
9752,0.003092
9753,0.003092
9754,0.003092
9755,0.003092
9756,0.003092
9757,0.003092
9758,0.003092
9759,0.003092
9760,0.003092
9761,0.003092
9762,0.003092
9763,0.003092
9764,0.003092
9765,0.003092
9766,0.003092
9767,0.003092
9768,0.003092
9769,0.003092
9770,0.003092
9771,0.003092
9772,0.003092
9773,0.003092
9774,0.003092
9775,0.003092
9776,0.003092
9777,0.003092
9778,0.003092
9779,0.003092
9780,0.003092
9781,0.003092
9782,0.003092
9783,0.003092
9784,0.003092
9785,0.003092
9786,0.003092
9787,0.003092
9788,0.003092
9789,0.003092
9790,0.003092
9791,0.003092
9792,0.003092
9793,0.003092
9794,0.003092
9795,0.003092
9796,0.003092
9797,0.003092
9798,0.003092
9799,0.003092
9800,0.003092
9801,0.003092
9802,0.003092
9803,0.003092
9804,0.003092
9805,0.003092
9806,0.003092
9807,0.003092
9808,0.003092
9809,0.003092
9810,0.003092
9811,0.003092
9812,0.003092
9813,0.003092
9814,0.003092
9815,0.003092
9816,0.003092
9817,0.003092
9818,0.003092
9819,0.003092
9820,0.003092
9821,0.003092
9822,0.003092
9823,0.003092
9824,0.003092
9825,0.003092
9826,0.003092
9827,0.003092
9828,0.003092
9829,0.003092
9830,0.003092
9831,0.003092
9832,0.003092
9833,0.003092
9834,0.003092
9835,0.003092
9836,0.003092
9837,0.003092
9838,0.003092
9839,0.003092
9840,0.003092
9841,0.003092
9842,0.003092
9843,0.003092
9844,0.003092
9845,0.003092
9846,0.003092
9847,0.003092
9848,0.003092
9849,0.003092
9850,0.003092
9851,0.003092
9852,0.003092
9853,0.003092
9854,0.003092
9855,0.003092
9856,0.003092
9857,0.003092
9858,0.003092
9859,0.003092
9860,0.003092
9861,0.003092
9862,0.003092
9863,0.003092
9864,0.003092
9865,0.003092
9866,0.003092
9867,0.003092
9868,0.003092
9869,0.003092
9870,0.003092
9871,0.003092
9872,0.003092
9873,0.003092
9874,0.003092
9875,0.003092
9876,0.003092
9877,0.003092
9878,0.003092
9879,0.003092
9880,0.003092
9881,0.003092
9882,0.003092
9883,0.003092
9884,0.003092
9885,0.003092
9886,0.003092
9887,0.003092
9888,0.003092
9889,0.003092
9890,0.003092
9891,0.003092
9892,0.003092
9893,0.003092
9894,0.003092
9895,0.003092
9896,0.003092
9897,0.003092
9898,0.003092
9899,0.003092
9900,0.003092
9901,0.003092
9902,0.003092
9903,0.003092
9904,0.003092
9905,0.003092
9906,0.003092
9907,0.003092
9908,0.003092
9909,0.003092
9910,0.003092
9911,0.003092
9912,0.003092
9913,0.003092
9914,0.003092
9915,0.003092
9916,0.003092
9917,0.003092
9918,0.003092
9919,0.003092
9920,0.003092
9921,0.003092
9922,0.003092
9923,0.003092
9924,0.003092
9925,0.003092
9926,0.003092
9927,0.003092
9928,0.003092
9929,0.003092
9930,0.003092
9931,0.003092
9932,0.003092
9933,0.003092
9934,0.003092
9935,0.003092
9936,0.003092
9937,0.003092
9938,0.003092
9939,0.003092
9940,0.003092
9941,0.003092
9942,0.003092
9943,0.003092
9944,0.003092
9945,0.003092
9946,0.003092
9947,0.003092
9948,0.003092
9949,0.003092
9950,0.003092
9951,0.003092
9952,0.003092
9953,0.003092
9954,0.003092
9955,0.003092
9956,0.003092
9957,0.003092
9958,0.003092
9959,0.003092
9960,0.003092
9961,0.003092
9962,0.003092
9963,0.003092
9964,0.003092
9965,0.003092
9966,0.003092
9967,0.003092
9968,0.003092
9969,0.003092
9970,0.003092
9971,0.003092
9972,0.003092
9973,0.003092
9974,0.003092
9975,0.003092
9976,0.003092
9977,0.003092
9978,0.003092
9979,0.003092
9980,0.003092
9981,0.003092
9982,0.003092
9983,0.003092
9984,0.003092
9985,0.003092
9986,0.003092
9987,0.003092
9988,0.003092
9989,0.003092
9990,0.003092
9991,0.003092
9992,0.003092
9993,0.003092
9994,0.003092
9995,0.003092
9996,0.003092
9997,0.003092
9998,0.003092
9999,0.003092
10000,0.003092
10001,0.003092
10002,0.003092
10003,0.003092
10004,0.003092
10005,0.003092
10006,0.003092
10007,0.003092
10008,0.003092
10009,0.003092
10010,0.003092
10011,0.003092
10012,0.003092
10013,0.003092
10014,0.003092
10015,0.003092
10016,0.003092
10017,0.003092
10018,0.003092
10019,0.003092
10020,0.003092
10021,0.003092
10022,0.003092
10023,0.003092
10024,0.003092
10025,0.003092
10026,0.003092
10027,0.003092
10028,0.003092
10029,0.003092
10030,0.003092
10031,0.003092
10032,0.003092
10033,0.003092
10034,0.003092
10035,0.003092
10036,0.003092
10037,0.003092
10038,0.003092
10039,0.003092
10040,0.003092
10041,0.003092
10042,0.003092
10043,0.003092
10044,0.003092
10045,0.003092
10046,0.003092
10047,0.003092
10048,0.003092
10049,0.003092
10050,0.003092
10051,0.003092
10052,0.003092
10053,0.003092
10054,0.003092
10055,0.003092
10056,0.003092
10057,0.003092
10058,0.003092
10059,0.003092
10060,0.003092
10061,0.003092
10062,0.003092
10063,0.003092
10064,0.003092
10065,0.003092
10066,0.003092
10067,0.003092
10068,0.003092
10069,0.003092
10070,0.003092
10071,0.003092
10072,0.003092
10073,0.003092
10074,0.003092
10075,0.003092
10076,0.003092
10077,0.003092
10078,0.003092
10079,0.003092
10080,0.003092
10081,0.003092
10082,0.003092
10083,0.003092
10084,0.003092
10085,0.003092
10086,0.003092
10087,0.003092
10088,0.003092
10089,0.003092
10090,0.003092
10091,0.003092
10092,0.003092
10093,0.003092
10094,0.003092
10095,0.003092
10096,0.003092
10097,0.003092
10098,0.003092
10099,0.003092
10100,0.003092
10101,0.003092
10102,0.003092
10103,0.003092
10104,0.003092
10105,0.003092
10106,0.003092
10107,0.003092
10108,0.003092
10109,0.003092
10110,0.003092
10111,0.003092
10112,0.003092
10113,0.003092
10114,0.003092
10115,0.003092
10116,0.003092
10117,0.003092
10118,0.003092
10119,0.003092
10120,0.003092
10121,0.003092
10122,0.003092
10123,0.003092
10124,0.003092
10125,0.003092
10126,0.003092
10127,0.003092
10128,0.003092
10129,0.003092
10130,0.003092
10131,0.003092
10132,0.003092
10133,0.003092
10134,0.003092
10135,0.003092
10136,0.003092
10137,0.003092
10138,0.003092
10139,0.003092
10140,0.003092
10141,0.003092
10142,0.003092
10143,0.003092
10144,0.003092
10145,0.003092
10146,0.003092
10147,0.003092
10148,0.003092
10149,0.003092
10150,0.003092
10151,0.003092
10152,0.003092
10153,0.003092
10154,0.003092
10155,0.003092
10156,0.003092
10157,0.003092
10158,0.003092
10159,0.003092
10160,0.003092
10161,0.003092
10162,0.003092
10163,0.003092
10164,0.003092
10165,0.003092
10166,0.003092
10167,0.003092
10168,0.003092
10169,0.003092
10170,0.003092
10171,0.003092
10172,0.003092
10173,0.003092
10174,0.003092
10175,0.003092
10176,0.003092
10177,0.003092
10178,0.003092
10179,0.003092
10180,0.003092
10181,0.003092
10182,0.003092
10183,0.003092
10184,0.003092
10185,0.003092
10186,0.003092
10187,0.003092
10188,0.003092
10189,0.003092
10190,0.003092
10191,0.003092
10192,0.003092
10193,0.003092
10194,0.003092
10195,0.003092
10196,0.003092
10197,0.003092
10198,0.003092
10199,0.003092
10200,0.003092
10201,0.003092
10202,0.003092
10203,0.003092
10204,0.003092
10205,0.003092
10206,0.003092
10207,0.003092
10208,0.003092
10209,0.003092
10210,0.003092
10211,0.003092
10212,0.003092
10213,0.003092
10214,0.003092
10215,0.003092
10216,0.003092
10217,0.003092
10218,0.003092
10219,0.003092
10220,0.003092
10221,0.003092
10222,0.003092
10223,0.003092
10224,0.003092
10225,0.003092
10226,0.003092
10227,0.003092
10228,0.003092
10229,0.003092
10230,0.003092
10231,0.003092
10232,0.003092
10233,0.003092
10234,0.003092
10235,0.003092
10236,0.003092
10237,0.003092
10238,0.003092
10239,0.003092
10240,0.003092
10241,0.003092
10242,0.003092
10243,0.003092
10244,0.003092
10245,0.003092
10246,0.003092
10247,0.003092
10248,0.003092
10249,0.003092
10250,0.003092
10251,0.003092
10252,0.003092
10253,0.003092
10254,0.003092
10255,0.003092
10256,0.003092
10257,0.003092
10258,0.003092
10259,0.003092
10260,0.003092
10261,0.003092
10262,0.003092
10263,0.003092
10264,0.003092
10265,0.003092
10266,0.003092
10267,0.003092
10268,0.003092
10269,0.003092
10270,0.003092
10271,0.003092
10272,0.003092
10273,0.003092
10274,0.003092
10275,0.003092
10276,0.003092
10277,0.003092
10278,0.003092
10279,0.003092
10280,0.003092
10281,0.003092
10282,0.003092
10283,0.003092
10284,0.003092
10285,0.003092
10286,0.003092
10287,0.003092
10288,0.003092
10289,0.003092
10290,0.003092
10291,0.003092
10292,0.003092
10293,0.003092
10294,0.003092
10295,0.003092
10296,0.003092
10297,0.003092
10298,0.003092
10299,0.003092
10300,0.003092
10301,0.003092
10302,0.003092
10303,0.003092
10304,0.003092
10305,0.003092
10306,0.003092
10307,0.003092
10308,0.003092
10309,0.003092
10310,0.003092
10311,0.003092
10312,0.003092
10313,0.003092
10314,0.003092
10315,0.003092
10316,0.003092
10317,0.003092
10318,0.003092
10319,0.003092
10320,0.003092
10321,0.003092
10322,0.003092
10323,0.003092
10324,0.003092
10325,0.003092
10326,0.003092
10327,0.003092
10328,0.003092
10329,0.003092
10330,0.003092
10331,0.003092
10332,0.003092
10333,0.003092
10334,0.003092
10335,0.003092
10336,0.003092
10337,0.003092
10338,0.003092
10339,0.003092
10340,0.003092
10341,0.003092
10342,0.003092
10343,0.003092
10344,0.003092
10345,0.003092
10346,0.003092
10347,0.003092
10348,0.003092
10349,0.003092
10350,0.003092
10351,0.003092
10352,0.003092
10353,0.003092
10354,0.003092
10355,0.003092
10356,0.003092
10357,0.003092
10358,0.003092
10359,0.003092
10360,0.003092
10361,0.003092
10362,0.003092
10363,0.003092
10364,0.003092
10365,0.003092
10366,0.003092
10367,0.003092
10368,0.003092
10369,0.003092
10370,0.003092
10371,0.003092
10372,0.003092
10373,0.003092
10374,0.003092
10375,0.003092
10376,0.003092
10377,0.003092
10378,0.003092
10379,0.003092
10380,0.003092
10381,0.003092
10382,0.003092
10383,0.003092
10384,0.003092
10385,0.003092
10386,0.003092
10387,0.003092
10388,0.003092
10389,0.003092
10390,0.003092
10391,0.003092
10392,0.003092
10393,0.003092
10394,0.003092
10395,0.003092
10396,0.003092
10397,0.003092
10398,0.003092
10399,0.003092
10400,0.003092
10401,0.003092
10402,0.003092
10403,0.003092
10404,0.003092
10405,0.003092
10406,0.003092
10407,0.003092
10408,0.003092
10409,0.003092
10410,0.003092
10411,0.003092
10412,0.003092
10413,0.003092
10414,0.003092
10415,0.003092
10416,0.003092
10417,0.003092
10418,0.003092
10419,0.003092
10420,0.003092
10421,0.003092
10422,0.003092
10423,0.003092
10424,0.003092
10425,0.003092
10426,0.003092
10427,0.003092
10428,0.003092
10429,0.003092
10430,0.003092
10431,0.003092
10432,0.003092
10433,0.003092
10434,0.003092
10435,0.003092
10436,0.003092
10437,0.003092
10438,0.003092
10439,0.003092
10440,0.003092
10441,0.003092
10442,0.003092
10443,0.003092
10444,0.003092
10445,0.003092
10446,0.003092
10447,0.003092
10448,0.003092
10449,0.003092
10450,0.003092
10451,0.003092
10452,0.003092
10453,0.003092
10454,0.003092
10455,0.003092
10456,0.003092
10457,0.003092
10458,0.003092
10459,0.003092
10460,0.003092
10461,0.003092
10462,0.003092
10463,0.003092
10464,0.003092
10465,0.003092
10466,0.003092
10467,0.003092
10468,0.003092
10469,0.003092
10470,0.003092
10471,0.003092
10472,0.003092
10473,0.003092
10474,0.003092
10475,0.003092
10476,0.003092
10477,0.003092
10478,0.003092
10479,0.003092
10480,0.003092
10481,0.003092
10482,0.003092
10483,0.003092
10484,0.003092
10485,0.003092
10486,0.003092
10487,0.003092
10488,0.003092
10489,0.003092
10490,0.003092
10491,0.003092
10492,0.003092
10493,0.003092
10494,0.003092
10495,0.003092
10496,0.003092
10497,0.003092
10498,0.003092
10499,0.003092
10500,0.003092
10501,0.003092
10502,0.003092
10503,0.003092
10504,0.003092
10505,0.003092
10506,0.003092
10507,0.003092
10508,0.003092
10509,0.003092
10510,0.003092
10511,0.003092
10512,0.003092
10513,0.003092
10514,0.003092
10515,0.003092
10516,0.003092
10517,0.003092
10518,0.003092
10519,0.003092
10520,0.003092
10521,0.003092
10522,0.003092
10523,0.003092
10524,0.003092
10525,0.003092
10526,0.003092
10527,0.003092
10528,0.003092
10529,0.003092
10530,0.003092
10531,0.003092
10532,0.003092
10533,0.003092
10534,0.003092
10535,0.003092
10536,0.003092
10537,0.003092
10538,0.003092
10539,0.003092
10540,0.003092
10541,0.003092
10542,0.003092
10543,0.003092
10544,0.003092
10545,0.003092
10546,0.003092
10547,0.003092
10548,0.003092
10549,0.003092
10550,0.003092
10551,0.003092
10552,0.003092
10553,0.003092
10554,0.003092
10555,0.003092
10556,0.003092
10557,0.003092
10558,0.003092
10559,0.003092
10560,0.003092
10561,0.003092
10562,0.003092
10563,0.003092
10564,0.003092
10565,0.003092
10566,0.003092
10567,0.003092
10568,0.003092
10569,0.003092
10570,0.003092
10571,0.003092
10572,0.003092
10573,0.003092
10574,0.003092
10575,0.003092
10576,0.003092
10577,0.003092
10578,0.003092
10579,0.003092
10580,0.003092
10581,0.003092
10582,0.003092
10583,0.003092
10584,0.003092
10585,0.003092
10586,0.003092
10587,0.003092
10588,0.003092
10589,0.003092
10590,0.003092
10591,0.003092
10592,0.003092
10593,0.003092
10594,0.003092
10595,0.003092
10596,0.003092
10597,0.003092
10598,0.003092
10599,0.003092
10600,0.003092
10601,0.003092
10602,0.003092
10603,0.003092
10604,0.003092
10605,0.003092
10606,0.003092
10607,0.003092
10608,0.003092
10609,0.003092
10610,0.003092
10611,0.003092
10612,0.003092
10613,0.003092
10614,0.003092
10615,0.003092
10616,0.003092
10617,0.003092
10618,0.003092
10619,0.003092
10620,0.003092
10621,0.003092
10622,0.003092
10623,0.003092
10624,0.003092
10625,0.003092
10626,0.003092
10627,0.003092
10628,0.003092
10629,0.003092
10630,0.003092
10631,0.003092
10632,0.003092
10633,0.003092
10634,0.003092
10635,0.003092
10636,0.003092
10637,0.003092
10638,0.003092
10639,0.003092
10640,0.003092
10641,0.003092
10642,0.003092
10643,0.003092
10644,0.003092
10645,0.003092
10646,0.003092
10647,0.003092
10648,0.003092
10649,0.003092
10650,0.003092
10651,0.003092
10652,0.003092
10653,0.003092
10654,0.003092
10655,0.003092
10656,0.003092
10657,0.003092
10658,0.003092
10659,0.003092
10660,0.003092
10661,0.003092
10662,0.003092
10663,0.003092
10664,0.003092
10665,0.003092
10666,0.003092
10667,0.003092
10668,0.003092
10669,0.003092
10670,0.003092
10671,0.003092
10672,0.003092
10673,0.003092
10674,0.003092
10675,0.003092
10676,0.003092
10677,0.003092
10678,0.003092
10679,0.003092
10680,0.003092
10681,0.003092
10682,0.003092
10683,0.003092
10684,0.003092
10685,0.003092
10686,0.003092
10687,0.003092
10688,0.003092
10689,0.003092
10690,0.003092
10691,0.003092
10692,0.003092
10693,0.003092
10694,0.003092
10695,0.003092
10696,0.003092
10697,0.003092
10698,0.003092
10699,0.003092
10700,0.003092
10701,0.003092
10702,0.003092
10703,0.003092
10704,0.003092
10705,0.003092
10706,0.003092
10707,0.003092
10708,0.003092
10709,0.003092
10710,0.003092
10711,0.003092
10712,0.003092
10713,0.003092
10714,0.003092
10715,0.003092
10716,0.003092
10717,0.003092
10718,0.003092
10719,0.003092
10720,0.003092
10721,0.003092
10722,0.003092
10723,0.003092
10724,0.003092
10725,0.003092
10726,0.003092
10727,0.003092
10728,0.003092
10729,0.003092
10730,0.003092
10731,0.003092
10732,0.003092
10733,0.003092
10734,0.003092
10735,0.003092
10736,0.003092
10737,0.003092
10738,0.003092
10739,0.003092
10740,0.003092
10741,0.003092
10742,0.003092
10743,0.003092
10744,0.003092
10745,0.003092
10746,0.003092
10747,0.003092
10748,0.003092
10749,0.003092
10750,0.003092
10751,0.003092
10752,0.003092
10753,0.003092
10754,0.003092
10755,0.003092
10756,0.003092
10757,0.003092
10758,0.003092
10759,0.003092
10760,0.003092
10761,0.003092
10762,0.003092
10763,0.003092
10764,0.003092
10765,0.003092
10766,0.003092
10767,0.003092
10768,0.003092
10769,0.003092
10770,0.003092
10771,0.003092
10772,0.003092
10773,0.003092
10774,0.003092
10775,0.003092
10776,0.003092
10777,0.003092
10778,0.003092
10779,0.003092
10780,0.003092
10781,0.003092
10782,0.003092
10783,0.003092
10784,0.003092
10785,0.003092
10786,0.003092
10787,0.003092
10788,0.003092
10789,0.003092
10790,0.003092
10791,0.003092
10792,0.003092
10793,0.003092
10794,0.003092
10795,0.003092
10796,0.003092
10797,0.003092
10798,0.003092
10799,0.003092
10800,0.003092
10801,0.003092
10802,0.003092
10803,0.003092
10804,0.003092
10805,0.003092
10806,0.003092
10807,0.003092
10808,0.003092
10809,0.003092
10810,0.003092
10811,0.003092
10812,0.003092
10813,0.003092
10814,0.003092
10815,0.003092
10816,0.003092
10817,0.003092
10818,0.003092
10819,0.003092
10820,0.003092
10821,0.003092
10822,0.003092
10823,0.003092
10824,0.003092
10825,0.003092
10826,0.003092
10827,0.003092
10828,0.003092
10829,0.003092
10830,0.003092
10831,0.003092
10832,0.003092
10833,0.003092
10834,0.003092
10835,0.003092
10836,0.003092
10837,0.003092
10838,0.003092
10839,0.003092
10840,0.003092
10841,0.003092
10842,0.003092
10843,0.003092
10844,0.003092
10845,0.003092
10846,0.003092
10847,0.003092
10848,0.003092
10849,0.003092
10850,0.003092
10851,0.003092
10852,0.003092
10853,0.003092
10854,0.003092
10855,0.003092
10856,0.003092
10857,0.003092
10858,0.003092
10859,0.003092
10860,0.003092
10861,0.003092
10862,0.003092
10863,0.003092
10864,0.003092
10865,0.003092
10866,0.003092
10867,0.003092
10868,0.003092
10869,0.003092
10870,0.003092
10871,0.003092
10872,0.003092
10873,0.003092
10874,0.003092
10875,0.003092
10876,0.003092
10877,0.003092
10878,0.003092
10879,0.003092
10880,0.003092
10881,0.003092
10882,0.003092
10883,0.003092
10884,0.003092
10885,0.003092
10886,0.003092
10887,0.003092
10888,0.003092
10889,0.003092
10890,0.003092
10891,0.003092
10892,0.003092
10893,0.003092
10894,0.003092
10895,0.003092
10896,0.003092
10897,0.003092
10898,0.003092
10899,0.003092
10900,0.003092
10901,0.003092
10902,0.003092
10903,0.003092
10904,0.003092
10905,0.003092
10906,0.003092
10907,0.003092
10908,0.003092
10909,0.003092
10910,0.003092
10911,0.003092
10912,0.003092
10913,0.003092
10914,0.003092
10915,0.003092
10916,0.003092
10917,0.003092
10918,0.003092
10919,0.003092
10920,0.003092
10921,0.003092
10922,0.003092
10923,0.003092
10924,0.003092
10925,0.003092
10926,0.003092
10927,0.003092
10928,0.003092
10929,0.003092
10930,0.003092
10931,0.003092
10932,0.003092
10933,0.003092
10934,0.003092
10935,0.003092
10936,0.003092
10937,0.003092
10938,0.003092
10939,0.003092
10940,0.003092
10941,0.003092
10942,0.003092
10943,0.003092
10944,0.003092
10945,0.003092
10946,0.003092
10947,0.003092
10948,0.003092
10949,0.003092
10950,0.003092
10951,0.003092
10952,0.003092
10953,0.003092
10954,0.003092
10955,0.003092
10956,0.003092
10957,0.003092
10958,0.003092
10959,0.003092
10960,0.003092
10961,0.003092
10962,0.003092
10963,0.003092
10964,0.003092
10965,0.003092
10966,0.003092
10967,0.003092
10968,0.003092
10969,0.003092
10970,0.003092
10971,0.003092
10972,0.003092
10973,0.003092
10974,0.003092
10975,0.003092
10976,0.003092
10977,0.003092
10978,0.003092
10979,0.003092
10980,0.003092
10981,0.003092
10982,0.003092
10983,0.003092
10984,0.003092
10985,0.003092
10986,0.003092
10987,0.003092
10988,0.003092
10989,0.003092
10990,0.003092
10991,0.003092
10992,0.003092
10993,0.003092
10994,0.003092
10995,0.003092
10996,0.003092
10997,0.003092
10998,0.003092
10999,0.003092
11000,0.003092
11001,0.003092
11002,0.003092
11003,0.003092
11004,0.003092
11005,0.003092
11006,0.003092
11007,0.003092
11008,0.003092
11009,0.003092
11010,0.003092
11011,0.003092
11012,0.003092
11013,0.003092
11014,0.003092
11015,0.003092
11016,0.003092
11017,0.003092
11018,0.003092
11019,0.003092
11020,0.003092
11021,0.003092
11022,0.003092
11023,0.003092
11024,0.003092
11025,0.003092
11026,0.003092
11027,0.003092
11028,0.003092
11029,0.003092
11030,0.003092
11031,0.003092
11032,0.003092
11033,0.003092
11034,0.003092
11035,0.003092
11036,0.003092
11037,0.003092
11038,0.003092
11039,0.003092
11040,0.003092
11041,0.003092
11042,0.003092
11043,0.003092
11044,0.003092
11045,0.003092
11046,0.003092
11047,0.003092
11048,0.003092
11049,0.003092
11050,0.003092
11051,0.003092
11052,0.003092
11053,0.003092
11054,0.003092
11055,0.003092
11056,0.003092
11057,0.003092
11058,0.003092
11059,0.003092
11060,0.003092
11061,0.003092
11062,0.003092
11063,0.003092
11064,0.003092
11065,0.003092
11066,0.003092
11067,0.003092
11068,0.003092
11069,0.003092
11070,0.003092
11071,0.003092
11072,0.003092
11073,0.003092
11074,0.003092
11075,0.003092
11076,0.003092
11077,0.003092
11078,0.003092
11079,0.003092
11080,0.003092
11081,0.003092
11082,0.003092
11083,0.003092
11084,0.003092
11085,0.003092
11086,0.003092
11087,0.003092
11088,0.003092
11089,0.003092
11090,0.003092
11091,0.003092
11092,0.003092
11093,0.003092
11094,0.003092
11095,0.003092
11096,0.003092
11097,0.003092
11098,0.003092
11099,0.003092
11100,0.003092
11101,0.003092
11102,0.003092
11103,0.003092
11104,0.003092
11105,0.003092
11106,0.003092
11107,0.003092
11108,0.003092
11109,0.003092
11110,0.003092
11111,0.003092
11112,0.003092
11113,0.003092
11114,0.003092
11115,0.003092
11116,0.003092
11117,0.003092
11118,0.003092
11119,0.003092
11120,0.003092
11121,0.003092
11122,0.003092
11123,0.003092
11124,0.003092
11125,0.003092
11126,0.003092
11127,0.003092
11128,0.003092
11129,0.003092
11130,0.003092
11131,0.003092
11132,0.003092
11133,0.003092
11134,0.003092
11135,0.003092
11136,0.003092
11137,0.003092
11138,0.003092
11139,0.003092
11140,0.003092
11141,0.003092
11142,0.003092
11143,0.003092
11144,0.003092
11145,0.003092
11146,0.003092
11147,0.003092
11148,0.003092
11149,0.003092
11150,0.003092
11151,0.003092
11152,0.003092
11153,0.003092
11154,0.003092
11155,0.003092
11156,0.003092
11157,0.003092
11158,0.003092
11159,0.003092
11160,0.003092
11161,0.003092
11162,0.003092
11163,0.003092
11164,0.003092
11165,0.003092
11166,0.003092
11167,0.003092
11168,0.003092
11169,0.003092
11170,0.003092
11171,0.003092
11172,0.003092
11173,0.003092
11174,0.003092
11175,0.003092
11176,0.003092
11177,0.003092
11178,0.003092
11179,0.003092
11180,0.003092
11181,0.003092
11182,0.003092
11183,0.003092
11184,0.003092
11185,0.003092
11186,0.003092
11187,0.003092
11188,0.003092
11189,0.003092
11190,0.003092
11191,0.003092
11192,0.003092
11193,0.003092
11194,0.003092
11195,0.003092
11196,0.003092
11197,0.003092
11198,0.003092
11199,0.003092
11200,0.003092
11201,0.003092
11202,0.003092
11203,0.003092
11204,0.003092
11205,0.003092
11206,0.003092
11207,0.003092
11208,0.003092
11209,0.003092
11210,0.003092
11211,0.003092
11212,0.003092
11213,0.003092
11214,0.003092
11215,0.003092
11216,0.003092
11217,0.003092
11218,0.003092
11219,0.003092
11220,0.003092
11221,0.003092
11222,0.003092
11223,0.003092
11224,0.003092
11225,0.003092
11226,0.003092
11227,0.003092
11228,0.003092
11229,0.003092
11230,0.003092
11231,0.003092
11232,0.003092
11233,0.003092
11234,0.003092
11235,0.003092
11236,0.003092
11237,0.003092
11238,0.003092
11239,0.003092
11240,0.003092
11241,0.003092
11242,0.003092
11243,0.003092
11244,0.003092
11245,0.003092
11246,0.003092
11247,0.003092
11248,0.003092
11249,0.003092
11250,0.003092
11251,0.003092
11252,0.003092
11253,0.003092
11254,0.003092
11255,0.003092
11256,0.003092
11257,0.003092
11258,0.003092
11259,0.003092
11260,0.003092
11261,0.003092
11262,0.003092
11263,0.003092
11264,0.003092
11265,0.003092
11266,0.003092
11267,0.003092
11268,0.003092
11269,0.003092
11270,0.003092
11271,0.003092
11272,0.003092
11273,0.003092
11274,0.003092
11275,0.003092
11276,0.003092
11277,0.003092
11278,0.003092
11279,0.003092
11280,0.003092
11281,0.003092
11282,0.003092
11283,0.003092
11284,0.003092
11285,0.003092
11286,0.003092
11287,0.003092
11288,0.003092
11289,0.003092
11290,0.003092
11291,0.003092
11292,0.003092
11293,0.003092
11294,0.003092
11295,0.003092
11296,0.003092
11297,0.003092
11298,0.003092
11299,0.003092
11300,0.003092
11301,0.003092
11302,0.003092
11303,0.003092
11304,0.003092
11305,0.003092
11306,0.003092
11307,0.003092
11308,0.003092
11309,0.003092
11310,0.003092
11311,0.003092
11312,0.003092
11313,0.003092
11314,0.003092
11315,0.003092
11316,0.003092
11317,0.003092
11318,0.003092
11319,0.003092
11320,0.003092
11321,0.003092
11322,0.003092
11323,0.003092
11324,0.003092
11325,0.003092
11326,0.003092
11327,0.003092
11328,0.003092
11329,0.003092
11330,0.003092
11331,0.003092
11332,0.003092
11333,0.003092
11334,0.003092
11335,0.003092
11336,0.003092
11337,0.003092
11338,0.003092
11339,0.003092
11340,0.003092
11341,0.003092
11342,0.003092
11343,0.003092
11344,0.003092
11345,0.003092
11346,0.003092
11347,0.003092
11348,0.003092
11349,0.003092
11350,0.003092
11351,0.003092
11352,0.003092
11353,0.003092
11354,0.003092
11355,0.003092
11356,0.003092
11357,0.003092
11358,0.003092
11359,0.003092
11360,0.003092
11361,0.003092
11362,0.003092
11363,0.003092
11364,0.003092
11365,0.003092
11366,0.003092
11367,0.003092
11368,0.003092
11369,0.003092
11370,0.003092
11371,0.003092
11372,0.003092
11373,0.003092
11374,0.003092
11375,0.003092
11376,0.003092
11377,0.003092
11378,0.003092
11379,0.003092
11380,0.003092
11381,0.003092
11382,0.003092
11383,0.003092
11384,0.003092
11385,0.003092
11386,0.003092
11387,0.003092
11388,0.003092
11389,0.003092
11390,0.003092
11391,0.003092
11392,0.003092
11393,0.003092
11394,0.003092
11395,0.003092
11396,0.003092
11397,0.003092
11398,0.003092
11399,0.003092
11400,0.003092
11401,0.003092
11402,0.003092
11403,0.003092
11404,0.003092
11405,0.003092
11406,0.003092
11407,0.003092
11408,0.003092
11409,0.003092
11410,0.003092
11411,0.003092
11412,0.003092
11413,0.003092
11414,0.003092
11415,0.003092
11416,0.003092
11417,0.003092
11418,0.003092
11419,0.003092
11420,0.003092
11421,0.003092
11422,0.003092
11423,0.003092
11424,0.003092
11425,0.003092
11426,0.003092
11427,0.003092
11428,0.003092
11429,0.003092
11430,0.003092
11431,0.003092
11432,0.003092
11433,0.003092
11434,0.003092
11435,0.003092
11436,0.003092
11437,0.003092
11438,0.003092
11439,0.003092
11440,0.003092
11441,0.003092
11442,0.003092
11443,0.003092
11444,0.003092
11445,0.003092
11446,0.003092
11447,0.003092
11448,0.003092
11449,0.003092
11450,0.003092
11451,0.003092
11452,0.003092
11453,0.003092
11454,0.003092
11455,0.003092
11456,0.003092
11457,0.003092
11458,0.003092
11459,0.003092
11460,0.003092
11461,0.003092
11462,0.003092
11463,0.003092
11464,0.003092
11465,0.003092
11466,0.003092
11467,0.003092
11468,0.003092
11469,0.003092
11470,0.003092
11471,0.003092
11472,0.003092
11473,0.003092
11474,0.003092
11475,0.003092
11476,0.003092
11477,0.003092
11478,0.003092
11479,0.003092
11480,0.003092
11481,0.003092
11482,0.003092
11483,0.003092
11484,0.003092
11485,0.003092
11486,0.003092
11487,0.003092
11488,0.003092
11489,0.003092
11490,0.003092
11491,0.003092
11492,0.003092
11493,0.003092
11494,0.003092
11495,0.003092
11496,0.003092
11497,0.003092
11498,0.003092
11499,0.003092
11500,0.003092
11501,0.003092
11502,0.003092
11503,0.003092
11504,0.003092
11505,0.003092
11506,0.003092
11507,0.003092
11508,0.003092
11509,0.003092
11510,0.003092
11511,0.003092
11512,0.003092
11513,0.003092
11514,0.003092
11515,0.003092
11516,0.003092
11517,0.003092
11518,0.003092
11519,0.003092
11520,0.003092
11521,0.003092
11522,0.003092
11523,0.003092
11524,0.003092
11525,0.003092
11526,0.003092
11527,0.003092
11528,0.003092
11529,0.003092
11530,0.003092
11531,0.003092
11532,0.003092
11533,0.003092
11534,0.003092
11535,0.003092
11536,0.003092
11537,0.003092
11538,0.003092
11539,0.003092
11540,0.003092
11541,0.003092
11542,0.003092
11543,0.003092
11544,0.003092
11545,0.003092
11546,0.003092
11547,0.003092
11548,0.003092
11549,0.003092
11550,0.003092
11551,0.003092
11552,0.003092
11553,0.003092
11554,0.003092
11555,0.003092
11556,0.003092
11557,0.003092
11558,0.003092
11559,0.003092
11560,0.003092
11561,0.003092
11562,0.003092
11563,0.003092
11564,0.003092
11565,0.003092
11566,0.003092
11567,0.003092
11568,0.003092
11569,0.003092
11570,0.003092
11571,0.003092
11572,0.003092
11573,0.003092
11574,0.003092
11575,0.003092
11576,0.003092
11577,0.003092
11578,0.003092
11579,0.003092
11580,0.003092
11581,0.003092
11582,0.003092
11583,0.003092
11584,0.003092
11585,0.003092
11586,0.003092
11587,0.003092
11588,0.003092
11589,0.003092
11590,0.003092
11591,0.003092
11592,0.003092
11593,0.003092
11594,0.003092
11595,0.003092
11596,0.003092
11597,0.003092
11598,0.003092
11599,0.003092
11600,0.003092
11601,0.003092
11602,0.003092
11603,0.003092
11604,0.003092
11605,0.003092
11606,0.003092
11607,0.003092
11608,0.003092
11609,0.003092
11610,0.003092
11611,0.003092
11612,0.003092
11613,0.003092
11614,0.003092
11615,0.003092
11616,0.003092
11617,0.003092
11618,0.003092
11619,0.003092
11620,0.003092
11621,0.003092
11622,0.003092
11623,0.003092
11624,0.003092
11625,0.003092
11626,0.003092
11627,0.003092
11628,0.003092
11629,0.003092
11630,0.003092
11631,0.003092
11632,0.003092
11633,0.003092
11634,0.003092
11635,0.003092
11636,0.003092
11637,0.003092
11638,0.003092
11639,0.003092
11640,0.003092
11641,0.003092
11642,0.003092
11643,0.003092
11644,0.003092
11645,0.003092
11646,0.003092
11647,0.003092
11648,0.003092
11649,0.003092
11650,0.003092
11651,0.003092
11652,0.003092
11653,0.003092
11654,0.003092
11655,0.003092
11656,0.003092
11657,0.003092
11658,0.003092
11659,0.003092
11660,0.003092
11661,0.003092
11662,0.003092
11663,0.003092
11664,0.003092
11665,0.003092
11666,0.003092
11667,0.003092
11668,0.003092
11669,0.003092
11670,0.003092
11671,0.003092
11672,0.003092
11673,0.003092
11674,0.003092
11675,0.003092
11676,0.003092
11677,0.003092
11678,0.003092
11679,0.003092
11680,0.003092
11681,0.003092
11682,0.003092
11683,0.003092
11684,0.003092
11685,0.003092
11686,0.003092
11687,0.003092
11688,0.003092
11689,0.003092
11690,0.003092
11691,0.003092
11692,0.003092
11693,0.003092
11694,0.003092
11695,0.003092
11696,0.003092
11697,0.003092
11698,0.003092
11699,0.003092
11700,0.003092
11701,0.003092
11702,0.003092
11703,0.003092
11704,0.003092
11705,0.003092
11706,0.003092
11707,0.003092
11708,0.003092
11709,0.003092
11710,0.003092
11711,0.003092
11712,0.003092
11713,0.003092
11714,0.003092
11715,0.003092
11716,0.003092
11717,0.003092
11718,0.003092
11719,0.003092
11720,0.003092
11721,0.003092
11722,0.003092
11723,0.003092
11724,0.003092
11725,0.003092
11726,0.003092
11727,0.003092
11728,0.003092
11729,0.003092
11730,0.003092
11731,0.003092
11732,0.003092
11733,0.003092
11734,0.003092
11735,0.003092
11736,0.003092
11737,0.003092
11738,0.003092
11739,0.003092
11740,0.003092
11741,0.003092
11742,0.003092
11743,0.003092
11744,0.003092
11745,0.003092
11746,0.003092
11747,0.003092
11748,0.003092
11749,0.003092
11750,0.003092
11751,0.003092
11752,0.003092
11753,0.003092
11754,0.003092
11755,0.003092
11756,0.003092
11757,0.003092
11758,0.003092
11759,0.003092
11760,0.003092
11761,0.003092
11762,0.003092
11763,0.003092
11764,0.003092
11765,0.003092
11766,0.003092
11767,0.003092
11768,0.003092
11769,0.003092
11770,0.003092
11771,0.003092
11772,0.003092
11773,0.003092
11774,0.003092
11775,0.003092
11776,0.003092
11777,0.003092
11778,0.003092
11779,0.003092
11780,0.003092
11781,0.003092
11782,0.003092
11783,0.003092
11784,0.003092
11785,0.003092
11786,0.003092
11787,0.003092
11788,0.003092
11789,0.003092
11790,0.003092
11791,0.003092
11792,0.003092
11793,0.003092
11794,0.003092
11795,0.003092
11796,0.003092
11797,0.003092
11798,0.003092
11799,0.003092
11800,0.003092
11801,0.003092
11802,0.003092
11803,0.003092
11804,0.003092
11805,0.003092
11806,0.003092
11807,0.003092
11808,0.003092
11809,0.003092
11810,0.003092
11811,0.003092
11812,0.003092
11813,0.003092
11814,0.003092
11815,0.003092
11816,0.003092
11817,0.003092
11818,0.003092
11819,0.003092
11820,0.003092
11821,0.003092
11822,0.003092
11823,0.003092
11824,0.003092
11825,0.003092
11826,0.003092
11827,0.003092
11828,0.003092
11829,0.003092
11830,0.003092
11831,0.003092
11832,0.003092
11833,0.003092
11834,0.003092
11835,0.003092
11836,0.003092
11837,0.003092
11838,0.003092
11839,0.003092
11840,0.003092
11841,0.003092
11842,0.003092
11843,0.003092
11844,0.003092
11845,0.003092
11846,0.003092
11847,0.003092
11848,0.003092
11849,0.003092
11850,0.003092
11851,0.003092
11852,0.003092
11853,0.003092
11854,0.003092
11855,0.003092
11856,0.003092
11857,0.003092
11858,0.003092
11859,0.003092
11860,0.003092
11861,0.003092
11862,0.003092
11863,0.003092
11864,0.003092
11865,0.003092
11866,0.003092
11867,0.003092
11868,0.003092
11869,0.003092
11870,0.003092
11871,0.003092
11872,0.003092
11873,0.003092
11874,0.003092
11875,0.003092
11876,0.003092
11877,0.003092
11878,0.003092
11879,0.003092
11880,0.003092
11881,0.003092
11882,0.003092
11883,0.003092
11884,0.003092
11885,0.003092
11886,0.003092
11887,0.003092
11888,0.003092
11889,0.003092
11890,0.003092
11891,0.003092
11892,0.003092
11893,0.003092
11894,0.003092
11895,0.003092
11896,0.003092
11897,0.003092
11898,0.003092
11899,0.003092
11900,0.003092
11901,0.003092
11902,0.003092
11903,0.003092
11904,0.003092
11905,0.003092
11906,0.003092
11907,0.003092
11908,0.003092
11909,0.003092
11910,0.003092
11911,0.003092
11912,0.003092
11913,0.003092
11914,0.003092
11915,0.003092
11916,0.003092
11917,0.003092
11918,0.003092
11919,0.003092
11920,0.003092
11921,0.003092
11922,0.003092
11923,0.003092
11924,0.003092
11925,0.003092
11926,0.003092
11927,0.003092
11928,0.003092
11929,0.003092
11930,0.003092
11931,0.003092
11932,0.003092
11933,0.003092
11934,0.003092
11935,0.003092
11936,0.003092
11937,0.003092
11938,0.003092
11939,0.003092
11940,0.003092
11941,0.003092
11942,0.003092
11943,0.003092
11944,0.003092
11945,0.003092
11946,0.003092
11947,0.003092
11948,0.003092
11949,0.003092
11950,0.003092
11951,0.003092
11952,0.003092
11953,0.003092
11954,0.003092
11955,0.003092
11956,0.003092
11957,0.003092
11958,0.003092
11959,0.003092
11960,0.003092
11961,0.003092
11962,0.003092
11963,0.003092
11964,0.003092
11965,0.003092
11966,0.003092
11967,0.003092
11968,0.003092
11969,0.003092
11970,0.003092
11971,0.003092
11972,0.003092
11973,0.003092
11974,0.003092
11975,0.003092
11976,0.003092
11977,0.003092
11978,0.003092
11979,0.003092
11980,0.003092
11981,0.003092
11982,0.003092
11983,0.003092
11984,0.003092
11985,0.003092
11986,0.003092
11987,0.003092
11988,0.003092
11989,0.003092
11990,0.003092
11991,0.003092
11992,0.003092
11993,0.003092
11994,0.003092
11995,0.003092
11996,0.003092
11997,0.003092
11998,0.003092
11999,0.003092
12000,0.003092
12001,0.003092
12002,0.003092
12003,0.003092
12004,0.003092
12005,0.003092
12006,0.003092
12007,0.003092
12008,0.003092
12009,0.003092
12010,0.003092
12011,0.003092
12012,0.003092
12013,0.003092
12014,0.003092
12015,0.003092
12016,0.003092
12017,0.003092
12018,0.003092
12019,0.003092
12020,0.003092
12021,0.003092
12022,0.003092
12023,0.003092
12024,0.003092
12025,0.003092
12026,0.003092
12027,0.003092
12028,0.003092
12029,0.003092
12030,0.003092
12031,0.003092
12032,0.003092
12033,0.003092
12034,0.003092
12035,0.003092
12036,0.003092
12037,0.003092
12038,0.003092
12039,0.003092
12040,0.003092
12041,0.003092
12042,0.003092
12043,0.003092
12044,0.003092
12045,0.003092
12046,0.003092
12047,0.003092
12048,0.003092
12049,0.003092
12050,0.003092
12051,0.003092
12052,0.003092
12053,0.003092
12054,0.003092
12055,0.003092
12056,0.003092
12057,0.003092
12058,0.003092
12059,0.003092
12060,0.003092
12061,0.003092
12062,0.003092
12063,0.003092
12064,0.003092
12065,0.003092
12066,0.003092
12067,0.003092
12068,0.003092
12069,0.003092
12070,0.003092
12071,0.003092
12072,0.003092
12073,0.003092
12074,0.003092
12075,0.003092
12076,0.003092
12077,0.003092
12078,0.003092
12079,0.003092
12080,0.003092
12081,0.003092
12082,0.003092
12083,0.003092
12084,0.003092
12085,0.003092
12086,0.003092
12087,0.003092
12088,0.003092
12089,0.003092
12090,0.003092
12091,0.003092
12092,0.003092
12093,0.003092
12094,0.003092
12095,0.003092
12096,0.003092
12097,0.003092
12098,0.003092
12099,0.003092
12100,0.003092
12101,0.003092
12102,0.003092
12103,0.003092
12104,0.003092
12105,0.003092
12106,0.003092
12107,0.003092
12108,0.003092
12109,0.003092
12110,0.003092
12111,0.003092
12112,0.003092
12113,0.003092
12114,0.003092
12115,0.003092
12116,0.003092
12117,0.003092
12118,0.003092
12119,0.003092
12120,0.003092
12121,0.003092
12122,0.003092
12123,0.003092
12124,0.003092
12125,0.003092
12126,0.003092
12127,0.003092
12128,0.003092
12129,0.003092
12130,0.003092
12131,0.003092
12132,0.003092
12133,0.003092
12134,0.003092
12135,0.003092
12136,0.003092
12137,0.003092
12138,0.003092
12139,0.003092
12140,0.003092
12141,0.003092
12142,0.003092
12143,0.003092
12144,0.003092
12145,0.003092
12146,0.003092
12147,0.003092
12148,0.003092
12149,0.003092
12150,0.003092
12151,0.003092
12152,0.003092
12153,0.003092
12154,0.003092
12155,0.003092
12156,0.003092
12157,0.003092
12158,0.003092
12159,0.003092
12160,0.003092
12161,0.003092
12162,0.003092
12163,0.003092
12164,0.003092
12165,0.003092
12166,0.003092
12167,0.003092
12168,0.003092
12169,0.003092
12170,0.003092
12171,0.003092
12172,0.003092
12173,0.003092
12174,0.003092
12175,0.003092
12176,0.003092
12177,0.003092
12178,0.003092
12179,0.003092
12180,0.003092
12181,0.003092
12182,0.003092
12183,0.003092
12184,0.003092
12185,0.003092
12186,0.003092
12187,0.003092
12188,0.003092
12189,0.003092
12190,0.003092
12191,0.003092
12192,0.003092
12193,0.003092
12194,0.003092
12195,0.003092
12196,0.003092
12197,0.003092
12198,0.003092
12199,0.003092
12200,0.003092
12201,0.003092
12202,0.003092
12203,0.003092
12204,0.003092
12205,0.003092
12206,0.003092
12207,0.003092
12208,0.003092
12209,0.003092
12210,0.003092
12211,0.003092
12212,0.003092
12213,0.003092
12214,0.003092
12215,0.003092
12216,0.003092
12217,0.003092
12218,0.003092
12219,0.003092
12220,0.003092
12221,0.003092
12222,0.003092
12223,0.003092
12224,0.003092
12225,0.003092
12226,0.003092
12227,0.003092
12228,0.003092
12229,0.003092
12230,0.003092
12231,0.003092
12232,0.003092
12233,0.003092
12234,0.003092
12235,0.003092
12236,0.003092
12237,0.003092
12238,0.003092
12239,0.003092
12240,0.003092
12241,0.003092
12242,0.003092
12243,0.003092
12244,0.003092
12245,0.003092
12246,0.003092
12247,0.003092
12248,0.003092
12249,0.003092
12250,0.003092
12251,0.003092
12252,0.003092
12253,0.003092
12254,0.003092
12255,0.003092
12256,0.003092
12257,0.003092
12258,0.003092
12259,0.003092
12260,0.003092
12261,0.003092
12262,0.003092
12263,0.003092
12264,0.003092
12265,0.003092
12266,0.003092
12267,0.003092
12268,0.003092
12269,0.003092
12270,0.003092
12271,0.003092
12272,0.003092
12273,0.003092
12274,0.003092
12275,0.003092
12276,0.003092
12277,0.003092
12278,0.003092
12279,0.003092
12280,0.003092
12281,0.003092
12282,0.003092
12283,0.003092
12284,0.003092
12285,0.003092
12286,0.003092
12287,0.003092
12288,0.000000
12289,0.000000
12290,0.000000
12291,0.000000
12292,16.623222
12293,16.623222
12294,16.623222
12295,16.623222
12296,59.368650
12297,59.368650
12298,59.368650
12299,59.368650
