0,332.733556
1,332.741727
2,332.752771
3,332.765014
4,332.777896
5,332.791192
6,332.804763
7,332.818476
8,332.832184
9,332.845719
10,332.858894
11,332.871513
12,332.883378
13,332.894302
14,332.904116
15,332.912680
16,332.919877
17,332.925626
18,332.929875
19,332.932601
20,332.933814
21,332.933553
22,332.931889
23,332.928922
24,332.924782
25,332.919626
26,332.913631
27,332.906987
28,332.899885
29,332.892511
30,332.885029
31,332.877582
32,332.870284
33,332.863223
34,332.856459
35,332.850033
36,332.843965
37,332.838259
38,332.832909
39,332.827901
40,332.823214
41,332.818822
42,332.814699
43,332.810818
44,332.807151
45,332.803674
46,332.800365
47,332.797203
48,332.794175
49,332.791267
50,332.788475
51,332.785795
52,332.783232
53,332.780795
54,332.778499
55,332.776367
56,332.774428
57,332.772721
58,332.771292
59,332.770203
60,332.769523
61,332.769329
62,332.769658
63,332.770337
64,332.742413
65,332.750973
66,332.762540
67,332.775377
68,332.788911
69,332.802912
70,332.817236
71,332.831746
72,332.846285
73,332.860668
74,332.874690
75,332.888130
76,332.900768
77,332.912397
78,332.922832
79,332.931919
80,332.939536
81,332.945595
82,332.950041
83,332.952851
84,332.954035
85,332.953634
86,332.951723
87,332.948409
88,332.943833
89,332.938166
90,332.931603
91,332.924358
92,332.916645
93,332.908669
94,332.900612
95,332.892628
96,332.884837
97,332.877328
98,332.870163
99,332.863380
100,332.856994
101,332.851008
102,332.845411
103,332.840184
104,332.835301
105,332.830735
106,332.826455
107,332.822430
108,332.818631
109,332.815030
110,332.811602
111,332.808327
112,332.805186
113,332.802169
114,332.799266
115,332.796476
116,332.793801
117,332.791251
118,332.788842
119,332.786595
120,332.784540
121,332.782716
122,332.781169
123,332.779957
124,332.779147
125,332.778808
126,332.778968
127,332.779472
128,332.754278
129,332.763368
130,332.775678
131,332.789386
132,332.803896
133,332.818975
134,332.834476
135,332.850255
136,332.866138
137,332.881914
138,332.897340
139,332.912146
140,332.926068
141,332.938860
142,332.950309
143,332.960242
144,332.968525
145,332.975062
146,332.979795
147,332.982700
148,332.983787
149,332.983100
150,332.980719
151,332.976763
152,332.971387
153,332.964788
154,332.957197
155,332.948868
156,332.940065
157,332.931035
158,332.921989
159,332.913098
160,332.904491
161,332.896259
162,332.888459
163,332.881122
164,332.874258
165,332.867858
166,332.861905
167,332.856370
168,332.851221
169,332.846422
170,332.841936
171,332.837728
172,332.833761
173,332.830004
174,332.826428
175,332.823008
176,332.819724
177,332.816562
178,332.813512
179,332.810570
180,332.807739
181,332.805027
182,332.802449
183,332.800027
184,332.797791
185,332.795777
186,332.794030
187,332.792605
188,332.791562
189,332.790961
190,332.790827
191,332.791050
192,332.767323
193,332.777020
194,332.790208
195,332.804971
196,332.820693
197,332.837142
198,332.854174
199,332.871639
200,332.889351
201,332.907061
202,332.924458
203,332.941187
204,332.956900
205,332.971295
206,332.984124
207,332.995192
208,333.004353
209,333.011504
210,333.016585
211,333.019572
212,333.020474
213,333.019338
214,333.016247
215,333.011330
216,333.004762
217,332.996767
218,332.987625
219,332.977664
220,332.967241
221,332.956675
222,332.946223
223,332.936074
224,332.926360
225,332.917167
226,332.908542
227,332.900503
228,332.893044
229,332.886143
230,332.879769
231,332.873881
232,332.868435
233,332.863384
234,332.858682
235,332.854285
236,332.850149
237,332.846235
238,332.842510
239,332.838943
240,332.835511
241,332.832195
242,332.828984
243,332.825872
244,332.822860
245,332.819954
246,332.817171
247,332.814530
248,332.812061
249,332.809799
250,332.807787
251,332.806075
252,332.804717
253,332.803765
254,332.803254
255,332.803140
256,332.780955
257,332.791319
258,332.805496
259,332.821476
260,332.838634
261,332.856744
262,332.875684
263,332.895320
264,332.915468
265,332.935842
266,332.956016
267,332.975439
268,332.993601
269,333.010132
270,333.024761
271,333.037282
272,333.047546
273,333.055451
274,333.060938
275,333.063983
276,333.064596
277,333.062822
278,333.058742
279,333.052487
280,333.044238
281,333.034237
282,333.022808
283,333.010408
284,332.997606
285,332.984867
286,332.972498
287,332.960689
288,332.949557
289,332.939164
290,332.929531
291,332.920652
292,332.912498
293,332.905027
294,332.898186
295,332.891917
296,332.886161
297,332.880857
298,332.875945
299,332.871370
300,332.867078
301,332.863022
302,332.859160
303,332.855456
304,332.851880
305,332.848411
306,332.845034
307,332.841740
308,332.838528
309,332.835405
310,332.832384
311,332.829486
312,332.826738
313,332.824175
314,332.821838
315,332.819773
316,332.818032
317,332.816665
318,332.815720
319,332.815235
320,332.794945
321,332.806030
322,332.821300
323,332.838660
324,332.857484
325,332.877583
326,332.898892
327,332.921360
328,332.944890
329,332.969218
330,332.993697
331,333.017211
332,333.038857
333,333.058261
334,333.075222
335,333.089578
336,333.101207
337,333.110023
338,333.115979
339,333.119054
340,333.119257
341,333.116622
342,333.111216
343,333.103147
344,333.092556
345,333.079620
346,333.064614
347,333.048203
348,333.031633
349,333.015685
350,333.000675
351,332.986703
352,332.973795
353,332.961944
354,332.951118
355,332.941268
356,332.932329
357,332.924229
358,332.916887
359,332.910224
360,332.904158
361,332.898612
362,332.893509
363,332.888779
364,332.884357
365,332.880182
366,332.876205
367,332.872380
368,332.868674
369,332.865057
370,332.861513
371,332.858029
372,332.854602
373,332.851237
374,332.847947
375,332.844752
376,332.841679
377,332.838763
378,332.836044
379,332.833568
380,332.831385
381,332.829548
382,332.828127
383,332.827251
384,332.809159
385,332.821014
386,332.837478
387,332.856380
388,332.877120
389,332.899591
390,332.923887
391,332.950233
392,332.978951
393,333.010160
394,333.042816
395,333.073730
396,333.100791
397,333.124188
398,333.144198
399,333.160876
400,333.174192
401,333.184110
402,333.190610
403,333.193684
404,333.193331
405,333.189565
406,333.182412
407,333.171901
408,333.158008
409,333.140524
410,333.119095
411,333.094569
412,333.070940
413,333.049725
414,333.030886
415,333.014056
416,332.998944
417,332.985356
418,332.973151
419,332.962206
420,332.952403
421,332.943627
422,332.935765
423,332.928707
424,332.922348
425,332.916586
426,332.911326
427,332.906478
428,332.901962
429,332.897705
430,332.893643
431,332.889724
432,332.885905
433,332.882152
434,332.878443
435,332.874762
436,332.871105
437,332.867475
438,332.863884
439,332.860351
440,332.856905
441,332.853581
442,332.850422
443,332.847476
444,332.844794
445,332.842439
446,332.840507
447,332.839220
448,332.823471
449,332.836140
450,332.853889
451,332.874493
452,332.897413
453,332.922722
454,332.950898
455,332.982992
456,333.020912
457,333.066958
458,333.120069
459,333.168071
460,333.204479
461,333.233609
462,333.257675
463,333.277343
464,333.292790
465,333.304075
466,333.311228
467,333.314261
468,333.313164
469,333.307907
470,333.298435
471,333.284616
472,333.265992
473,333.240994
474,333.205795
475,333.159556
476,333.119532
477,333.088303
478,333.063444
479,333.042728
480,333.024885
481,333.009263
482,332.995499
483,332.983351
484,332.972622
485,332.963144
486,332.954760
487,332.947325
488,332.940706
489,332.934773
490,332.929408
491,332.924498
492,332.919943
493,332.915652
494,332.911548
495,332.907569
496,332.903662
497,332.899789
498,332.895921
499,332.892040
500,332.888139
501,332.884218
502,332.880290
503,332.876374
504,332.872502
505,332.868710
506,332.865047
507,332.861565
508,332.858324
509,332.855400
510,332.852921
511,332.851203
512,332.837740
513,332.851255
514,332.870367
515,332.892814
516,332.918181
517,332.946880
518,332.980248
519,333.021544
520,333.078002
521,333.162169
522,333.280423
523,333.377781
524,333.430256
525,333.467373
526,333.496989
527,333.520760
528,333.539110
529,333.552232
530,333.560242
531,333.563186
532,333.561036
533,333.553688
534,333.540963
535,333.522513
536,333.497240
537,333.460259
538,333.391855
539,333.271204
540,333.186368
541,333.133790
542,333.098784
543,333.072647
544,333.051441
545,333.033487
546,333.018009
547,333.004574
548,332.992884
549,332.982700
550,332.973816
551,332.966048
552,332.959227
553,332.953195
554,332.947803
555,332.942910
556,332.938390
557,332.934133
558,332.930045
559,332.926052
560,332.922092
561,332.918119
562,332.914102
563,332.910018
564,332.905858
565,332.901620
566,332.897316
567,332.892966
568,332.888604
569,332.884273
570,332.880027
571,332.875932
572,332.872061
573,332.868508
574,332.865437
575,332.863266
576,332.851803
577,332.866182
578,332.886704
579,332.911100
580,332.939143
581,332.971804
582,333.012056
583,333.068189
584,333.162758
585,333.350274
586,333.711429
587,333.973453
588,334.038547
589,334.084594
590,334.122625
591,334.153053
592,334.176143
593,334.192247
594,334.201630
595,334.204403
596,334.200501
597,334.189691
598,334.171602
599,334.145830
600,334.111883
601,334.064504
602,333.922170
603,333.498563
604,333.286785
605,333.188902
606,333.137050
607,333.103533
608,333.078320
609,333.057785
610,333.040487
611,333.025726
612,333.013073
613,333.002211
614,332.992878
615,332.984850
616,332.977922
617,332.971902
618,332.966601
619,332.961842
620,332.957464
621,332.953332
622,332.949336
623,332.945387
624,332.941418
625,332.937375
626,332.933222
627,332.928935
628,332.924499
629,332.919914
630,332.915188
631,332.910342
632,332.905414
633,332.900451
634,332.895521
635,332.890705
636,332.886105
637,332.881843
638,332.878125
639,332.875471
640,332.865478
641,332.880718
642,332.902661
643,332.929043
644,332.959875
645,332.996849
646,333.045282
647,333.121860
648,333.281522
649,333.711736
650,334.083296
651,334.191024
652,334.241385
653,334.288625
654,334.328690
655,334.360724
656,334.384941
657,334.401748
658,334.411453
659,334.414186
660,334.409871
661,334.398239
662,334.378864
663,334.351316
664,334.315658
665,334.273636
666,334.211484
667,333.937191
668,333.425887
669,333.251607
670,333.176852
671,333.134624
672,333.105057
673,333.081840
674,333.062699
675,333.046629
676,333.033056
677,333.021580
678,333.011888
679,333.003717
680,332.996830
681,332.991002
682,332.985992
683,332.981552
684,332.977472
685,332.973592
686,332.969787
687,332.965959
688,332.962034
689,332.957956
690,332.953685
691,332.949195
692,332.944468
693,332.939501
694,332.934299
695,332.928882
696,332.923287
697,332.917565
698,332.911792
699,332.906080
700,332.900591
701,332.895497
702,332.891050
703,332.887872
704,332.878571
705,332.894647
706,332.917973
707,332.946293
708,332.979831
709,333.020904
710,333.076739
711,333.170393
712,333.379349
713,333.973971
714,334.191296
715,334.259865
716,334.310631
717,334.360575
718,334.402991
719,334.436765
720,334.462184
721,334.479738
722,334.489787
723,334.492478
724,334.487728
725,334.475224
726,334.454467
727,334.424940
728,334.386772
729,334.343105
730,334.292103
731,334.168298
732,333.525022
733,333.305653
734,333.214217
735,333.164624
736,333.131050
737,333.105282
738,333.084387
739,333.067091
740,333.052688
741,333.040706
742,333.030790
743,333.022657
744,333.016067
745,333.010773
746,333.006451
747,333.002672
748,332.999141
749,332.995693
750,332.992209
751,332.988597
752,332.984783
753,332.980713
754,332.976347
755,332.971655
756,332.966620
757,332.961230
758,332.955487
759,332.949404
760,332.943006
761,332.936328
762,332.929426
763,332.922446
764,332.915742
765,332.909590
766,332.904279
767,332.900512
768,332.890888
769,332.907751
770,332.932377
771,332.962503
772,332.998502
773,333.043068
774,333.104323
775,333.207319
776,333.432315
777,334.039476
778,334.242052
779,334.311023
780,334.365602
781,334.419427
782,334.464978
783,334.501088
784,334.528140
785,334.546719
786,334.557246
787,334.559892
788,334.554561
789,334.540891
790,334.518298
791,334.486158
792,334.444569
793,334.397090
794,334.343127
795,334.227810
796,333.580505
797,333.347601
798,333.247447
799,333.192655
800,333.155770
801,333.127753
802,333.105287
803,333.086909
804,333.071815
805,333.059479
806,333.049536
807,333.041741
808,333.035944
809,333.031982
810,333.029377
811,333.027032
812,333.024494
813,333.021743
814,333.018756
815,333.015479
816,333.011857
817,333.007846
818,333.003409
819,332.998518
820,332.993152
821,332.987292
822,332.980927
823,332.974054
824,332.966661
825,332.958697
826,332.950042
827,332.940767
828,332.932020
829,332.924315
830,332.917888
831,332.913428
832,332.902245
833,332.919827
834,332.945631
835,332.977375
836,333.015522
837,333.062971
838,333.128224
839,333.236954
840,333.469928
841,334.085997
842,334.289762
843,334.361436
844,334.419896
845,334.477693
846,334.526547
847,334.565178
848,334.594024
849,334.613745
850,334.624816
851,334.627430
852,334.621480
853,334.606560
854,334.582012
855,334.547145
856,334.502075
857,334.450793
858,334.393360
859,334.277258
860,333.622401
861,333.382385
862,333.276899
863,333.218361
864,333.178837
865,333.148941
866,333.125152
867,333.105889
868,333.090281
869,333.077789
870,333.068104
871,333.061170
872,333.057259
873,333.056819
874,333.059279
875,333.060437
876,333.059721
877,333.058058
878,333.055801
879,333.053014
880,333.049687
881,333.045795
882,333.041317
883,333.036225
884,333.030495
885,333.024097
886,333.017001
887,333.009172
888,333.000522
889,332.990737
890,332.978835
891,332.963730
892,332.950487
893,332.940022
894,332.931969
895,332.926634
896,332.912477
897,332.930693
898,332.957526
899,332.990664
900,333.030623
901,333.080412
902,333.148720
903,333.261509
904,333.500033
905,334.124510
906,334.330309
907,334.404333
908,334.465927
909,334.527026
910,334.578713
911,334.619560
912,334.650014
913,334.670778
914,334.682363
915,334.684976
916,334.678503
917,334.662508
918,334.636292
919,334.599132
920,334.551211
921,334.496902
922,334.436738
923,334.319632
924,333.657121
925,333.412044
926,333.302834
927,333.241530
928,333.199963
929,333.168584
930,333.143761
931,333.123842
932,333.107930
933,333.095520
934,333.086484
935,333.081327
936,333.081787
937,333.091326
938,333.111598
939,333.122251
940,333.124571
941,333.124489
942,333.123289
943,333.121221
944,333.118339
945,333.114656
946,333.110168
947,333.104858
948,333.098693
949,333.091629
950,333.083611
951,333.074572
952,333.064364
953,333.052232
954,333.033958
955,332.998843
956,332.973466
957,332.957299
958,332.946623
959,332.940114
960,332.921445
961,332.940197
962,332.967891
963,333.002177
964,333.043600
965,333.095234
966,333.165869
967,333.281652
968,333.524279
969,334.155411
970,334.362815
971,334.438578
972,334.502506
973,334.566125
974,334.620027
975,334.662647
976,334.694415
977,334.716052
978,334.728087
979,334.730738
980,334.723885
981,334.707076
982,334.679592
983,334.640707
984,334.590679
985,334.534182
986,334.472081
987,334.354231
988,333.685844
989,333.437125
990,333.325279
991,333.261986
992,333.218930
993,333.186473
994,333.160924
995,333.140598
996,333.124600
997,333.112519
998,333.104587
999,333.102553
1000,333.112288
1001,333.149670
1002,333.242040
1003,333.278609
1004,333.282787
1005,333.284663
1006,333.285117
1007,333.284236
1008,333.282108
1009,333.278801
1010,333.274345
1011,333.268738
1012,333.261940
1013,333.253879
1014,333.244464
1015,333.233634
1016,333.221520
1017,333.208562
1018,333.183439
1019,333.064548
1020,333.004736
1021,332.976716
1022,332.961831
1023,332.953765
1024,332.929036
1025,332.948220
1026,332.976594
1027,333.011770
1028,333.054307
1029,333.107314
1030,333.179643
1031,333.297559
1032,333.543089
1033,334.178958
1034,334.387488
1035,334.464452
1036,334.530011
1037,334.595421
1038,334.650929
1039,334.694861
1040,334.727626
1041,334.749945
1042,334.762358
1043,334.765086
1044,334.758009
1045,334.740666
1046,334.712330
1047,334.672287
1048,334.620855
1049,334.562917
1050,334.499554
1051,334.381216
1052,333.708899
1053,333.457771
1054,333.344193
1055,333.279596
1056,333.235573
1057,333.202443
1058,333.176484
1059,333.156001
1060,333.140121
1061,333.128554
1062,333.121990
1063,333.123986
1064,333.148124
1065,333.246324
1066,333.288978
1067,333.297777
1068,333.301014
1069,333.303039
1070,333.303635
1071,333.302855
1072,333.300791
1073,333.297515
1074,333.293064
1075,333.287434
1076,333.280586
1077,333.272444
1078,333.262914
1079,333.251931
1080,333.239649
1081,333.227072
1082,333.214011
1083,333.184135
1084,333.044173
1085,332.997315
1086,332.977124
1087,332.967327
1088,332.935171
1089,332.954676
1090,332.983542
1091,333.019345
1092,333.062645
1093,333.116571
1094,333.190007
1095,333.309291
1096,333.556657
1097,334.195503
1098,334.404734
1099,334.482443
1100,334.549024
1101,334.615571
1102,334.672117
1103,334.716919
1104,334.750364
1105,334.773173
1106,334.785888
1107,334.788734
1108,334.781588
1109,334.763988
1110,334.735207
1111,334.694536
1112,334.642337
1113,334.583611
1114,334.519559
1115,334.400955
1116,333.726480
1117,333.474040
1118,333.359537
1119,333.294267
1120,333.249780
1121,333.216373
1122,333.190318
1123,333.169920
1124,333.154332
1125,333.143338
1126,333.137846
1127,333.141945
1128,333.169937
1129,333.269373
1130,333.305181
1131,333.313970
1132,333.318009
1133,333.320814
1134,333.322017
1135,333.321671
1136,333.319890
1137,333.316768
1138,333.312352
1139,333.306643
1140,333.299599
1141,333.291135
1142,333.281138
1143,333.269521
1144,333.256426
1145,333.242935
1146,333.229143
1147,333.204763
1148,333.065588
1149,333.014209
1150,332.991418
1151,332.980421
1152,332.939799
1153,332.959514
1154,332.988680
1155,333.024843
1156,333.068558
1157,333.122958
1158,333.196942
1159,333.316880
1160,333.565100
1161,334.205310
1162,334.414861
1163,334.492911
1164,334.559963
1165,334.627048
1166,334.684101
1167,334.729347
1168,334.763164
1169,334.786273
1170,334.799215
1171,334.802218
1172,334.795157
1173,334.777571
1174,334.748732
1175,334.707936
1176,334.655558
1177,334.596634
1178,334.532404
1179,334.413732
1180,333.738713
1181,333.485968
1182,333.371290
1183,333.305944
1184,333.261476
1185,333.228182
1186,333.202339
1187,333.182262
1188,333.167124
1189,333.156755
1190,333.152149
1191,333.157527
1192,333.187191
1193,333.287711
1194,333.323425
1195,333.332796
1196,333.337692
1197,333.341361
1198,333.343269
1199,333.343443
1200,333.342012
1201,333.339086
1202,333.334723
1203,333.328929
1204,333.321659
1205,333.312819
1206,333.302279
1207,333.289937
1208,333.275938
1209,333.261470
1210,333.246790
1211,333.222418
1212,333.082272
1213,333.029009
1214,333.004758
1215,332.992918
1216,332.942904
1217,332.962713
1218,332.991987
1219,333.028243
1220,333.072024
1221,333.126460
1222,333.200443
1223,333.320340
1224,333.568466
1225,334.208490
1226,334.417998
1227,334.496001
1228,334.563001
1229,334.630044
1230,334.687086
1231,334.732360
1232,334.766246
1233,334.789466
1234,334.802561
1235,334.805758
1236,334.798934
1237,334.781628
1238,334.753112
1239,334.712679
1240,334.660689
1241,334.602134
1242,334.538213
1243,334.419662
1244,333.745644
1245,333.493562
1246,333.379434
1247,333.314597
1248,333.270622
1249,333.237825
1250,333.212496
1251,333.192967
1252,333.178437
1253,333.168765
1254,333.164991
1255,333.171395
1256,333.202356
1257,333.304647
1258,333.340798
1259,333.350719
1260,333.356348
1261,333.360785
1262,333.363342
1263,333.364012
1264,333.362926
1265,333.360201
1266,333.355904
1267,333.350043
1268,333.342571
1269,333.333388
1270,333.322354
1271,333.309361
1272,333.294573
1273,333.279278
1274,333.263858
1275,333.239232
1276,333.097227
1277,333.042586
1278,333.017287
1279,333.004785
1280,332.944495
1281,332.964286
1282,332.993476
1283,333.029557
1284,333.073056
1285,333.127086
1286,333.200514
1287,333.319662
1288,333.566726
1289,334.204980
1290,334.414069
1291,334.491631
1292,334.558039
1293,334.624450
1294,334.680955
1295,334.725835
1296,334.759484
1297,334.782624
1298,334.795797
1299,334.799226
1300,334.792791
1301,334.776033
1302,334.748224
1303,334.708649
1304,334.657625
1305,334.600017
1306,334.536903
1307,334.418668
1308,333.747232
1309,333.496802
1310,333.383960
1311,333.320218
1312,333.277211
1313,333.245289
1314,333.220771
1315,333.202015
1316,333.188246
1317,333.179355
1318,333.176415
1319,333.183760
1320,333.215883
1321,333.319936
1322,333.356509
1323,333.366882
1324,333.373114
1325,333.378196
1326,333.381314
1327,333.382426
1328,333.381656
1329,333.379125
1330,333.374904
1331,333.369003
1332,333.361373
1333,333.351909
1334,333.340469
1335,333.326944
1336,333.311520
1337,333.295573
1338,333.279577
1339,333.254730
1340,333.110983
1341,333.055211
1342,333.029068
1343,333.016013
1344,332.944617
1345,332.964279
1346,332.993194
1347,333.028835
1348,333.071702
1349,333.124873
1350,333.197169
1351,333.314820
1352,333.559780
1353,334.194546
1354,334.402806
1355,334.479488
1356,334.544716
1357,334.609859
1358,334.665270
1359,334.709317
1360,334.742415
1361,334.765282
1362,334.778454
1363,334.782153
1364,334.776261
1365,334.760325
1366,334.733621
1367,334.695423
1368,334.645982
1369,334.589950
1370,334.528193
1371,334.410486
1372,333.743351
1373,333.495637
1374,333.384861
1375,333.322824
1376,333.281269
1377,333.250602
1378,333.227185
1379,333.209418
1380,333.196559
1381,333.188533
1382,333.186450
1383,333.194695
1384,333.227877
1385,333.333506
1386,333.370443
1387,333.381187
1388,333.387912
1389,333.393530
1390,333.397124
1391,333.398621
1392,333.398136
1393,333.395790
1394,333.391656
1395,333.385745
1396,333.378006
1397,333.368333
1398,333.356581
1399,333.342647
1400,333.326736
1401,333.310293
1402,333.293861
1403,333.268840
1404,333.123672
1405,333.066979
1406,333.040137
1407,333.026606
1408,332.943343
1409,332.962769
1410,332.991226
1411,333.026165
1412,333.068049
1413,333.119894
1414,333.190438
1415,333.305761
1416,333.547450
1417,334.176818
1418,334.383783
1419,334.459071
1420,334.522446
1421,334.585612
1422,334.639330
1423,334.682084
1424,334.714306
1425,334.736704
1426,334.749798
1427,334.753804
1428,334.748608
1429,334.733770
1430,334.708584
1431,334.672316
1432,334.625139
1433,334.571397
1434,334.511635
1435,334.394702
1436,333.733793
1437,333.489988
1438,333.382144
1439,333.322468
1440,333.282862
1441,333.253828
1442,333.231796
1443,333.215222
1444,333.203413
1445,333.196334
1446,333.195135
1447,333.204253
1448,333.238405
1449,333.345419
1450,333.382668
1451,333.393719
1452,333.400851
1453,333.406916
1454,333.410912
1455,333.412741
1456,333.412512
1457,333.410344
1458,333.406310
1459,333.400419
1460,333.392623
1461,333.382813
1462,333.370845
1463,333.356619
1464,333.340357
1465,333.323553
1466,333.306800
1467,333.281647
1468,333.135376
1469,333.077948
1470,333.050529
1471,333.036588
1472,332.940779
1473,332.959869
1474,332.987694
1475,333.021681
1476,333.062229
1477,333.112259
1478,333.180355
1479,333.292357
1480,333.529393
1481,334.151391
1482,334.356570
1483,334.429864
1484,334.490604
1485,334.551013
1486,334.602408
1487,334.643405
1488,334.674438
1489,334.696179
1490,334.709121
1491,334.713467
1492,334.709108
1493,334.695634
1494,334.672371
1495,334.638604
1496,334.594424
1497,334.543784
1498,334.486780
1499,334.370896
1500,333.718222
1501,333.479717
1502,333.375826
1503,333.319241
1504,333.282107
1505,333.255080
1506,333.234702
1507,333.219512
1508,333.208879
1509,333.202819
1510,333.202527
1511,333.212493
1512,333.247537
1513,333.355765
1514,333.393281
1515,333.404588
1516,333.412056
1517,333.418489
1518,333.422824
1519,333.424940
1520,333.424942
1521,333.422946
1522,333.419026
1523,333.413191
1524,333.405390
1525,333.395516
1526,333.383423
1527,333.369016
1528,333.352526
1529,333.335481
1530,333.318510
1531,333.293262
1532,333.146177
1533,333.088181
1534,333.060289
1535,333.045996
1536,332.937059
1537,332.955724
1538,332.982760
1539,333.015561
1540,333.054431
1541,333.102117
1542,333.166902
1543,333.274156
1544,333.504511
1545,334.117772
1546,334.321223
1547,334.391990
1548,334.449282
1549,334.506177
1550,334.554683
1551,334.593535
1552,334.623125
1553,334.644063
1554,334.656792
1555,334.661494
1556,334.658076
1557,334.646165
1558,334.625150
1559,334.594374
1560,334.553880
1561,334.507169
1562,334.453729
1563,334.338999
1564,333.695753
1565,333.464410
1566,333.365882
1567,333.313281
1568,333.279177
1569,333.254522
1570,333.236045
1571,333.222404
1572,333.213052
1573,333.208068
1574,333.208697
1575,333.219483
1576,333.255340
1577,333.364619
1578,333.402362
1579,333.413877
1580,333.421617
1581,333.428350
1582,333.432964
1583,333.435327
1584,333.435537
1585,333.433712
1586,333.429921
1587,333.424177
1588,333.416426
1589,333.406560
1590,333.394435
1591,333.379954
1592,333.363355
1593,333.346183
1594,333.329087
1595,333.303778
1596,333.156151
1597,333.097743
1598,333.069476
1599,333.054884
1600,332.932346
1601,332.950511
1602,332.976626
1603,333.008038
1604,333.044903
1605,333.089648
1606,333.149874
1607,333.249596
1608,333.467935
1609,334.070704
1610,334.279470
1611,334.348571
1612,334.402021
1613,334.455076
1614,334.500516
1615,334.537139
1616,334.565247
1617,334.585357
1618,334.597851
1619,334.602888
1620,334.600387
1621,334.590026
1622,334.571283
1623,334.543595
1624,334.507025
1625,334.464628
1626,334.414938
1627,334.297787
1628,333.662343
1629,333.442591
1630,333.352101
1631,333.304762
1632,333.274315
1633,333.252376
1634,333.236008
1635,333.224048
1636,333.216057
1637,333.212184
1638,333.213730
1639,333.225294
1640,333.261874
1641,333.372031
1642,333.409958
1643,333.421635
1644,333.429581
1645,333.436544
1646,333.441381
1647,333.443950
1648,333.444349
1649,333.442694
1650,333.439053
1651,333.433437
1652,333.425793
1653,333.416010
1654,333.403945
1655,333.389499
1656,333.372911
1657,333.355727
1658,333.338601
1659,333.313265
1660,333.165369
1661,333.106703
1662,333.078159
1663,333.063320
1664,332.926824
1665,332.944433
1666,332.969530
1667,332.999397
1668,333.033975
1669,333.075136
1670,333.128927
1671,333.214867
1672,333.399995
1673,333.928818
1674,334.217551
1675,334.297760
1676,334.348219
1677,334.397768
1678,334.440439
1679,334.475086
1680,334.501894
1681,334.521278
1682,334.533557
1683,334.538869
1684,334.537144
1685,334.528114
1686,334.511346
1687,334.486400
1688,334.453383
1689,334.414733
1690,334.364958
1691,334.183678
1692,333.598735
1693,333.410104
1694,333.334024
1695,333.293947
1696,333.267851
1697,333.248923
1698,333.234817
1699,333.224625
1700,333.218037
1701,333.215283
1702,333.217721
1703,333.230001
1704,333.267194
1705,333.378023
1706,333.416083
1707,333.427866
1708,333.435945
1709,333.443064
1710,333.448063
1711,333.450798
1712,333.451367
1713,333.449883
1714,333.446414
1715,333.440967
1716,333.433488
1717,333.423867
1718,333.411959
1719,333.397664
1720,333.381215
1721,333.364142
1722,333.347089
1723,333.321764
1724,333.173894
1725,333.115139
1726,333.086420
1727,333.071387
1728,332.920690
1729,332.937711
1730,332.961735
1731,332.989975
1732,333.022112
1733,333.059254
1734,333.104918
1735,333.169143
1736,333.279934
1737,333.506261
1738,333.943669
1739,334.174062
1740,334.232960
1741,334.281702
1742,334.323349
1743,334.357234
1744,334.383534
1745,334.402631
1746,334.414824
1747,334.420239
1748,334.418814
1749,334.410298
1750,334.394292
1751,334.370385
1752,334.338518
1753,334.297446
1754,334.183514
1755,333.704965
1756,333.468182
1757,333.363749
1758,333.312192
1759,333.281489
1760,333.260260
1761,333.244504
1762,333.232728
1763,333.224333
1764,333.219153
1765,333.217497
1766,333.220773
1767,333.233678
1768,333.271337
1769,333.382581
1770,333.420712
1771,333.432532
1772,333.440656
1773,333.447842
1774,333.452934
1775,333.455793
1776,333.456514
1777,333.455206
1778,333.451932
1779,333.446698
1780,333.439448
1781,333.430071
1782,333.418423
1783,333.404404
1784,333.388234
1785,333.371413
1786,333.354554
1787,333.329284
1788,333.181783
1789,333.123135
1790,333.094359
1791,333.079191
1792,332.914146
1793,332.930568
1794,332.953514
1795,332.980140
1796,333.009895
1797,333.043257
1798,333.081844
1799,333.129657
1800,333.195650
1801,333.295146
1802,333.433274
1803,333.531508
1804,333.586109
1805,333.627103
1806,333.660915
1807,333.688742
1808,333.710932
1809,333.727694
1810,333.739170
1811,333.745425
1812,333.746433
1813,333.742085
1814,333.732191
1815,333.716432
1816,333.693935
1817,333.660666
1818,333.597369
1819,333.467328
1820,333.377030
1821,333.323957
1822,333.291227
1823,333.268793
1824,333.252167
1825,333.239499
1826,333.230013
1827,333.223385
1828,333.219576
1829,333.218962
1830,333.222992
1831,333.236388
1832,333.274314
1833,333.385660
1834,333.423784
1835,333.435551
1836,333.443610
1837,333.450756
1838,333.455865
1839,333.458803
1840,333.459659
1841,333.458534
1842,333.455485
1843,333.450510
1844,333.443553
1845,333.434505
1846,333.423225
1847,333.409614
1848,333.393882
1849,333.377476
1850,333.360956
1851,333.335794
1852,333.189069
1853,333.130775
1854,333.102092
1855,333.086860
1856,332.907387
1857,332.923222
1858,332.945126
1859,332.970221
1860,332.997799
1861,333.027937
1862,333.061232
1863,333.099000
1864,333.143613
1865,333.197787
1866,333.259504
1867,333.312542
1868,333.353461
1869,333.387198
1870,333.415803
1871,333.439840
1872,333.459470
1873,333.474771
1874,333.485798
1875,333.492579
1876,333.495112
1877,333.493367
1878,333.487286
1879,333.476747
1880,333.461355
1881,333.439651
1882,333.407495
1883,333.361713
1884,333.322785
1885,333.294100
1886,333.272939
1887,333.256745
1888,333.244082
1889,333.234253
1890,333.226933
1891,333.221991
1892,333.219481
1893,333.219823
1894,333.224474
1895,333.238146
1896,333.276029
1897,333.387164
1898,333.425217
1899,333.436821
1900,333.444676
1901,333.451662
1902,333.456707
1903,333.459681
1904,333.460660
1905,333.459729
1906,333.456932
1907,333.452262
1908,333.445659
1909,333.437019
1910,333.426210
1911,333.413140
1912,333.398010
1913,333.382203
1914,333.366199
1915,333.341201
1916,333.195679
1917,333.138108
1918,333.109751
1919,333.094557
1920,332.900591
1921,332.915867
1922,332.936796
1923,332.960490
1924,332.986145
1925,333.013625
1926,333.043061
1927,333.074766
1928,333.109176
1929,333.146439
1930,333.185174
1931,333.221419
1932,333.253488
1933,333.281748
1934,333.306475
1935,333.327716
1936,333.345452
1937,333.359666
1938,333.370360
1939,333.377542
1940,333.381223
1941,333.381420
1942,333.378163
1943,333.371488
1944,333.361390
1945,333.347677
1946,333.329909
1947,333.308649
1948,333.288545
1949,333.271429
1950,333.257282
1951,333.245691
1952,333.236338
1953,333.229043
1954,333.223717
1955,333.220347
1956,333.219039
1957,333.220216
1958,333.225276
1959,333.238794
1960,333.275906
1961,333.386626
1962,333.424953
1963,333.436321
1964,333.443829
1965,333.450539
1966,333.455453
1967,333.458430
1968,333.459523
1969,333.458794
1970,333.456269
1971,333.451932
1972,333.445722
1973,333.437540
1974,333.427267
1975,333.414829
1976,333.400433
1977,333.385393
1978,333.370076
1979,333.345101
1980,333.201018
1981,333.145011
1982,333.117457
1983,333.102480
1984,332.893914
1985,332.908672
1986,332.928711
1987,332.951153
1988,332.975143
1989,333.000439
1990,333.026981
1991,333.054747
1992,333.083666
1993,333.113461
1994,333.143377
1995,333.172126
1996,333.198844
1997,333.223191
1998,333.244972
1999,333.264036
2000,333.280274
2001,333.293623
2002,333.304055
2003,333.311566
2004,333.316178
2005,333.317934
2006,333.316909
2007,333.313219
2008,333.307021
2009,333.298510
2010,333.287966
2011,333.276062
2012,333.264220
2013,333.253347
2014,333.243808
2015,333.235724
2016,333.229139
2017,333.224076
2018,333.220559
2019,333.218633
2020,333.218419
2021,333.220282
2022,333.225398
2023,333.237722
2024,333.271275
2025,333.378880
2026,333.422956
2027,333.434513
2028,333.441634
2029,333.448042
2030,333.452813
2031,333.455785
2032,333.456976
2033,333.456424
2034,333.454139
2035,333.450093
2036,333.444226
2037,333.436446
2038,333.426647
2039,333.414778
2040,333.401066
2041,333.386776
2042,333.372070
2043,333.342896
2044,333.202078
2045,333.150846
2046,333.125303
2047,333.110882
2048,332.887490
2049,332.901776
2050,332.921019
2051,332.942363
2052,332.964929
2053,332.988427
2054,333.012724
2055,333.037698
2056,333.063171
2057,333.088852
2058,333.114283
2059,333.138869
2060,333.162096
2061,333.183601
2062,333.203122
2063,333.220466
2064,333.235503
2065,333.248151
2066,333.258372
2067,333.266160
2068,333.271540
2069,333.274569
2070,333.275339
2071,333.273992
2072,333.270725
2073,333.265798
2074,333.259561
2075,333.252502
2076,333.245262
2077,333.238365
2078,333.232156
2079,333.226856
2080,333.222606
2081,333.219503
2082,333.217616
2083,333.217012
2084,333.217794
2085,333.220208
2086,333.224948
2087,333.234053
2088,333.253324
2089,333.297090
2090,333.383368
2091,333.418802
2092,333.426947
2093,333.433342
2094,333.438096
2095,333.441081
2096,333.442312
2097,333.441819
2098,333.439607
2099,333.435647
2100,333.429877
2101,333.422206
2102,333.412532
2103,333.400805
2104,333.387231
2105,333.372569
2106,333.348140
2107,333.247297
2108,333.187438
2109,333.154582
2110,333.133558
2111,333.120153
2112,332.881425
2113,332.895289
2114,332.913832
2115,332.934228
2116,332.955591
2117,332.977609
2118,333.000126
2119,333.022997
2120,333.046042
2121,333.069017
2122,333.091609
2123,333.113457
2124,333.134216
2125,333.153597
2126,333.171367
2127,333.187350
2128,333.201420
2129,333.213500
2130,333.223551
2131,333.231568
2132,333.237579
2133,333.241644
2134,333.243861
2135,333.244368
2136,333.243354
2137,333.241061
2138,333.237785
2139,333.233883
2140,333.229742
2141,333.225716
2142,333.222085
2143,333.219063
2144,333.216806
2145,333.215427
2146,333.215010
2147,333.215624
2148,333.217349
2149,333.220321
2150,333.224861
2151,333.231763
2152,333.242832
2153,333.261109
2154,333.287095
2155,333.303606
2156,333.312444
2157,333.318742
2158,333.323466
2159,333.326742
2160,333.328559
2161,333.328882
2162,333.327661
2163,333.324834
2164,333.320327
2165,333.314057
2166,333.305941
2167,333.295903
2168,333.283842
2169,333.269233
2170,333.248731
2171,333.213438
2172,333.183989
2173,333.161486
2174,333.143619
2175,333.130962
2176,332.875805
2177,332.889298
2178,332.907236
2179,332.926826
2180,332.947181
2181,332.967986
2182,332.989078
2183,333.010315
2184,333.031538
2185,333.052547
2186,333.073113
2187,333.092982
2188,333.111907
2189,333.129664
2190,333.146067
2191,333.160968
2192,333.174262
2193,333.185880
2194,333.195790
2195,333.203990
2196,333.210511
2197,333.215412
2198,333.218787
2199,333.220766
2200,333.221513
2201,333.221236
2202,333.220173
2203,333.218594
2204,333.216775
2205,333.214977
2206,333.213426
2207,333.212307
2208,333.211764
2209,333.211909
2210,333.212827
2211,333.214582
2212,333.217231
2213,333.220843
2214,333.225542
2215,333.231571
2216,333.239374
2217,333.249419
2218,333.261104
2219,333.270888
2220,333.278419
2221,333.284506
2222,333.289398
2223,333.293088
2224,333.295504
2225,333.296563
2226,333.296178
2227,333.294262
2228,333.290728
2229,333.285495
2230,333.278488
2231,333.269643
2232,333.258874
2233,333.245937
2234,333.230051
2235,333.210306
2236,333.190752
2237,333.172595
2238,333.156242
2239,333.143889
2240,332.870694
2241,332.883868
2242,332.901292
2243,332.920206
2244,332.939731
2245,332.959549
2246,332.979501
2247,332.999455
2248,333.019271
2249,333.038789
2250,333.057830
2251,333.076205
2252,333.093726
2253,333.110224
2254,333.125551
2255,333.139591
2256,333.152257
2257,333.163496
2258,333.173282
2259,333.181620
2260,333.188542
2261,333.194107
2262,333.198403
2263,333.201545
2264,333.203679
2265,333.204978
2266,333.205635
2267,333.205862
2268,333.205872
2269,333.205868
2270,333.206035
2271,333.206527
2272,333.207475
2273,333.208980
2274,333.211122
2275,333.213960
2276,333.217537
2277,333.221887
2278,333.227047
2279,333.233061
2280,333.239980
2281,333.247771
2282,333.256054
2283,333.263916
2284,333.270990
2285,333.277238
2286,333.282585
2287,333.286916
2288,333.290102
2289,333.292018
2290,333.292547
2291,333.291576
2292,333.289007
2293,333.284750
2294,333.278735
2295,333.270911
2296,333.261240
2297,333.249670
2298,333.236108
2299,333.220638
2300,333.204262
2301,333.187687
2302,333.171829
2303,333.159423
2304,332.866145
2305,332.879048
2306,332.896044
2307,332.914403
2308,332.933255
2309,332.952282
2310,332.971330
2311,332.990278
2312,333.009002
2313,333.027371
2314,333.045241
2315,333.062465
2316,333.078899
2317,333.094411
2318,333.108886
2319,333.122234
2320,333.134387
2321,333.145306
2322,333.154974
2323,333.163403
2324,333.170627
2325,333.176705
2326,333.181718
2327,333.185774
2328,333.188999
2329,333.191539
2330,333.193556
2331,333.195221
2332,333.196705
2333,333.198174
2334,333.199779
2335,333.201654
2336,333.203911
2337,333.206643
2338,333.209922
2339,333.213804
2340,333.218325
2341,333.223503
2342,333.229344
2343,333.235830
2344,333.242915
2345,333.250493
2346,333.258333
2347,333.266087
2348,333.273488
2349,333.280348
2350,333.286496
2351,333.291756
2352,333.295961
2353,333.298948
2354,333.300568
2355,333.300683
2356,333.299175
2357,333.295944
2358,333.290915
2359,333.284038
2360,333.275295
2361,333.264694
2362,333.252280
2363,333.238201
2364,333.222840
2365,333.206690
2366,333.190769
2367,333.178058
2368,332.862196
2369,332.874876
2370,332.891526
2371,332.909443
2372,332.927763
2373,332.946171
2374,332.964516
2375,332.982685
2376,333.000567
2377,333.018052
2378,333.035019
2379,333.051353
2380,333.066938
2381,333.081672
2382,333.095466
2383,333.108251
2384,333.119975
2385,333.130613
2386,333.140157
2387,333.148626
2388,333.156058
2389,333.162513
2390,333.168070
2391,333.172827
2392,333.176900
2393,333.180415
2394,333.183511
2395,333.186330
2396,333.189017
2397,333.191708
2398,333.194533
2399,333.197605
2400,333.201025
2401,333.204877
2402,333.209229
2403,333.214132
2404,333.219621
2405,333.225711
2406,333.232400
2407,333.239658
2408,333.247425
2409,333.255598
2410,333.264017
2411,333.272475
2412,333.280760
2413,333.288666
2414,333.295988
2415,333.302518
2416,333.308050
2417,333.312386
2418,333.315340
2419,333.316744
2420,333.316456
2421,333.314357
2422,333.310363
2423,333.304416
2424,333.296497
2425,333.286618
2426,333.274835
2427,333.261267
2428,333.246143
2429,333.229890
2430,333.213567
2431,333.200357
2432,332.858878
2433,332.871383
2434,332.887765
2435,332.905347
2436,332.923266
2437,332.941210
2438,332.959028
2439,332.976611
2440,332.993859
2441,333.010672
2442,333.026950
2443,333.042595
2444,333.057517
2445,333.071634
2446,333.084876
2447,333.097192
2448,333.108546
2449,333.118922
2450,333.128324
2451,333.136777
2452,333.144324
2453,333.151029
2454,333.156972
2455,333.162247
2456,333.166961
2457,333.171230
2458,333.175176
2459,333.178923
2460,333.182594
2461,333.186307
2462,333.190173
2463,333.194294
2464,333.198760
2465,333.203649
2466,333.209025
2467,333.214939
2468,333.221428
2469,333.228511
2470,333.236190
2471,333.244439
2472,333.253209
2473,333.262413
2474,333.271928
2475,333.281591
2476,333.291216
2477,333.300596
2478,333.309504
2479,333.317699
2480,333.324934
2481,333.330965
2482,333.335561
2483,333.338517
2484,333.339660
2485,333.338850
2486,333.335984
2487,333.330996
2488,333.323856
2489,333.314567
2490,333.303171
2491,333.289761
2492,333.274519
2493,333.257855
2494,333.240882
2495,333.226997
2496,332.856217
2497,332.868594
2498,332.884787
2499,332.902137
2500,332.919782
2501,332.937407
2502,332.954859
2503,332.972029
2504,332.988820
2505,333.005141
2506,333.020903
2507,333.036023
2508,333.050428
2509,333.064051
2510,333.076838
2511,333.088752
2512,333.099770
2513,333.109885
2514,333.119113
2515,333.127484
2516,333.135050
2517,333.141881
2518,333.148059
2519,333.153683
2520,333.158856
2521,333.163688
2522,333.168291
2523,333.172775
2524,333.177250
2525,333.181820
2526,333.186583
2527,333.191631
2528,333.197048
2529,333.202906
2530,333.209272
2531,333.216197
2532,333.223725
2533,333.231883
2534,333.240683
2535,333.250114
2536,333.260142
2537,333.270702
2538,333.281695
2539,333.292983
2540,333.304390
2541,333.315701
2542,333.326666
2543,333.337002
2544,333.346403
2545,333.354561
2546,333.361189
2547,333.366031
2548,333.368877
2549,333.369561
2550,333.367964
2551,333.364006
2552,333.357649
2553,333.348885
2554,333.337742
2555,333.324296
2556,333.308713
2557,333.291407
2558,333.273559
2559,333.258822
2560,332.854231
2561,332.866530
2562,332.882617
2563,332.899842
2564,332.917343
2565,332.934797
2566,332.952039
2567,332.968957
2568,332.985453
2569,333.001438
2570,333.016831
2571,333.031562
2572,333.045565
2573,333.058790
2574,333.071194
2575,333.082750
2576,333.093445
2577,333.103284
2578,333.112288
2579,333.120499
2580,333.127977
2581,333.134800
2582,333.141064
2583,333.146871
2584,333.152331
2585,333.157552
2586,333.162640
2587,333.167697
2588,333.172822
2589,333.178110
2590,333.183648
2591,333.189523
2592,333.195812
2593,333.202588
2594,333.209919
2595,333.217863
2596,333.226473
2597,333.235788
2598,333.245835
2599,333.256626
2600,333.268149
2601,333.280364
2602,333.293195
2603,333.306525
2604,333.320188
2605,333.333959
2606,333.347553
2607,333.360625
2608,333.372785
2609,333.383629
2610,333.392785
2611,333.399936
2612,333.404828
2613,333.407271
2614,333.407129
2615,333.404314
2616,333.398782
2617,333.390520
2618,333.379547
2619,333.365929
2620,333.349824
2621,333.331662
2622,333.312713
2623,333.296932
2624,332.852936
2625,332.865212
2626,332.881284
2627,332.898508
2628,332.916013
2629,332.933457
2630,332.950659
2631,332.967488
2632,332.983843
2633,332.999637
2634,333.014793
2635,333.029246
2636,333.042945
2637,333.055844
2638,333.067915
2639,333.079136
2640,333.089505
2641,333.099032
2642,333.107747
2643,333.115699
2644,333.122961
2645,333.129624
2646,333.135801
2647,333.141615
2648,333.147188
2649,333.152629
2650,333.158043
2651,333.163525
2652,333.169165
2653,333.175049
2654,333.181258
2655,333.187873
2656,333.194970
2657,333.202622
2658,333.210902
2659,333.219877
2660,333.229612
2661,333.240165
2662,333.251586
2663,333.263912
2664,333.277162
2665,333.291329
2666,333.306371
2667,333.322199
2668,333.338665
2669,333.355540
2670,333.372503
2671,333.389123
2672,333.404863
2673,333.419148
2674,333.431485
2675,333.441486
2676,333.448857
2677,333.453387
2678,333.454934
2679,333.453414
2680,333.448783
2681,333.441029
2682,333.430169
2683,333.416262
2684,333.399467
2685,333.380236
2686,333.359941
2687,333.342897
2688,332.852345
2689,332.864660
2690,332.880831
2691,332.898213
2692,332.915921
2693,332.933576
2694,332.950942
2695,332.967867
2696,332.984243
2697,332.999986
2698,333.015024
2699,333.029302
2700,333.042773
2701,333.055406
2702,333.067175
2703,333.078069
2704,333.088088
2705,333.097248
2706,333.105584
2707,333.113152
2708,333.120030
2709,333.126328
2710,333.132192
2711,333.137792
2712,333.143276
2713,333.148762
2714,333.154345
2715,333.160113
2716,333.166144
2717,333.172517
2718,333.179306
2719,333.186586
2720,333.194434
2721,333.202926
2722,333.212142
2723,333.222161
2724,333.233066
2725,333.244936
2726,333.257852
2727,333.271884
2728,333.287093
2729,333.303520
2730,333.321173
2731,333.340017
2732,333.359951
2733,333.380782
2734,333.402182
2735,333.423606
2736,333.444231
2737,333.463083
2738,333.479504
2739,333.493059
2740,333.503447
2741,333.510466
2742,333.513990
2743,333.513951
2744,333.510324
2745,333.503106
2746,333.492318
2747,333.478018
2748,333.460365
2749,333.439835
2750,333.417921
2751,333.399366
2752,332.852460
2753,332.864899
2754,332.881330
2755,332.899124
2756,332.917386
2757,332.935644
2758,332.953489
2759,332.970742
2760,332.987320
2761,333.003156
2762,333.018192
2763,333.032384
2764,333.045697
2765,333.058105
2766,333.069591
2767,333.080148
2768,333.089777
2769,333.098495
2770,333.106332
2771,333.113339
2772,333.119587
2773,333.125184
2774,333.130345
2775,333.135382
2776,333.140505
2777,333.145823
2778,333.151410
2779,333.157326
2780,333.163634
2781,333.170397
2782,333.177682
2783,333.185561
2784,333.194110
2785,333.203411
2786,333.213551
2787,333.224626
2788,333.236739
2789,333.250000
2790,333.264522
2791,333.280425
2792,333.297824
2793,333.316827
2794,333.337527
2795,333.359991
2796,333.384255
2797,333.410294
2798,333.437934
2799,333.466568
2800,333.494696
2801,333.520067
2802,333.541909
2803,333.559957
2804,333.574038
2805,333.584031
2806,333.589870
2807,333.591535
2808,333.589038
2809,333.582402
2810,333.571657
2811,333.556862
2812,333.538173
2813,333.516094
2814,333.492252
2815,333.471894
2816,332.853278
2817,332.865964
2818,332.882929
2819,332.901647
2820,332.921285
2821,332.941129
2822,332.960052
2823,332.977966
2824,332.994958
2825,333.011042
2826,333.026193
2827,333.040384
2828,333.053594
2829,333.065808
2830,333.077016
2831,333.087210
2832,333.096389
2833,333.104559
2834,333.111735
2835,333.117928
2836,333.123126
2837,333.127313
2838,333.130837
2839,333.134573
2840,333.138860
2841,333.143719
2842,333.149115
2843,333.155039
2844,333.161511
2845,333.168574
2846,333.176281
2847,333.184698
2848,333.193901
2849,333.203978
2850,333.215029
2851,333.227167
2852,333.240519
2853,333.255231
2854,333.271461
2855,333.289384
2856,333.309192
2857,333.331089
2858,333.355304
2859,333.382116
2860,333.411910
2861,333.445255
2862,333.482818
2863,333.524520
2864,333.567135
2865,333.602998
2866,333.632381
2867,333.656198
2868,333.674824
2869,333.688382
2870,333.696942
2871,333.700578
2872,333.699367
2873,333.693374
2874,333.682650
2875,333.667255
2876,333.647340
2877,333.623426
2878,333.597292
2879,333.574780
2880,332.854783
2881,332.867914
2882,332.885944
2883,332.906792
2884,332.930171
2885,332.954855
2886,332.976171
2887,332.995204
2888,333.012849
2889,333.029347
2890,333.044731
2891,333.059003
2892,333.072159
2893,333.084197
2894,333.095111
2895,333.104892
2896,333.113529
2897,333.121005
2898,333.127291
2899,333.132292
2900,333.135669
2901,333.136599
2902,333.135552
2903,333.136018
2904,333.138467
2905,333.142388
2906,333.147346
2907,333.153127
2908,333.159657
2909,333.166934
2910,333.174993
2911,333.183891
2912,333.193703
2913,333.204525
2914,333.216467
2915,333.229666
2916,333.244277
2917,333.260484
2918,333.278500
2919,333.298569
2920,333.320978
2921,333.346069
2922,333.374293
2923,333.406339
2924,333.443447
2925,333.488010
2926,333.544138
2927,333.615917
2928,333.696760
2929,333.751745
2930,333.791911
2931,333.823200
2932,333.847490
2933,333.865391
2934,333.877210
2935,333.883174
2936,333.883464
2937,333.878209
2938,333.867493
2939,333.851375
2940,333.829991
2941,333.803873
2942,333.774967
2943,333.749832
2944,332.856928
2945,332.870825
2946,332.890951
2947,332.916883
2948,332.951399
2949,332.993794
2950,333.019983
2951,333.040381
2952,333.058857
2953,333.075953
2954,333.091716
2955,333.106158
2956,333.119299
2957,333.131151
2958,333.141716
2959,333.150978
2960,333.158904
2961,333.165442
2962,333.170495
2963,333.173791
2964,333.174169
2965,333.166546
2966,333.149921
2967,333.141312
2968,333.139644
2969,333.141793
2970,333.145983
2971,333.151460
2972,333.157946
2973,333.165361
2974,333.173708
2975,333.183033
2976,333.193410
2977,333.204940
2978,333.217749
2979,333.231995
2980,333.247867
2981,333.265592
2982,333.285442
2983,333.307745
2984,333.332902
2985,333.361441
2986,333.394149
2987,333.432461
2988,333.479505
2989,333.542638
2990,333.638145
2991,333.792911
2992,334.007514
2993,334.095359
2994,334.149419
2995,334.190288
2996,334.221954
2997,334.245501
2998,334.261517
2999,334.270450
3000,334.272638
3001,334.268310
3002,334.257595
3003,334.240552
3004,334.217288
3005,334.188328
3006,334.155803
3007,334.127216
3008,332.859586
3009,332.874670
3010,332.898576
3011,332.935966
3012,333.003924
3013,333.121658
3014,333.151332
3015,333.170830
3016,333.190130
3017,333.208155
3018,333.224558
3019,333.239314
3020,333.252470
3021,333.264065
3022,333.274107
3023,333.282568
3024,333.289379
3025,333.294428
3026,333.297565
3027,333.298609
3028,333.296625
3029,333.265859
3030,333.187250
3031,333.153128
3032,333.142714
3033,333.141831
3034,333.144874
3035,333.149896
3036,333.156250
3037,333.163737
3038,333.172316
3039,333.182017
3040,333.192913
3041,333.205110
3042,333.218752
3043,333.234019
3044,333.251133
3045,333.270371
3046,333.292067
3047,333.316640
3048,333.344624
3049,333.376768
3050,333.414316
3051,333.459858
3052,333.519981
3053,333.613205
3054,333.791726
3055,334.185559
3056,334.968755
3057,335.054000
3058,335.117229
3059,335.171057
3060,335.213967
3061,335.246257
3062,335.268755
3063,335.282250
3064,335.287347
3065,335.284439
3066,335.273731
3067,335.255279
3068,335.229127
3069,335.195742
3070,335.157445
3071,335.123110
3072,332.862469
3073,332.878964
3074,332.907967
3075,332.964900
3076,333.118142
3077,333.149593
3078,333.167801
3079,333.186781
3080,333.206171
3081,333.224283
3082,333.240741
3083,333.255524
3084,333.268681
3085,333.280255
3086,333.290254
3087,333.298650
3088,333.305368
3089,333.310293
3090,333.313269
3091,333.314139
3092,333.312886
3093,333.305265
3094,333.265005
3095,333.171458
3096,333.146928
3097,333.142090
3098,333.143782
3099,333.148270
3100,333.154437
3101,333.161945
3102,333.170706
3103,333.180736
3104,333.192103
3105,333.204923
3106,333.219352
3107,333.235596
3108,333.253914
3109,333.274627
3110,333.298137
3111,333.324955
3112,333.355751
3113,333.391508
3114,333.433958
3115,333.487012
3116,333.561631
3117,333.693112
3118,334.005531
3119,334.968616
3120,335.110476
3121,335.169733
3122,335.233315
3123,335.288302
3124,335.332160
3125,335.365171
3126,335.388199
3127,335.402067
3128,335.407400
3129,335.404609
3130,335.393902
3131,335.375336
3132,335.348948
3133,335.315194
3134,335.276392
3135,335.241472
3136,332.865152
3137,332.882526
3138,332.913857
3139,332.975506
3140,333.129657
3141,333.155902
3142,333.174661
3143,333.194317
3144,333.214263
3145,333.232760
3146,333.249452
3147,333.264344
3148,333.277504
3149,333.288984
3150,333.298797
3151,333.306908
3152,333.313234
3153,333.317637
3154,333.319937
3155,333.319977
3156,333.317880
3157,333.310108
3158,333.275002
3159,333.177505
3160,333.148668
3161,333.141709
3162,333.142403
3163,333.146409
3164,333.152375
3165,333.159870
3166,333.168773
3167,333.179084
3168,333.190874
3169,333.204263
3170,333.219424
3171,333.236587
3172,333.256043
3173,333.278162
3174,333.303409
3175,333.332381
3176,333.365876
3177,333.405077
3178,333.452091
3179,333.511657
3180,333.596763
3181,333.747377
3182,334.092714
3183,335.053382
3184,335.169265
3185,335.234601
3186,335.304492
3187,335.364642
3188,335.412488
3189,335.448508
3190,335.473753
3191,335.489184
3192,335.495520
3193,335.493228
3194,335.482540
3195,335.463512
3196,335.436154
3197,335.400883
3198,335.360039
3199,335.322956
3200,332.867470
3201,332.885352
3202,332.917766
3203,332.981034
3204,333.136054
3205,333.162250
3206,333.181669
3207,333.202016
3208,333.222553
3209,333.241471
3210,333.258422
3211,333.273427
3212,333.286575
3213,333.297928
3214,333.307501
3215,333.315257
3216,333.321100
3217,333.324876
3218,333.326393
3219,333.325513
3220,333.322523
3221,333.314126
3222,333.278904
3223,333.179460
3224,333.148771
3225,333.140604
3226,333.140579
3227,333.144178
3228,333.149946
3229,333.157406
3230,333.166414
3231,333.176963
3232,333.189122
3233,333.203022
3234,333.218848
3235,333.236854
3236,333.257362
3237,333.280786
3238,333.307649
3239,333.338625
3240,333.374620
3241,333.416974
3242,333.468045
3243,333.533007
3244,333.625634
3245,333.787019
3246,334.146256
3247,335.116125
3248,335.232363
3249,335.304006
3250,335.380733
3251,335.446740
3252,335.499253
3253,335.538865
3254,335.566790
3255,335.584129
3256,335.591700
3257,335.590031
3258,335.579387
3259,335.559819
3260,335.531314
3261,335.494266
3262,335.451090
3263,335.411668
3264,332.869364
3265,332.887563
3266,332.920596
3267,332.984787
3268,333.141064
3269,333.167431
3270,333.187357
3271,333.208244
3272,333.229257
3273,333.248522
3274,333.265679
3275,333.280764
3276,333.293874
3277,333.305080
3278,333.314401
3279,333.321797
3280,333.327165
3281,333.330342
3282,333.331135
3283,333.329439
3284,333.325693
3285,333.316739
3286,333.281062
3287,333.179732
3288,333.147811
3289,333.138805
3290,333.138222
3291,333.141468
3292,333.147048
3293,333.154456
3294,333.163537
3295,333.174279
3296,333.186753
3297,333.201097
3298,333.217511
3299,333.236268
3300,333.257721
3301,333.282320
3302,333.310640
3303,333.343421
3304,333.381655
3305,333.426799
3306,333.481372
3307,333.550782
3308,333.649142
3309,333.817969
3310,334.186765
3311,335.169578
3312,335.286973
3313,335.363774
3314,335.446355
3315,335.517584
3316,335.574386
3317,335.617374
3318,335.647861
3319,335.667046
3320,335.675828
3321,335.674787
3322,335.664211
3323,335.644156
3324,335.614592
3325,335.575912
3326,335.530631
3327,335.489158
3328,332.870800
3329,332.889208
3330,332.922639
3331,332.987450
3332,333.144745
3333,333.171243
3334,333.191517
3335,333.212780
3336,333.234130
3337,333.253635
3338,333.270925
3339,333.286038
3340,333.299078
3341,333.310122
3342,333.319190
3343,333.326241
3344,333.331170
3345,333.333811
3346,333.333979
3347,333.331603
3348,333.327246
3349,333.317850
3350,333.281778
3351,333.178840
3352,333.145961
3353,333.136300
3354,333.135257
3355,333.138196
3356,333.143595
3357,333.150937
3358,333.160060
3359,333.170949
3360,333.183679
3361,333.198394
3362,333.215308
3363,333.234712
3364,333.256983
3365,333.282605
3366,333.312194
3367,333.346544
3368,333.386714
3369,333.434244
3370,333.491758
3371,333.564798
3372,333.667650
3373,333.842098
3374,334.218233
3375,335.212250
3376,335.330590
3377,335.411370
3378,335.498611
3379,335.574126
3380,335.634543
3381,335.680439
3382,335.713172
3383,335.734001
3384,335.743880
3385,335.743425
3386,335.732947
3387,335.712503
3388,335.682058
3389,335.642015
3390,335.594993
3391,335.551848
3392,332.871762
3393,332.890303
3394,332.923990
3395,332.989203
3396,333.147182
3397,333.173766
3398,333.194259
3399,333.215756
3400,333.237310
3401,333.256949
3402,333.274293
3403,333.289380
3404,333.302316
3405,333.313180
3406,333.321996
3407,333.328722
3408,333.333253
3409,333.335426
3410,333.335062
3411,333.332125
3412,333.327278
3413,333.317533
3414,333.281146
3415,333.176903
3416,333.143254
3417,333.133059
3418,333.131627
3419,333.134292
3420,333.139517
3421,333.146778
3422,333.155910
3423,333.166899
3424,333.179822
3425,333.194830
3426,333.212148
3427,333.232082
3428,333.255031
3429,333.281504
3430,333.312153
3431,333.347811
3432,333.389588
3433,333.439082
3434,333.498984
3435,333.574916
3436,333.681267
3437,333.860003
3438,334.241735
3439,335.244438
3440,335.363495
3441,335.447274
3442,335.538096
3443,335.616979
3444,335.680301
3445,335.728580
3446,335.763185
3447,335.785410
3448,335.796239
3449,335.796316
3450,335.785963
3451,335.765243
3452,335.734122
3453,335.693015
3454,335.644635
3455,335.600196
3456,332.872246
3457,332.890863
3458,332.924693
3459,332.990136
3460,333.148502
3461,333.175133
3462,333.195739
3463,333.217352
3464,333.238995
3465,333.258672
3466,333.275995
3467,333.291000
3468,333.303796
3469,333.314464
3470,333.323027
3471,333.329447
3472,333.333617
3473,333.335380
3474,333.334565
3475,333.331165
3476,333.325920
3477,333.315897
3478,333.279258
3479,333.173964
3480,333.139689
3481,333.129050
3482,333.127285
3483,333.129701
3484,333.134755
3485,333.141921
3486,333.151029
3487,333.162067
3488,333.175115
3489,333.190332
3490,333.207951
3491,333.228290
3492,333.251764
3493,333.278905
3494,333.310388
3495,333.347077
3496,333.390119
3497,333.441151
3498,333.502907
3499,333.581055
3500,333.690047
3501,333.871977
3502,334.257847
3503,335.266965
3504,335.386547
3505,335.472529
3506,335.566017
3507,335.647451
3508,335.713012
3509,335.763160
3510,335.799261
3511,335.822622
3512,335.834247
3513,335.834793
3514,335.824594
3515,335.803714
3516,335.772122
3517,335.730250
3518,335.680882
3519,335.635500
3520,332.872266
3521,332.890908
3522,332.924790
3523,332.990317
3524,333.148818
3525,333.175465
3526,333.196100
3527,333.217728
3528,333.239359
3529,333.258986
3530,333.276217
3531,333.291088
3532,333.303708
3533,333.314160
3534,333.322468
3535,333.328595
3536,333.332437
3537,333.333839
3538,333.332641
3539,333.328855
3540,333.323284
3541,333.313038
3542,333.276195
3543,333.170051
3544,333.135263
3545,333.124252
3546,333.122195
3547,333.124383
3548,333.129267
3549,333.136317
3550,333.145366
3551,333.156401
3552,333.169506
3553,333.184843
3554,333.202653
3555,333.223264
3556,333.247103
3557,333.274717
3558,333.306798
3559,333.344236
3560,333.388196
3561,333.440345
3562,333.503440
3563,333.583180
3564,333.694051
3565,333.878234
3566,334.267006
3567,335.280609
3568,335.400558
3569,335.488087
3570,335.583466
3571,335.666733
3572,335.733929
3573,335.785467
3574,335.822702
3575,335.846946
3576,335.859211
3577,335.860164
3578,335.850144
3579,335.829218
3580,335.797357
3581,335.755006
3582,335.704998
3583,335.658997
3584,332.871844
3585,332.890468
3586,332.924321
3587,332.989804
3588,333.148224
3589,333.174859
3590,333.195449
3591,333.217005
3592,333.238532
3593,333.258028
3594,333.275100
3595,333.289785
3596,333.302194
3597,333.312409
3598,333.320458
3599,333.326303
3600,333.329843
3601,333.330926
3602,333.329398
3603,333.325290
3604,333.319452
3605,333.309023
3606,333.272016
3607,333.165184
3608,333.129974
3609,333.118648
3610,333.116334
3611,333.118309
3612,333.123019
3613,333.129933
3614,333.138884
3615,333.149861
3616,333.162950
3617,333.178315
3618,333.196203
3619,333.216949
3620,333.240986
3621,333.268872
3622,333.301313
3623,333.339209
3624,333.383743
3625,333.436593
3626,333.500536
3627,333.581283
3628,333.693340
3629,333.878941
3630,334.269539
3631,335.285966
3632,335.406146
3633,335.494659
3634,335.591253
3635,335.675716
3636,335.743997
3637,335.796478
3638,335.834504
3639,335.859387
3640,335.872143
3641,335.873442
3642,335.863625
3643,335.842762
3644,335.810827
3645,335.768269
3646,335.717952
3647,335.671634
3648,332.871014
3649,332.889577
3650,332.923327
3651,332.988650
3652,333.146787
3653,333.173384
3654,333.193861
3655,333.215262
3656,333.236600
3657,333.255887
3658,333.272736
3659,333.287184
3660,333.299345
3661,333.309303
3662,333.317086
3663,333.322657
3664,333.325918
3665,333.326718
3666,333.324907
3667,333.320530
3668,333.314474
3669,333.303899
3670,333.266760
3671,333.159374
3672,333.123820
3673,333.112227
3674,333.109685
3675,333.111458
3676,333.115988
3677,333.122745
3678,333.131559
3679,333.142422
3680,333.155419
3681,333.170719
3682,333.188568
3683,333.209306
3684,333.233372
3685,333.261327
3686,333.293883
3687,333.331948
3688,333.376711
3689,333.429858
3690,333.494171
3691,333.575367
3692,333.687963
3693,333.874217
3694,334.265664
3695,335.283421
3696,335.403711
3697,335.492703
3698,335.589901
3699,335.674973
3700,335.743828
3701,335.796832
3702,335.835322
3703,335.860609
3704,335.873709
3705,335.875294
3706,335.865705
3707,335.845013
3708,335.813191
3709,335.770690
3710,335.720378
3711,335.674034
3712,332.869818
3713,332.888279
3714,332.921850
3715,332.986895
3716,333.144549
3717,333.171084
3718,333.191381
3719,333.212546
3720,333.233611
3721,333.252613
3722,333.269173
3723,333.283334
3724,333.295211
3725,333.304889
3726,333.312397
3727,333.317702
3728,333.320703
3729,333.321251
3730,333.319202
3731,333.314606
3732,333.308376
3733,333.297686
3734,333.260445
3735,333.152630
3736,333.116802
3737,333.104987
3738,333.102243
3739,333.103823
3740,333.108167
3741,333.114742
3742,333.123380
3743,333.134071
3744,333.146901
3745,333.162039
3746,333.179733
3747,333.200320
3748,333.224242
3749,333.252060
3750,333.284488
3751,333.322432
3752,333.367083
3753,333.420125
3754,333.484341
3755,333.565446
3756,333.677956
3757,333.864128
3758,334.255497
3759,335.273169
3760,335.393454
3761,335.482445
3762,335.579663
3763,335.664787
3764,335.733726
3765,335.786845
3766,335.825482
3767,335.850945
3768,335.864247
3769,335.866060
3770,335.856723
3771,335.836308
3772,335.804783
3773,335.762597
3774,335.712600
3775,335.666510
3776,332.868311
3777,332.886627
3778,332.919937
3779,332.984579
3780,333.141539
3781,333.167985
3782,333.188030
3783,333.208875
3784,333.229580
3785,333.248217
3786,333.264423
3787,333.278246
3788,333.289801
3789,333.299177
3790,333.306403
3791,333.311446
3792,333.314206
3793,333.314537
3794,333.312291
3795,333.307525
3796,333.301167
3797,333.290395
3798,333.253081
3799,333.144962
3800,333.108931
3801,333.096939
3802,333.094018
3803,333.095415
3804,333.099565
3805,333.105936
3806,333.114358
3807,333.124820
3808,333.137409
3809,333.152289
3810,333.169710
3811,333.190004
3812,333.213611
3813,333.241089
3814,333.273145
3815,333.310682
3816,333.354881
3817,333.407423
3818,333.471078
3819,333.551556
3820,333.663360
3821,333.848723
3822,334.239088
3823,335.255257
3824,335.375421
3825,335.463930
3826,335.560587
3827,335.645205
3828,335.713741
3829,335.766575
3830,335.805046
3831,335.830459
3832,335.843823
3833,335.845807
3834,335.836747
3835,335.816712
3836,335.785669
3837,335.744054
3838,335.694678
3839,335.649123
3840,332.866571
3841,332.884691
3842,332.917649
3843,332.981748
3844,333.137779
3845,333.164107
3846,333.183823
3847,333.204257
3848,333.224510
3849,333.242703
3850,333.258488
3851,333.271920
3852,333.283118
3853,333.292170
3854,333.299107
3855,333.303895
3856,333.306436
3857,333.306582
3858,333.304187
3859,333.299305
3860,333.292868
3861,333.282050
3862,333.244696
3863,333.136408
3864,333.100252
3865,333.088132
3866,333.085064
3867,333.086289
3868,333.090241
3869,333.096387
3870,333.104555
3871,333.114735
3872,333.127009
3873,333.141541
3874,333.158574
3875,333.178439
3876,333.201565
3877,333.228505
3878,333.259954
3879,333.296804
3880,333.340223
3881,333.391875
3882,333.454515
3883,333.533833
3884,333.644310
3885,333.828120
3886,334.216529
3887,335.229720
3888,335.349641
3889,335.437160
3890,335.532648
3891,335.616190
3892,335.683831
3893,335.735979
3894,335.773974
3895,335.799115
3896,335.812405
3897,335.814503
3898,335.805743
3899,335.786191
3900,335.755810
3901,335.715021
3902,335.666573
3903,335.621839
3904,332.864717
3905,332.882585
3906,332.915088
3907,332.978495
3908,333.133345
3909,333.159521
3910,333.178823
3911,333.198752
3912,333.218461
3913,333.236131
3914,333.251435
3915,333.264431
3916,333.275241
3917,333.283952
3918,333.290597
3919,333.295142
3920,333.297489
3921,333.297490
3922,333.294997
3923,333.290061
3924,333.283603
3925,333.272782
3926,333.235428
3927,333.127127
3928,333.090933
3929,333.078739
3930,333.075558
3931,333.076627
3932,333.080382
3933,333.086286
3934,333.094171
3935,333.104021
3936,333.115918
3937,333.130022
3938,333.146568
3939,333.165881
3940,333.188380
3941,333.214604
3942,333.245236
3943,333.281146
3944,333.323485
3945,333.373891
3946,333.435092
3947,333.512749
3948,333.621300
3949,333.802829
3950,334.188325
3951,335.197006
3952,335.316551
3953,335.402533
3954,335.496225
3955,335.578117
3956,335.644383
3957,335.695459
3958,335.732684
3959,335.757345
3960,335.770429
3961,335.772587
3962,335.764147
3963,335.745170
3964,335.715617
3965,335.675893
3966,335.628671
3967,335.585039
3968,332.862958
3969,332.880516
3970,332.912474
3971,332.975069
3972,333.128533
3973,333.154524
3974,333.173333
3975,333.192679
3976,333.211780
3977,333.228879
3978,333.243667
3979,333.256207
3980,333.266620
3981,333.274994
3982,333.281359
3983,333.285682
3984,333.287869
3985,333.287770
3986,333.285238
3987,333.280316
3988,333.273903
3989,333.263130
3990,333.225820
3991,333.117674
3992,333.081531
3993,333.069321
3994,333.066065
3995,333.067004
3996,333.070572
3997,333.076237
3998,333.083826
3999,333.093326
4000,333.104813
4001,333.118443
4002,333.134444
4003,333.153130
4004,333.174910
4005,333.200307
4006,333.229984
4007,333.264791
4008,333.305849
4009,333.354766
4010,333.414233
4011,333.489868
4012,333.596050
4013,333.774741
4014,334.156557
4015,335.159390
4016,335.278425
4017,335.362347
4018,335.453688
4019,335.533461
4020,335.597974
4021,335.647686
4022,335.683921
4023,335.707942
4024,335.720719
4025,335.722888
4026,335.714768
4027,335.696420
4028,335.667804
4029,335.629309
4030,335.583532
4031,335.541235
4032,332.861689
4033,332.878932
4034,332.910369
4035,332.972218
4036,333.124402
4037,333.150200
4038,333.168524
4039,333.187327
4040,333.205881
4041,333.222481
4042,333.236827
4043,333.248984
4044,333.259069
4045,333.267170
4046,333.273316
4047,333.277475
4048,333.279553
4049,333.279405
4050,333.276883
4051,333.272026
4052,333.265711
4053,333.255032
4054,333.217805
4055,333.109910
4056,333.073872
4057,333.061690
4058,333.058401
4059,333.059249
4060,333.062675
4061,333.068146
4062,333.075492
4063,333.084695
4064,333.095832
4065,333.109050
4066,333.124575
4067,333.142710
4068,333.163854
4069,333.188514
4070,333.217338
4071,333.251152
4072,333.291052
4073,333.338615
4074,333.396494
4075,333.470263
4076,333.574237
4077,333.750261
4078,334.128582
4079,335.125613
4080,335.244059
4081,335.325804
4082,335.414793
4083,335.492503
4084,335.555339
4085,335.603752
4086,335.639041
4087,335.662445
4088,335.674910
4089,335.677057
4090,335.669200
4091,335.651396
4092,335.623609
4093,335.586225
4094,335.541789
4095,335.500783
4096,332.722658
4097,332.733970
4098,332.745752
4099,332.757972
4100,332.770581
4101,332.783516
4102,332.796688
4103,332.809986
4104,332.823270
4105,332.836382
4106,332.849142
4107,332.861361
4108,332.872850
4109,332.883431
4110,332.892940
4111,332.901240
4112,332.908223
4113,332.913807
4114,332.917943
4115,332.920610
4116,332.921816
4117,332.921600
4118,332.920030
4119,332.917201
4120,332.913241
4121,332.908298
4122,332.902544
4123,332.896161
4124,332.889334
4125,332.882238
4126,332.875034
4127,332.867857
4128,332.860819
4129,332.854005
4130,332.847473
4131,332.841263
4132,332.835393
4133,332.829871
4134,332.824690
4135,332.819836
4136,332.815289
4137,332.811026
4138,332.807021
4139,332.803248
4140,332.799682
4141,332.796299
4142,332.793078
4143,332.789999
4144,332.787049
4145,332.784217
4146,332.781496
4147,332.778885
4148,332.776387
4149,332.774012
4150,332.771775
4151,332.769698
4152,332.767809
4153,332.766145
4154,332.764754
4155,332.763698
4156,332.763054
4157,332.762929
4158,332.763474
4159,332.764925
4160,332.735010
4161,332.747033
4162,332.759571
4163,332.772598
4164,332.786072
4165,332.799925
4166,332.814066
4167,332.828375
4168,332.842702
4169,332.856869
4170,332.870676
4171,332.883908
4172,332.896352
4173,332.907805
4174,332.918087
4175,332.927046
4176,332.934562
4177,332.940548
4178,332.944951
4179,332.947748
4180,332.948948
4181,332.948593
4182,332.946756
4183,332.943542
4184,332.939089
4185,332.933565
4186,332.927163
4187,332.920088
4188,332.912550
4189,332.904747
4190,332.896858
4191,332.889033
4192,332.881390
4193,332.874019
4194,332.866980
4195,332.860311
4196,332.854029
4197,332.848135
4198,332.842619
4199,332.837465
4200,332.832647
4201,332.828137
4202,332.823907
4203,332.819927
4204,332.816168
4205,332.812603
4206,332.809209
4207,332.805964
4208,332.802852
4209,332.799860
4210,332.796983
4211,332.794217
4212,332.791565
4213,332.789037
4214,332.786649
4215,332.784422
4216,332.782385
4217,332.780576
4218,332.779044
4219,332.777846
4220,332.777059
4221,332.776776
4222,332.777117
4223,332.778232
4224,332.747705
4225,332.760502
4226,332.773893
4227,332.787863
4228,332.802372
4229,332.817358
4230,332.832726
4231,332.848348
4232,332.864055
4233,332.879643
4234,332.894876
4235,332.909497
4236,332.923251
4237,332.935896
4238,332.947223
4239,332.957057
4240,332.965265
4241,332.971753
4242,332.976462
4243,332.979369
4244,332.980484
4245,332.979851
4246,332.977548
4247,332.973694
4248,332.968445
4249,332.961996
4250,332.954574
4251,332.946428
4252,332.937807
4253,332.928949
4254,332.920061
4255,332.911313
4256,332.902835
4257,332.894717
4258,332.887019
4259,332.879772
4260,332.872986
4261,332.866655
4262,332.860760
4263,332.855275
4264,332.850168
4265,332.845405
4266,332.840950
4267,332.836767
4268,332.832822
4269,332.829084
4270,332.825524
4271,332.822118
4272,332.818847
4273,332.815697
4274,332.812658
4275,332.809727
4276,332.806906
4277,332.804204
4278,332.801636
4279,332.799223
4280,332.796996
4281,332.794990
4282,332.793251
4283,332.791835
4284,332.790807
4285,332.790244
4286,332.790235
4287,332.790866
4288,332.760741
4289,332.774372
4290,332.788716
4291,332.803767
4292,332.819498
4293,332.835851
4294,332.852735
4295,332.870012
4296,332.887493
4297,332.904934
4298,332.922044
4299,332.938503
4300,332.953987
4301,332.968199
4302,332.980885
4303,332.991843
4304,333.000924
4305,333.008026
4306,333.013086
4307,333.016081
4308,333.017021
4309,333.015951
4310,333.012958
4311,333.008170
4312,333.001770
4313,332.993988
4314,332.985105
4315,332.975434
4316,332.965290
4317,332.954970
4318,332.944724
4319,332.934746
4320,332.925176
4321,332.916107
4322,332.907588
4323,332.899640
4324,332.892258
4325,332.885423
4326,332.879104
4327,332.873262
4328,332.867853
4329,332.862833
4330,332.858157
4331,332.853779
4332,332.849660
4333,332.845760
4334,332.842045
4335,332.838488
4336,332.835063
4337,332.831755
4338,332.828551
4339,332.825446
4340,332.822440
4341,332.819542
4342,332.816765
4343,332.814132
4344,332.811669
4345,332.809414
4346,332.807408
4347,332.805703
4348,332.804354
4349,332.803424
4350,332.802975
4351,332.803063
4352,332.774093
4353,332.788615
4354,332.804010
4355,332.820289
4356,332.837441
4357,332.855423
4358,332.874151
4359,332.893483
4360,332.913208
4361,332.933030
4362,332.952579
4363,332.971434
4364,332.989170
4365,333.005403
4366,333.019823
4367,333.032195
4368,333.042356
4369,333.050198
4370,333.055659
4371,333.058717
4372,333.059380
4373,333.057694
4374,333.053748
4375,333.047681
4376,333.039699
4377,333.030085
4378,333.019192
4379,333.007431
4380,332.995223
4381,332.982950
4382,332.970921
4383,332.959361
4384,332.948418
4385,332.938175
4386,332.928666
4387,332.919889
4388,332.911821
4389,332.904421
4390,332.897638
4391,332.891417
4392,332.885699
4393,332.880425
4394,332.875538
4395,332.870981
4396,332.866704
4397,332.862660
4398,332.858806
4399,332.855110
4400,332.851541
4401,332.848078
4402,332.844706
4403,332.841418
4404,332.838212
4405,332.835096
4406,332.832082
4407,332.829190
4408,332.826449
4409,332.823893
4410,332.821563
4411,332.819505
4412,332.817769
4413,332.816405
4414,332.815461
4415,332.814977
4416,332.787708
4417,332.803176
4418,332.819723
4419,332.837381
4420,332.856165
4421,332.876060
4422,332.897005
4423,332.918866
4424,332.941410
4425,332.964281
4426,332.986993
4427,333.008968
4428,333.029616
4429,333.048434
4430,333.065038
4431,333.079164
4432,333.090640
4433,333.099365
4434,333.105284
4435,333.108376
4436,333.108649
4437,333.106144
4438,333.100940
4439,333.093180
4440,333.083092
4441,333.071012
4442,333.057401
4443,333.042820
4444,333.027857
4445,333.013024
4446,332.998708
4447,332.985165
4448,332.972536
4449,332.960883
4450,332.950208
4451,332.940478
4452,332.931638
4453,332.923617
4454,332.916339
4455,332.909727
4456,332.903702
4457,332.898187
4458,332.893109
4459,332.888397
4460,332.883988
4461,332.879824
4462,332.875854
4463,332.872036
4464,332.868335
4465,332.864725
4466,332.861185
4467,332.857707
4468,332.854287
4469,332.850930
4470,332.847647
4471,332.844461
4472,332.841396
4473,332.838489
4474,332.835779
4475,332.833309
4476,332.831127
4477,332.829276
4478,332.827798
4479,332.826721
4480,332.801509
4481,332.817974
4482,332.835767
4483,332.854954
4484,332.875590
4485,332.897706
4486,332.921285
4487,332.946228
4488,332.972302
4489,332.999085
4490,333.025926
4491,333.051988
4492,333.076414
4493,333.098521
4494,333.117849
4495,333.134118
4496,333.147173
4497,333.156937
4498,333.163373
4499,333.166469
4500,333.166230
4501,333.162678
4502,333.155870
4503,333.145930
4504,333.133085
4505,333.117727
4506,333.100457
4507,333.082076
4508,333.063453
4509,333.045300
4510,333.028098
4511,333.012114
4512,332.997462
4513,332.984155
4514,332.972143
4515,332.961343
4516,332.951653
4517,332.942968
4518,332.935177
4519,332.928174
4520,332.921858
4521,332.916128
4522,332.910891
4523,332.906061
4524,332.901557
4525,332.897309
4526,332.893254
4527,332.889340
4528,332.885525
4529,332.881777
4530,332.878073
4531,332.874399
4532,332.870749
4533,332.867128
4534,332.863546
4535,332.860024
4536,332.856589
4537,332.853277
4538,332.850129
4539,332.847190
4540,332.844507
4541,332.842122
4542,332.840073
4543,332.838386
4544,332.815391
4545,332.832894
4546,332.852020
4547,332.872878
4548,332.895579
4549,332.920229
4550,332.946894
4551,332.975555
4552,333.006028
4553,333.037851
4554,333.070156
4555,333.101655
4556,333.131001
4557,333.157272
4558,333.179953
4559,333.198798
4560,333.213713
4561,333.224676
4562,333.231691
4563,333.234761
4564,333.233882
4565,333.229045
4566,333.220255
4567,333.207574
4568,333.191184
4569,333.171494
4570,333.149270
4571,333.125717
4572,333.102225
4573,333.079803
4574,333.059013
4575,333.040091
4576,333.023070
4577,333.007871
4578,332.994363
4579,332.982391
4580,332.971794
4581,332.962418
4582,332.954112
4583,332.946737
4584,332.940162
4585,332.934260
4586,332.928916
4587,332.924020
4588,332.919474
4589,332.915189
4590,332.911090
4591,332.907114
4592,332.903211
4593,332.899342
4594,332.895479
4595,332.891605
4596,332.887712
4597,332.883802
4598,332.879886
4599,332.875984
4600,332.872126
4601,332.868351
4602,332.864703
4603,332.861233
4604,332.857990
4605,332.855022
4606,332.852367
4607,332.850052
4608,332.829223
4609,332.847794
4610,332.868321
4611,332.890967
4612,332.915924
4613,332.943401
4614,332.973600
4615,333.006663
4616,333.042562
4617,333.080901
4618,333.120579
4619,333.159489
4620,333.195277
4621,333.226761
4622,333.253485
4623,333.275349
4624,333.292398
4625,333.304714
4626,333.312365
4627,333.315380
4628,333.313742
4629,333.307388
4630,333.296234
4631,333.280213
4632,333.259359
4633,333.233982
4634,333.204970
4635,333.174227
4636,333.144232
4637,333.116385
4638,333.091236
4639,333.068871
4640,333.049153
4641,333.031855
4642,333.016722
4643,333.003504
4644,332.991967
4645,332.981897
4646,332.973097
4647,332.965391
4648,332.958611
4649,332.952604
4650,332.947225
4651,332.942339
4652,332.937821
4653,332.933565
4654,332.929478
4655,332.925484
4656,332.921526
4657,332.917556
4658,332.913544
4659,332.909467
4660,332.905317
4661,332.901092
4662,332.896803
4663,332.892472
4664,332.888130
4665,332.883823
4666,332.879603
4667,332.875529
4668,332.871661
4669,332.868053
4670,332.864752
4671,332.861787
4672,332.842850
4673,332.862501
4674,332.884469
4675,332.908984
4676,332.936334
4677,332.966869
4678,333.000985
4679,333.039092
4680,333.081508
4681,333.128195
4682,333.178071
4683,333.227507
4684,333.271697
4685,333.309531
4686,333.340960
4687,333.366233
4688,333.385643
4689,333.399434
4690,333.407766
4691,333.410704
4692,333.408211
4693,333.400153
4694,333.386305
4695,333.366382
4696,333.340106
4697,333.307395
4698,333.268904
4699,333.227780
4700,333.189134
4701,333.154583
4702,333.124331
4703,333.098087
4704,333.075416
4705,333.055869
4706,333.039032
4707,333.024536
4708,333.012059
4709,333.001322
4710,332.992077
4711,332.984105
4712,332.977205
4713,332.971188
4714,332.965876
4715,332.961100
4716,332.956708
4717,332.952566
4718,332.948563
4719,332.944610
4720,332.940639
4721,332.936597
4722,332.932448
4723,332.928169
4724,332.923746
4725,332.919176
4726,332.914471
4727,332.909651
4728,332.904754
4729,332.899832
4730,332.894949
4731,332.890182
4732,332.885605
4733,332.881290
4734,332.877292
4735,332.873648
4736,332.856096
4737,332.876818
4738,332.900232
4739,332.926640
4740,332.956442
4741,332.990149
4742,333.028401
4743,333.071975
4744,333.121767
4745,333.178652
4746,333.242857
4747,333.308366
4748,333.363098
4749,333.408208
4750,333.444790
4751,333.473706
4752,333.495604
4753,333.510935
4754,333.519972
4755,333.522821
4756,333.519424
4757,333.509557
4758,333.492820
4759,333.468629
4760,333.436191
4761,333.394497
4762,333.342423
4763,333.285437
4764,333.235771
4765,333.193454
4766,333.157593
4767,333.127219
4768,333.101471
4769,333.079622
4770,333.061070
4771,333.045314
4772,333.031939
4773,333.020595
4774,333.010985
4775,333.002847
4776,332.995944
4777,332.990048
4778,332.984943
4779,332.980418
4780,332.976281
4781,332.972366
4782,332.968539
4783,332.964698
4784,332.960766
4785,332.956686
4786,332.952419
4787,332.947938
4788,332.943226
4789,332.938280
4790,332.933107
4791,332.927729
4792,332.922187
4793,332.916543
4794,332.910882
4795,332.905303
4796,332.899912
4797,332.894802
4798,332.890044
4799,332.885683
4800,332.868778
4801,332.890535
4802,332.915357
4803,332.943619
4804,332.975830
4805,333.012667
4806,333.055013
4807,333.104028
4808,333.161234
4809,333.228646
4810,333.308921
4811,333.392959
4812,333.458597
4813,333.510970
4814,333.552636
4815,333.585132
4816,333.609469
4817,333.626309
4818,333.636037
4819,333.638802
4820,333.634522
4821,333.622884
4822,333.603314
4823,333.574919
4824,333.536352
4825,333.485477
4826,333.418335
4827,333.342824
4828,333.281658
4829,333.231520
4830,333.190082
4831,333.155632
4832,333.126869
4833,333.102785
4834,333.082589
4835,333.065650
4836,333.051461
4837,333.039609
4838,333.029747
4839,333.021577
4840,333.014827
4841,333.009231
4842,333.004525
4843,333.000441
4844,332.996731
4845,332.993187
4846,332.989652
4847,332.986011
4848,332.982180
4849,332.978103
4850,332.973738
4851,332.969058
4852,332.964043
4853,332.958684
4854,332.952984
4855,332.946964
4856,332.940666
4857,332.934164
4858,332.927567
4859,332.921018
4860,332.914668
4861,332.908647
4862,332.903048
4863,332.897926
4864,332.880709
4865,332.903442
4866,332.929592
4867,332.959601
4868,332.994075
4869,333.033835
4870,333.079965
4871,333.133906
4872,333.197556
4873,333.273369
4874,333.364186
4875,333.459128
4876,333.533185
4877,333.591764
4878,333.637956
4879,333.673700
4880,333.700276
4881,333.718510
4882,333.728886
4883,333.731585
4884,333.726509
4885,333.713269
4886,333.691148
4887,333.659021
4888,333.615192
4889,333.557035
4890,333.480192
4891,333.393880
4892,333.323984
4893,333.267226
4894,333.220834
4895,333.182681
4896,333.151154
4897,333.125022
4898,333.103333
4899,333.085346
4900,333.070472
4901,333.058243
4902,333.048275
4903,333.040243
4904,333.033848
4905,333.028791
4906,333.024747
4907,333.021365
4908,333.018312
4909,333.015325
4910,333.012222
4911,333.008881
4912,333.005224
4913,333.001195
4914,332.996758
4915,332.991883
4916,332.986548
4917,332.980738
4918,332.974448
4919,332.967686
4920,332.960493
4921,332.952951
4922,332.945204
4923,332.937460
4924,332.929952
4925,332.922868
4926,332.916326
4927,332.910387
4928,332.891712
4929,332.915339
4930,332.942700
4931,332.974290
4932,333.010798
4933,333.053152
4934,333.102579
4935,333.160688
4936,333.229553
4937,333.311718
4938,333.409810
4939,333.512013
4940,333.592275
4941,333.655798
4942,333.705776
4943,333.744321
4944,333.772864
4945,333.792344
4946,333.803310
4947,333.805973
4948,333.800220
4949,333.785608
4950,333.761322
4951,333.726100
4952,333.678076
4953,333.614493
4954,333.531070
4955,333.437701
4956,333.361496
4957,333.299566
4958,333.249104
4959,333.207817
4960,333.173916
4961,333.146020
4962,333.123060
4963,333.104206
4964,333.088810
4965,333.076364
4966,333.066463
4967,333.058771
4968,333.052982
4969,333.048776
4970,333.045764
4971,333.043456
4972,333.041367
4973,333.039166
4974,333.036657
4975,333.033729
4976,333.030320
4977,333.026389
4978,333.021905
4979,333.016842
4980,333.011175
4981,333.004877
4982,332.997927
4983,332.990315
4984,332.982061
4985,332.973240
4986,332.964033
4987,332.954762
4988,332.945820
4989,332.937473
4990,332.929864
4991,332.923045
4992,332.901629
4993,332.926049
4994,332.954471
4995,332.987435
4996,333.025689
4997,333.070237
4998,333.122395
4999,333.183862
5000,333.256773
5001,333.343643
5002,333.446886
5003,333.554172
5004,333.638959
5005,333.706268
5006,333.759262
5007,333.800106
5008,333.830299
5009,333.850846
5010,333.862337
5011,333.865000
5012,333.858714
5013,333.843000
5014,333.816990
5015,333.779348
5016,333.728153
5017,333.660645
5018,333.572672
5019,333.474491
5020,333.393803
5021,333.328019
5022,333.274408
5023,333.230634
5024,333.194825
5025,333.165511
5026,333.141548
5027,333.122045
5028,333.106315
5029,333.093830
5030,333.084180
5031,333.077046
5032,333.072153
5033,333.069202
5034,333.067754
5035,333.067074
5036,333.066356
5037,333.065208
5038,333.063466
5039,333.061065
5040,333.057977
5041,333.054189
5042,333.049686
5043,333.044445
5044,333.038437
5045,333.031621
5046,333.023950
5047,333.015378
5048,333.005874
5049,332.995469
5050,332.984348
5051,332.973032
5052,332.962266
5053,332.952415
5054,332.943601
5055,332.935838
5056,332.910324
5057,332.935422
5058,332.964736
5059,332.998838
5060,333.038518
5061,333.084828
5062,333.139135
5063,333.203183
5064,333.279115
5065,333.369395
5066,333.476281
5067,333.587144
5068,333.675178
5069,333.745285
5070,333.800577
5071,333.843216
5072,333.874728
5073,333.896148
5074,333.908090
5075,333.910793
5076,333.904129
5077,333.887602
5078,333.860314
5079,333.820902
5080,333.767434
5081,333.697187
5082,333.606112
5083,333.504666
5084,333.420883
5085,333.352366
5086,333.296466
5087,333.250856
5088,333.213633
5089,333.183279
5090,333.158608
5091,333.138694
5092,333.122829
5093,333.110481
5094,333.101259
5095,333.094890
5096,333.091181
5097,333.089958
5098,333.090869
5099,333.092728
5100,333.093892
5101,333.094070
5102,333.093248
5103,333.091465
5104,333.088759
5105,333.085154
5106,333.080656
5107,333.075250
5108,333.068901
5109,333.061551
5110,333.053120
5111,333.043503
5112,333.032580
5113,333.020237
5114,333.006506
5115,332.992254
5116,332.979161
5117,332.967552
5118,332.957413
5119,332.948659
5120,332.917691
5121,332.943340
5122,332.973363
5123,333.008352
5124,333.049122
5125,333.096756
5126,333.152648
5127,333.218559
5128,333.296626
5129,333.389267
5130,333.498639
5131,333.611939
5132,333.702208
5133,333.774280
5134,333.831220
5135,333.875176
5136,333.907680
5137,333.929778
5138,333.942096
5139,333.944877
5140,333.937994
5141,333.920939
5142,333.892802
5143,333.852214
5144,333.797250
5145,333.725225
5146,333.632159
5147,333.528622
5148,333.442841
5149,333.372539
5150,333.315130
5151,333.268308
5152,333.230162
5153,333.199158
5154,333.174085
5155,333.154003
5156,333.138201
5157,333.126153
5158,333.117502
5159,333.112038
5160,333.109699
5161,333.110587
5162,333.115017
5163,333.121193
5164,333.124712
5165,333.126382
5166,333.126560
5167,333.125444
5168,333.123154
5169,333.119758
5170,333.115287
5171,333.109733
5172,333.103056
5173,333.095179
5174,333.085986
5175,333.075307
5176,333.062897
5177,333.048363
5178,333.030909
5179,333.012002
5180,332.996120
5181,332.982619
5182,332.971113
5183,332.961357
5184,332.923651
5185,332.949721
5186,332.980261
5187,333.015876
5188,333.057397
5189,333.105921
5190,333.162857
5191,333.229970
5192,333.309391
5193,333.403505
5194,333.514413
5195,333.629218
5196,333.720878
5197,333.794190
5198,333.852192
5199,333.897018
5200,333.930197
5201,333.952781
5202,333.965400
5203,333.968300
5204,333.961352
5205,333.944045
5206,333.915466
5207,333.874246
5208,333.818469
5209,333.745477
5210,333.651330
5211,333.546661
5212,333.459802
5213,333.388538
5214,333.330328
5215,333.282883
5216,333.244295
5217,333.213025
5218,333.187858
5219,333.167852
5220,333.152299
5221,333.140691
5222,333.132701
5223,333.128174
5224,333.127129
5225,333.129773
5226,333.136477
5227,333.145057
5228,333.150411
5229,333.153398
5230,333.154507
5231,333.154030
5232,333.152148
5233,333.148968
5234,333.144539
5235,333.138861
5236,333.131890
5237,333.123533
5238,333.113641
5239,333.101994
5240,333.088262
5241,333.071925
5242,333.052071
5243,333.030486
5244,333.012426
5245,332.997255
5246,332.984478
5247,332.973766
5248,332.928158
5249,332.954513
5250,332.985375
5251,333.021353
5252,333.063285
5253,333.112272
5254,333.169729
5255,333.237422
5256,333.317477
5257,333.412269
5258,333.523878
5259,333.639368
5260,333.731667
5261,333.805563
5262,333.864083
5263,333.909354
5264,333.942904
5265,333.965786
5266,333.978632
5267,333.981689
5268,333.974827
5269,333.957537
5270,333.928902
5271,333.887556
5272,333.831591
5273,333.758356
5274,333.663931
5275,333.558974
5276,333.471852
5277,333.400377
5278,333.342025
5279,333.294519
5280,333.255956
5281,333.224801
5282,333.199843
5283,333.180147
5284,333.165018
5285,333.153967
5286,333.146695
5287,333.143080
5288,333.143182
5289,333.147227
5290,333.155542
5291,333.165734
5292,333.172468
5293,333.176542
5294,333.178466
5295,333.178572
5296,333.177076
5297,333.174109
5298,333.169734
5299,333.163958
5300,333.156733
5301,333.147953
5302,333.137448
5303,333.124964
5304,333.110133
5305,333.092398
5306,333.070864
5307,333.047475
5308,333.027774
5309,333.011225
5310,332.997334
5311,332.985744
5312,332.931194
5313,332.957696
5314,332.988683
5315,333.024760
5316,333.066763
5317,333.115790
5318,333.173254
5319,333.240920
5320,333.320918
5321,333.415627
5322,333.527139
5323,333.642535
5324,333.734759
5325,333.808609
5326,333.867118
5327,333.912419
5328,333.946040
5329,333.969034
5330,333.982033
5331,333.985284
5332,333.978659
5333,333.961647
5334,333.933336
5335,333.892358
5336,333.836803
5337,333.764018
5338,333.670077
5339,333.565631
5340,333.479025
5341,333.408059
5342,333.350204
5343,333.303185
5344,333.265105
5345,333.234439
5346,333.209987
5347,333.190830
5348,333.176290
5349,333.165900
5350,333.159383
5351,333.156642
5352,333.157751
5353,333.162936
5354,333.172474
5355,333.183860
5356,333.191655
5357,333.196611
5358,333.199228
5359,333.199849
5360,333.198706
5361,333.195942
5362,333.191633
5363,333.185786
5364,333.178351
5365,333.169216
5366,333.158196
5367,333.145022
5368,333.129310
5369,333.110503
5370,333.087736
5371,333.063033
5372,333.042080
5373,333.024417
5374,333.009574
5375,332.997193
5376,332.932769
5377,332.959283
5378,332.990198
5379,333.026112
5380,333.067845
5381,333.116487
5382,333.173439
5383,333.240462
5384,333.319695
5385,333.413542
5386,333.524139
5387,333.638641
5388,333.730055
5389,333.803214
5390,333.861176
5391,333.906084
5392,333.939473
5393,333.962392
5394,333.975469
5395,333.978952
5396,333.972712
5397,333.956245
5398,333.928640
5399,333.888529
5400,333.833996
5401,333.762369
5402,333.669696
5403,333.566584
5404,333.481289
5405,333.411565
5406,333.354855
5407,333.308876
5408,333.271737
5409,333.241929
5410,333.218274
5411,333.199877
5412,333.186083
5413,333.176449
5414,333.170720
5415,333.168819
5416,333.170829
5417,333.176968
5418,333.187484
5419,333.199807
5420,333.208442
5421,333.214115
5422,333.217315
5423,333.218383
5424,333.217556
5425,333.214987
5426,333.210751
5427,333.204863
5428,333.197268
5429,333.187850
5430,333.176418
5431,333.162695
5432,333.146295
5433,333.126670
5434,333.102976
5435,333.077285
5436,333.055363
5437,333.036798
5438,333.021149
5439,333.008063
5440,332.932926
5441,332.959319
5442,332.989969
5443,333.025456
5444,333.066580
5445,333.114404
5446,333.170308
5447,333.236042
5448,333.313750
5449,333.405881
5450,333.514655
5451,333.627370
5452,333.717165
5453,333.788933
5454,333.845774
5455,333.889851
5456,333.922693
5457,333.945344
5458,333.958424
5459,333.962176
5460,333.956475
5461,333.940824
5462,333.914322
5463,333.875608
5464,333.822756
5465,333.753065
5466,333.662528
5467,333.561663
5468,333.478556
5469,333.410865
5470,333.355983
5471,333.311612
5472,333.275878
5473,333.247297
5474,333.224724
5475,333.207298
5476,333.194399
5477,333.185610
5478,333.180703
5479,333.179618
5480,333.182449
5481,333.189413
5482,333.200741
5483,333.213826
5484,333.223143
5485,333.229406
5486,333.233095
5487,333.234549
5488,333.234006
5489,333.231620
5490,333.227470
5491,333.221571
5492,333.213867
5493,333.204240
5494,333.192494
5495,333.178353
5496,333.161432
5497,333.141190
5498,333.116799
5499,333.090356
5500,333.067677
5501,333.048384
5502,333.032052
5503,333.018338
5504,332.931737
5505,332.957879
5506,332.988078
5507,333.022883
5508,333.063059
5509,333.109627
5510,333.163925
5511,333.227668
5512,333.303001
5513,333.392423
5514,333.498291
5515,333.608151
5516,333.695372
5517,333.764950
5518,333.820042
5519,333.862815
5520,333.894785
5521,333.916971
5522,333.929975
5523,333.934034
5524,333.929026
5525,333.914472
5526,333.889494
5527,333.852752
5528,333.802324
5529,333.735474
5530,333.648109
5531,333.550585
5532,333.470693
5533,333.405932
5534,333.353622
5535,333.311459
5536,333.277600
5537,333.250609
5538,333.229394
5539,333.213142
5540,333.201275
5541,333.193414
5542,333.189360
5543,333.189075
5544,333.192668
5545,333.200361
5546,333.212380
5547,333.226099
5548,333.235979
5549,333.242732
5550,333.246833
5551,333.248621
5552,333.248332
5553,333.246121
5554,333.242070
5555,333.236191
5556,333.228430
5557,333.218666
5558,333.206703
5559,333.192264
5560,333.174965
5561,333.154274
5562,333.129368
5563,333.102360
5564,333.079095
5565,333.059215
5566,333.042306
5567,333.028032
5568,332.929301
5569,332.955075
5570,332.984647
5571,333.018528
5572,333.057428
5573,333.102302
5574,333.154413
5575,333.215406
5576,333.287384
5577,333.372885
5578,333.474461
5579,333.580090
5580,333.663551
5581,333.730002
5582,333.782642
5583,333.823612
5584,333.854374
5585,333.875897
5586,333.888748
5587,333.893150
5588,333.888991
5589,333.875819
5590,333.852806
5591,333.818665
5592,333.771517
5593,333.708611
5594,333.625743
5595,333.532967
5596,333.457568
5597,333.396788
5598,333.347871
5599,333.308542
5600,333.277030
5601,333.251982
5602,333.232383
5603,333.217489
5604,333.206778
5605,333.199918
5606,333.196743
5607,333.197244
5608,333.201550
5609,333.209894
5610,333.222507
5611,333.236758
5612,333.247103
5613,333.254262
5614,333.258711
5615,333.260787
5616,333.260727
5617,333.258688
5618,333.254749
5619,333.248924
5620,333.241159
5621,333.231329
5622,333.219241
5623,333.204616
5624,333.187071
5625,333.166077
5626,333.140813
5627,333.113396
5628,333.089690
5629,333.069344
5630,333.051952
5631,333.037181
5632,332.925749
5633,332.951050
5634,332.979838
5635,333.012575
5636,333.049897
5637,333.092662
5638,333.142008
5639,333.199442
5640,333.266937
5641,333.346991
5642,333.442376
5643,333.541843
5644,333.620004
5645,333.682222
5646,333.731650
5647,333.770306
5648,333.799531
5649,333.820201
5650,333.832826
5651,333.837604
5652,333.834438
5653,333.822925
5654,333.802319
5655,333.771450
5656,333.728563
5657,333.670991
5658,333.594431
5659,333.508384
5660,333.439136
5661,333.383577
5662,333.338943
5663,333.303081
5664,333.274367
5665,333.251584
5666,333.233832
5667,333.220456
5668,333.211006
5669,333.205202
5670,333.202923
5671,333.204192
5672,333.209160
5673,333.218082
5674,333.231202
5675,333.245891
5676,333.256616
5677,333.264106
5678,333.268842
5679,333.271165
5680,333.271314
5681,333.269443
5682,333.265634
5683,333.259899
5684,333.252182
5685,333.242360
5686,333.230237
5687,333.215534
5688,333.197869
5689,333.176708
5690,333.151232
5691,333.123551
5692,333.099536
5693,333.078836
5694,333.061047
5695,333.045835
5696,332.921238
5697,332.945976
5698,332.973853
5699,333.005264
5700,333.040754
5701,333.081048
5702,333.127105
5703,333.180189
5704,333.241974
5705,333.314664
5706,333.401030
5707,333.491275
5708,333.562109
5709,333.618852
5710,333.664303
5711,333.700168
5712,333.727563
5713,333.747214
5714,333.759549
5715,333.764732
5716,333.762685
5717,333.753074
5718,333.735282
5719,333.708341
5720,333.670778
5721,333.620273
5722,333.552713
5723,333.476528
5724,333.415627
5725,333.366692
5726,333.327233
5727,333.295420
5728,333.269895
5729,333.249647
5730,333.233926
5731,333.222192
5732,333.214077
5733,333.209366
5734,333.207984
5735,333.209989
5736,333.215563
5737,333.224984
5738,333.238517
5739,333.253550
5740,333.264566
5741,333.272311
5742,333.277277
5743,333.279809
5744,333.280146
5745,333.278445
5746,333.274785
5747,333.269176
5748,333.261564
5749,333.251824
5750,333.239758
5751,333.225088
5752,333.207427
5753,333.186239
5754,333.160695
5755,333.132896
5756,333.108704
5757,333.087761
5758,333.069657
5759,333.054059
5760,332.915945
5761,332.940054
5762,332.966924
5763,332.996881
5764,333.030361
5765,333.067930
5766,333.110312
5767,333.158421
5768,333.213389
5769,333.276565
5770,333.349306
5771,333.424433
5772,333.485508
5773,333.535610
5774,333.576447
5775,333.609144
5776,333.634481
5777,333.652987
5778,333.664981
5779,333.670591
5780,333.669759
5781,333.662238
5782,333.647582
5783,333.625107
5784,333.593834
5785,333.552321
5786,333.498178
5787,333.437825
5788,333.387939
5789,333.346947
5790,333.313385
5791,333.286049
5792,333.263986
5793,333.246454
5794,333.232887
5795,333.222873
5796,333.216136
5797,333.212528
5798,333.212023
5799,333.214715
5800,333.220820
5801,333.230643
5802,333.244479
5803,333.259745
5804,333.270951
5805,333.278869
5806,333.284003
5807,333.286703
5808,333.287211
5809,333.285681
5810,333.282192
5811,333.276751
5812,333.269303
5813,333.259722
5814,333.247811
5815,333.233289
5816,333.215768
5817,333.194703
5818,333.169250
5819,333.141492
5820,333.117267
5821,333.096199
5822,333.077867
5823,333.061935
5824,332.910059
5825,332.933497
5826,332.959309
5827,332.987747
5828,333.019135
5829,333.053875
5830,333.092439
5831,333.135350
5832,333.183092
5833,333.235845
5834,333.292675
5835,333.349218
5836,333.399422
5837,333.442390
5838,333.478334
5839,333.507684
5840,333.530847
5841,333.548139
5842,333.559765
5843,333.565812
5844,333.566245
5845,333.560911
5846,333.549543
5847,333.531777
5848,333.507202
5849,333.475533
5850,333.437215
5851,333.395947
5852,333.358261
5853,333.325707
5854,333.298289
5855,333.275580
5856,333.257079
5857,333.242332
5858,333.230965
5859,333.222696
5860,333.217341
5861,333.214818
5862,333.215145
5863,333.218454
5864,333.224989
5865,333.235088
5866,333.249086
5867,333.264443
5868,333.275716
5869,333.283708
5870,333.288939
5871,333.291765
5872,333.292426
5873,333.291073
5874,333.287779
5875,333.282551
5876,333.275329
5877,333.265990
5878,333.254338
5879,333.240093
5880,333.222862
5881,333.202092
5882,333.176919
5883,333.149392
5884,333.125302
5885,333.104244
5886,333.085781
5887,333.069569
5888,332.903774
5889,332.926523
5890,332.951267
5891,332.978189
5892,333.007509
5893,333.039480
5894,333.074363
5895,333.112372
5896,333.153569
5897,333.197619
5898,333.243366
5899,333.288337
5900,333.329727
5901,333.366294
5902,333.397658
5903,333.423812
5904,333.444876
5905,333.460987
5906,333.472253
5907,333.478722
5908,333.480381
5909,333.477159
5910,333.468941
5911,333.455612
5912,333.437147
5913,333.413794
5914,333.386474
5915,333.357398
5916,333.329585
5917,333.304581
5918,333.282925
5919,333.264660
5920,333.249629
5921,333.237618
5922,333.228418
5923,333.221867
5924,333.217863
5925,333.216378
5926,333.217470
5927,333.221299
5928,333.228131
5929,333.238338
5930,333.252302
5931,333.267558
5932,333.278734
5933,333.286678
5934,333.291925
5935,333.294832
5936,333.295632
5937,333.294465
5938,333.291398
5939,333.286430
5940,333.279503
5941,333.270495
5942,333.259213
5943,333.245384
5944,333.228619
5945,333.208353
5946,333.183698
5947,333.156647
5948,333.132905
5949,333.112019
5950,333.093531
5951,333.077094
5952,332.897276
5953,332.919343
5954,332.943047
5955,332.968513
5956,332.995876
5957,333.025272
5958,333.056808
5959,333.090509
5960,333.126230
5961,333.163512
5962,333.201418
5963,333.238478
5964,333.273147
5965,333.304432
5966,333.331826
5967,333.355123
5968,333.374276
5969,333.389303
5970,333.400236
5971,333.407099
5972,333.409894
5973,333.408609
5974,333.403238
5975,333.393821
5976,333.380522
5977,333.363753
5978,333.344349
5979,333.323696
5980,333.303427
5981,333.284684
5982,333.268076
5983,333.253850
5984,333.242050
5985,333.232626
5986,333.225497
5987,333.220594
5988,333.217878
5989,333.217364
5990,333.219135
5991,333.223363
5992,333.230324
5993,333.240410
5994,333.254061
5995,333.268933
5996,333.279791
5997,333.287535
5998,333.292708
5999,333.295653
6000,333.296583
6001,333.295619
6002,333.292815
6003,333.288164
6004,333.281604
6005,333.273018
6006,333.262225
6007,333.248966
6008,333.232867
6009,333.213369
6010,333.189554
6011,333.163316
6012,333.140202
6013,333.119688
6014,333.101296
6015,333.084689
6016,332.890737
6017,332.912147
6018,332.934870
6019,332.958984
6020,332.984560
6021,333.011651
6022,333.040269
6023,333.070337
6024,333.101638
6025,333.133741
6026,333.165946
6027,333.197321
6028,333.226915
6029,333.253997
6030,333.278097
6031,333.298957
6032,333.316447
6033,333.330520
6034,333.341163
6035,333.348382
6036,333.352191
6037,333.352617
6038,333.349715
6039,333.343605
6040,333.334521
6041,333.322876
6042,333.309333
6043,333.294804
6044,333.280287
6045,333.266591
6046,333.254249
6047,333.243563
6048,333.234672
6049,333.227626
6050,333.222428
6051,333.219071
6052,333.217562
6053,333.217941
6054,333.220298
6055,333.224793
6056,333.231682
6057,333.241340
6058,333.254256
6059,333.268305
6060,333.278536
6061,333.285901
6062,333.290911
6063,333.293862
6064,333.294926
6065,333.294196
6066,333.291703
6067,333.287430
6068,333.281314
6069,333.273244
6070,333.263060
6071,333.250530
6072,333.235324
6073,333.216922
6074,333.194407
6075,333.169494
6076,333.147388
6077,333.127484
6078,333.109318
6079,333.092589
6080,332.884308
6081,332.905101
6082,332.926922
6083,332.949813
6084,332.973802
6085,332.998890
6086,333.025031
6087,333.052108
6088,333.079895
6089,333.108028
6090,333.135993
6091,333.163164
6092,333.188908
6093,333.212694
6094,333.234133
6095,333.252973
6096,333.269064
6097,333.282325
6098,333.292725
6099,333.300258
6100,333.304946
6101,333.306836
6102,333.306017
6103,333.302637
6104,333.296936
6105,333.289279
6106,333.280172
6107,333.270245
6108,333.260164
6109,333.250508
6110,333.241712
6111,333.234063
6112,333.227738
6113,333.222834
6114,333.219404
6115,333.217479
6116,333.217091
6117,333.218290
6118,333.221152
6119,333.225797
6120,333.232407
6121,333.241256
6122,333.252759
6123,333.265198
6124,333.274394
6125,333.281201
6126,333.285986
6127,333.288941
6128,333.290171
6129,333.289724
6130,333.287607
6131,333.283785
6132,333.278195
6133,333.270735
6134,333.261270
6135,333.249617
6136,333.235527
6137,333.218613
6138,333.198105
6139,333.175385
6140,333.154790
6141,333.135749
6142,333.117921
6143,333.101097
6144,332.878117
6145,332.898341
6146,332.919350
6147,332.941161
6148,332.963772
6149,332.987152
6150,333.011230
6151,333.035877
6152,333.060884
6153,333.085958
6154,333.110716
6155,333.134718
6156,333.157521
6157,333.178736
6158,333.198053
6159,333.215253
6160,333.230190
6161,333.242778
6162,333.252977
6163,333.260780
6164,333.266213
6165,333.269332
6166,333.270236
6167,333.269076
6168,333.266074
6169,333.261534
6170,333.255843
6171,333.249457
6172,333.242844
6173,333.236430
6174,333.230562
6175,333.225494
6176,333.221404
6177,333.218407
6178,333.216580
6179,333.215975
6180,333.216634
6181,333.218599
6182,333.221923
6183,333.226663
6184,333.232875
6185,333.240563
6186,333.249500
6187,333.258612
6188,333.266372
6189,333.272539
6190,333.277114
6191,333.280128
6192,333.281598
6193,333.281520
6194,333.279868
6195,333.276591
6196,333.271620
6197,333.264865
6198,333.256218
6199,333.245554
6200,333.232738
6201,333.217649
6202,333.200310
6203,333.181554
6204,333.162995
6205,333.144981
6206,333.127528
6207,333.110590
6208,332.872268
6209,332.891977
6210,332.912268
6211,332.933142
6212,332.954576
6213,332.976525
6214,332.998906
6215,333.021593
6216,333.044406
6217,333.067108
6218,333.089410
6219,333.110993
6220,333.131534
6221,333.150744
6222,333.168381
6223,333.184263
6224,333.198262
6225,333.210299
6226,333.220335
6227,333.228363
6228,333.234413
6229,333.238545
6230,333.240855
6231,333.241487
6232,333.240634
6233,333.238545
6234,333.235522
6235,333.231904
6236,333.228036
6237,333.224241
6238,333.220793
6239,333.217911
6240,333.215759
6241,333.214453
6242,333.214079
6243,333.214694
6244,333.216341
6245,333.219054
6246,333.222856
6247,333.227754
6248,333.233718
6249,333.240628
6250,333.248177
6251,333.255731
6252,333.262562
6253,333.268316
6254,333.272834
6255,333.276037
6256,333.277868
6257,333.278273
6258,333.277191
6259,333.274555
6260,333.270286
6261,333.264304
6262,333.256524
6263,333.246868
6264,333.235282
6265,333.221780
6266,333.206530
6267,333.190031
6268,333.173006
6269,333.155827
6270,333.138643
6271,333.121506
6272,332.866842
6273,332.886094
6274,332.905762
6275,332.925834
6276,332.946280
6277,332.967044
6278,332.988043
6279,333.009160
6280,333.030241
6281,333.051096
6282,333.071503
6283,333.091221
6284,333.110012
6285,333.127655
6286,333.143965
6287,333.158794
6288,333.172035
6289,333.183622
6290,333.193521
6291,333.201732
6292,333.208283
6293,333.213235
6294,333.216681
6295,333.218749
6296,333.219605
6297,333.219455
6298,333.218536
6299,333.217110
6300,333.215439
6301,333.213775
6302,333.212338
6303,333.211312
6304,333.210842
6305,333.211039
6306,333.211985
6307,333.213740
6308,333.216342
6309,333.219815
6310,333.224163
6311,333.229360
6312,333.235336
6313,333.241944
6314,333.248918
6315,333.255854
6316,333.262322
6317,333.268013
6318,333.272724
6319,333.276314
6320,333.278676
6321,333.279713
6322,333.279333
6323,333.277449
6324,333.273974
6325,333.268827
6326,333.261937
6327,333.253255
6328,333.242767
6329,333.230525
6330,333.216689
6331,333.201567
6332,333.185542
6333,333.168893
6334,333.151786
6335,333.134313
6336,332.861904
6337,332.880756
6338,332.899892
6339,332.919292
6340,332.938919
6341,332.958715
6342,332.978599
6343,332.998466
6344,333.018184
6345,333.037598
6346,333.056533
6347,333.074806
6348,333.092235
6349,333.108652
6350,333.123911
6351,333.137897
6352,333.150525
6353,333.161741
6354,333.171521
6355,333.179869
6356,333.186816
6357,333.192422
6358,333.196772
6359,333.199983
6360,333.202196
6361,333.203584
6362,333.204338
6363,333.204664
6364,333.204770
6365,333.204855
6366,333.205099
6367,333.205656
6368,333.206654
6369,333.208195
6370,333.210354
6371,333.213188
6372,333.216733
6373,333.221004
6374,333.225994
6375,333.231663
6376,333.237932
6377,333.244660
6378,333.251631
6379,333.258567
6380,333.265167
6381,333.271172
6382,333.276373
6383,333.280600
6384,333.283706
6385,333.285563
6386,333.286048
6387,333.285053
6388,333.282477
6389,333.278234
6390,333.272257
6391,333.264504
6392,333.254974
6393,333.243718
6394,333.230857
6395,333.216589
6396,333.201144
6397,333.184724
6398,333.167474
6399,333.149499
6400,332.857503
6401,332.876013
6402,332.894703
6403,332.913550
6404,332.932512
6405,332.951530
6406,332.970526
6407,332.989406
6408,333.008056
6409,333.026347
6410,333.044140
6411,333.061289
6412,333.077655
6413,333.093106
6414,333.107531
6415,333.120839
6416,333.132965
6417,333.143868
6418,333.153534
6419,333.161973
6420,333.169219
6421,333.175331
6422,333.180389
6423,333.184498
6424,333.187784
6425,333.190392
6426,333.192479
6427,333.194215
6428,333.195768
6429,333.197300
6430,333.198961
6431,333.200881
6432,333.203172
6433,333.205926
6434,333.209213
6435,333.213086
6436,333.217578
6437,333.222701
6438,333.228444
6439,333.234768
6440,333.241594
6441,333.248799
6442,333.256210
6443,333.263615
6444,333.270777
6445,333.277472
6446,333.283491
6447,333.288643
6448,333.292753
6449,333.295658
6450,333.297210
6451,333.297272
6452,333.295726
6453,333.292475
6454,333.287445
6455,333.280592
6456,333.271911
6457,333.261438
6458,333.249259
6459,333.235502
6460,333.220319
6461,333.203859
6462,333.186245
6463,333.167579
6464,332.853677
6465,332.871901
6466,332.890229
6467,332.908633
6468,332.927069
6469,332.945476
6470,332.963781
6471,332.981895
6472,332.999718
6473,333.017141
6474,333.034048
6475,333.050324
6476,333.065857
6477,333.080545
6478,333.094302
6479,333.107057
6480,333.118762
6481,333.129390
6482,333.138936
6483,333.147417
6484,333.154870
6485,333.161355
6486,333.166950
6487,333.171752
6488,333.175874
6489,333.179442
6490,333.182593
6491,333.185467
6492,333.188205
6493,333.190942
6494,333.193806
6495,333.196910
6496,333.200352
6497,333.204214
6498,333.208564
6499,333.213452
6500,333.218909
6501,333.224950
6502,333.231566
6503,333.238721
6504,333.246349
6505,333.254345
6506,333.262568
6507,333.270841
6508,333.278964
6509,333.286728
6510,333.293920
6511,333.300328
6512,333.305748
6513,333.309981
6514,333.312844
6515,333.314172
6516,333.313823
6517,333.311681
6518,333.307660
6519,333.301709
6520,333.293810
6521,333.283980
6522,333.272278
6523,333.258789
6524,333.243620
6525,333.226883
6526,333.208685
6527,333.189123
6528,332.850456
6529,332.868451
6530,332.886497
6531,332.904563
6532,332.922601
6533,332.940549
6534,332.958334
6535,332.975871
6536,332.993069
6537,333.009831
6538,333.026060
6539,333.041660
6540,333.056541
6541,333.070622
6542,333.083837
6543,333.096132
6544,333.107473
6545,333.117846
6546,333.127253
6547,333.135719
6548,333.143289
6549,333.150023
6550,333.156000
6551,333.161315
6552,333.166071
6553,333.170385
6554,333.174376
6555,333.178165
6556,333.181876
6557,333.185623
6558,333.189518
6559,333.193659
6560,333.198136
6561,333.203026
6562,333.208391
6563,333.214282
6564,333.220734
6565,333.227765
6566,333.235374
6567,333.243535
6568,333.252196
6569,333.261272
6570,333.270644
6571,333.280159
6572,333.289635
6573,333.298865
6574,333.307625
6575,333.315675
6576,333.322771
6577,333.328671
6578,333.333150
6579,333.336005
6580,333.337062
6581,333.336186
6582,333.333273
6583,333.328259
6584,333.321113
6585,333.311839
6586,333.300471
6587,333.287067
6588,333.271706
6589,333.254478
6590,333.235475
6591,333.214792
6592,332.847863
6593,332.865686
6594,332.883531
6595,332.901361
6596,332.919125
6597,332.936755
6598,332.954177
6599,332.971305
6600,332.988051
6601,333.004328
6602,333.020049
6603,333.035132
6604,333.049503
6605,333.063099
6606,333.075866
6607,333.087767
6608,333.098778
6609,333.108896
6610,333.118133
6611,333.126522
6612,333.134113
6613,333.140974
6614,333.147188
6615,333.152851
6616,333.158064
6617,333.162936
6618,333.167576
6619,333.172096
6620,333.176602
6621,333.181198
6622,333.185981
6623,333.191041
6624,333.196460
6625,333.202311
6626,333.208657
6627,333.215551
6628,333.223034
6629,333.231132
6630,333.239856
6631,333.249195
6632,333.259114
6633,333.269547
6634,333.280398
6635,333.291530
6636,333.302770
6637,333.313905
6638,333.324687
6639,333.334835
6640,333.344052
6641,333.352039
6642,333.358511
6643,333.363218
6644,333.365950
6645,333.366542
6646,333.364875
6647,333.360872
6648,333.354491
6649,333.345723
6650,333.334586
6651,333.321122
6652,333.305390
6653,333.287462
6654,333.267424
6655,333.245368
6656,332.845917
6657,332.863628
6658,332.881353
6659,332.899051
6660,332.916664
6661,332.934118
6662,332.951326
6663,332.968202
6664,332.984654
6665,333.000598
6666,333.015955
6667,333.030653
6668,333.044629
6669,333.057832
6670,333.070222
6671,333.081771
6672,333.092467
6673,333.102314
6674,333.111334
6675,333.119569
6676,333.127078
6677,333.133940
6678,333.140246
6679,333.146098
6680,333.151601
6681,333.156862
6682,333.161986
6683,333.167074
6684,333.172226
6685,333.177533
6686,333.183084
6687,333.188963
6688,333.195247
6689,333.202008
6690,333.209312
6691,333.217216
6692,333.225771
6693,333.235015
6694,333.244977
6695,333.255663
6696,333.267063
6697,333.279135
6698,333.291803
6699,333.304949
6700,333.318404
6701,333.331945
6702,333.345285
6703,333.358090
6704,333.369983
6705,333.380581
6706,333.389521
6707,333.396488
6708,333.401228
6709,333.403546
6710,333.403308
6711,333.400427
6712,333.394855
6713,333.386576
6714,333.375598
6715,333.361951
6716,333.345678
6717,333.326842
6718,333.305520
6719,333.281803
6720,332.844631
6721,332.862291
6722,332.879984
6723,332.897663
6724,332.915258
6725,332.932680
6726,332.949831
6727,332.966609
6728,332.982917
6729,332.998669
6730,333.013789
6731,333.028213
6732,333.041888
6733,333.054771
6734,333.066833
6735,333.078053
6736,333.088429
6737,333.097972
6738,333.106712
6739,333.114700
6740,333.122009
6741,333.128732
6742,333.134975
6743,333.140853
6744,333.146482
6745,333.151972
6746,333.157425
6747,333.162938
6748,333.168602
6749,333.174502
6750,333.180720
6751,333.187333
6752,333.194418
6753,333.202047
6754,333.210291
6755,333.219217
6756,333.228887
6757,333.239358
6758,333.250678
6759,333.262882
6760,333.275987
6761,333.289984
6762,333.304826
6763,333.320420
6764,333.336604
6765,333.353140
6766,333.369697
6767,333.385856
6768,333.401129
6769,333.415008
6770,333.427016
6771,333.436755
6772,333.443915
6773,333.448278
6774,333.449698
6775,333.448086
6776,333.443396
6777,333.435613
6778,333.424742
6779,333.410801
6780,333.393824
6781,333.373861
6782,333.350979
6783,333.325268
6784,332.844010
6785,332.861688
6786,332.879446
6787,332.897232
6788,332.914958
6789,332.932514
6790,332.949777
6791,332.966621
6792,332.982936
6793,332.998631
6794,333.013631
6795,333.027879
6796,333.041330
6797,333.053950
6798,333.065715
6799,333.076615
6800,333.086650
6801,333.095837
6802,333.104214
6803,333.111842
6804,333.118809
6805,333.125228
6806,333.131233
6807,333.136962
6808,333.142547
6809,333.148104
6810,333.153739
6811,333.159543
6812,333.165600
6813,333.171987
6814,333.178780
6815,333.186055
6816,333.193885
6817,333.202348
6818,333.211520
6819,333.221480
6820,333.232307
6821,333.244081
6822,333.256878
6823,333.270766
6824,333.285802
6825,333.302021
6826,333.319419
6827,333.337939
6828,333.357445
6829,333.377687
6830,333.398280
6831,333.418691
6832,333.438262
6833,333.456289
6834,333.472131
6835,333.485277
6836,333.495364
6837,333.502152
6838,333.505502
6839,333.505339
6840,333.501630
6841,333.494370
6842,333.483565
6843,333.469229
6844,333.451382
6845,333.430057
6846,333.405306
6847,333.377212
6848,332.844049
6849,332.861816
6850,332.879752
6851,332.897793
6852,332.915832
6853,332.933722
6854,332.951296
6855,332.968391
6856,332.984875
6857,333.000649
6858,333.015641
6859,333.029801
6860,333.043093
6861,333.055492
6862,333.066981
6863,333.077552
6864,333.087211
6865,333.095974
6866,333.103884
6867,333.111009
6868,333.117455
6869,333.123370
6870,333.128926
6871,333.134303
6872,333.139658
6873,333.145118
6874,333.150789
6875,333.156756
6876,333.163093
6877,333.169872
6878,333.177160
6879,333.185030
6880,333.193557
6881,333.202820
6882,333.212908
6883,333.223914
6884,333.235937
6885,333.249084
6886,333.263468
6887,333.279200
6888,333.296390
6889,333.315131
6890,333.335487
6891,333.357463
6892,333.380973
6893,333.405782
6894,333.431454
6895,333.457300
6896,333.482397
6897,333.505719
6898,333.526375
6899,333.543715
6900,333.557329
6901,333.566986
6902,333.572577
6903,333.574066
6904,333.571455
6905,333.564758
6906,333.553990
6907,333.539161
6908,333.520275
6909,333.497336
6910,333.470370
6911,333.439436
6912,332.844720
6913,332.862658
6914,332.880901
6915,332.899380
6916,332.917962
6917,332.936445
6918,332.954582
6919,332.972147
6920,332.988978
6921,333.004971
6922,333.020062
6923,333.034214
6924,333.047404
6925,333.059614
6926,333.070836
6927,333.081062
6928,333.090296
6929,333.098552
6930,333.105865
6931,333.112310
6932,333.118010
6933,333.123156
6934,333.127997
6935,333.132777
6936,333.137692
6937,333.142880
6938,333.148441
6939,333.154448
6940,333.160963
6941,333.168044
6942,333.175754
6943,333.184159
6944,333.193335
6945,333.203369
6946,333.214359
6947,333.226416
6948,333.239664
6949,333.254245
6950,333.270313
6951,333.288034
6952,333.307586
6953,333.329144
6954,333.352867
6955,333.378866
6956,333.407153
6957,333.437566
6958,333.469649
6959,333.502530
6960,333.534859
6961,333.565022
6962,333.591746
6963,333.614232
6964,333.632066
6965,333.645080
6966,333.653247
6967,333.656605
6968,333.655215
6969,333.649128
6970,333.638377
6971,333.622964
6972,333.602868
6973,333.578053
6974,333.548489
6975,333.514185
6976,332.845969
6977,332.864165
6978,332.882865
6979,332.902007
6980,332.921438
6981,332.940873
6982,332.959909
6983,332.978212
6984,332.995589
6985,333.011945
6986,333.027238
6987,333.041454
6988,333.054587
6989,333.066633
6990,333.077589
6991,333.087446
6992,333.096200
6993,333.103852
6994,333.110420
6995,333.115966
6996,333.120622
6997,333.124640
6998,333.128406
6999,333.132286
7000,333.136521
7001,333.141253
7002,333.146559
7003,333.152490
7004,333.159086
7005,333.166391
7006,333.174454
7007,333.183337
7008,333.193119
7009,333.203891
7010,333.215764
7011,333.228870
7012,333.243362
7013,333.259419
7014,333.277247
7015,333.297077
7016,333.319172
7017,333.343813
7018,333.371292
7019,333.401884
7020,333.435784
7021,333.473009
7022,333.513201
7023,333.555333
7024,333.597386
7025,333.636516
7026,333.670888
7027,333.699623
7028,333.722427
7029,333.739300
7030,333.750373
7031,333.755811
7032,333.755762
7033,333.750335
7034,333.739585
7035,333.723508
7036,333.702046
7037,333.675094
7038,333.642528
7039,333.604253
7040,332.847705
7041,332.866242
7042,332.885561
7043,332.905635
7044,332.926326
7045,332.947255
7046,332.967666
7047,332.987036
7048,333.005171
7049,333.022026
7050,333.037612
7051,333.051950
7052,333.065063
7053,333.076962
7054,333.087648
7055,333.097110
7056,333.105330
7057,333.112280
7058,333.117945
7059,333.122336
7060,333.125556
7061,333.127914
7062,333.130097
7063,333.132696
7064,333.135990
7065,333.140081
7066,333.144998
7067,333.150748
7068,333.157341
7069,333.164796
7070,333.173151
7071,333.182461
7072,333.192803
7073,333.204277
7074,333.217008
7075,333.231150
7076,333.246887
7077,333.264442
7078,333.284076
7079,333.306098
7080,333.330869
7081,333.358802
7082,333.390364
7083,333.426057
7084,333.466380
7085,333.511717
7086,333.562091
7087,333.616598
7088,333.672328
7089,333.723363
7090,333.767269
7091,333.803421
7092,333.831918
7093,333.853107
7094,333.867375
7095,333.875070
7096,333.876465
7097,333.871741
7098,333.860984
7099,333.844183
7100,333.821228
7101,333.791916
7102,333.755968
7103,333.713075
7104,332.849787
7105,332.868736
7106,332.888815
7107,332.910099
7108,332.932583
7109,332.955916
7110,332.978410
7111,332.999214
7112,333.018297
7113,333.035760
7114,333.051702
7115,333.066204
7116,333.079320
7117,333.091081
7118,333.101494
7119,333.110541
7120,333.118182
7121,333.124353
7122,333.128972
7123,333.131949
7124,333.133241
7125,333.133063
7126,333.132906
7127,333.133784
7128,333.135884
7129,333.139177
7130,333.143596
7131,333.149082
7132,333.155601
7133,333.163146
7134,333.171737
7135,333.181422
7136,333.192280
7137,333.204416
7138,333.217971
7139,333.233121
7140,333.250086
7141,333.269132
7142,333.290582
7143,333.314829
7144,333.342342
7145,333.373686
7146,333.409535
7147,333.450681
7148,333.498046
7149,333.552636
7150,333.615384
7151,333.686505
7152,333.763100
7153,333.829906
7154,333.885264
7155,333.929825
7156,333.964565
7157,333.990390
7158,334.008047
7159,334.018117
7160,334.021022
7161,334.017033
7162,334.006272
7163,333.988717
7164,333.964200
7165,333.932396
7166,333.892799
7167,333.844713
7168,332.852039
7169,332.871428
7170,332.892333
7171,332.914990
7172,332.939764
7173,332.967255
7174,332.992942
7175,333.015439
7176,333.035554
7177,333.053663
7178,333.069986
7179,333.084667
7180,333.097796
7181,333.109423
7182,333.119560
7183,333.128182
7184,333.135225
7185,333.140580
7186,333.144085
7187,333.145491
7188,333.144394
7189,333.139961
7190,333.136346
7191,333.135148
7192,333.135908
7193,333.138320
7194,333.142178
7195,333.147345
7196,333.153739
7197,333.161324
7198,333.170103
7199,333.180116
7200,333.191442
7201,333.204194
7202,333.218529
7203,333.234645
7204,333.252797
7205,333.273297
7206,333.296532
7207,333.322977
7208,333.353218
7209,333.387974
7210,333.428136
7211,333.474815
7212,333.529411
7213,333.593722
7214,333.670144
7215,333.762128
7216,333.875520
7217,333.961744
7218,334.029567
7219,334.082901
7220,334.124052
7221,334.154602
7222,334.175698
7223,334.188174
7224,334.192610
7225,334.189369
7226,334.178614
7227,334.160315
7228,334.134250
7229,334.099974
7230,334.056753
7231,334.003338
7232,332.854266
7233,332.874066
7234,332.895721
7235,332.919556
7236,332.946049
7237,332.975811
7238,333.003483
7239,333.027360
7240,333.048396
7241,333.067098
7242,333.083773
7243,333.098617
7244,333.111753
7245,333.123247
7246,333.133115
7247,333.141327
7248,333.147798
7249,333.152382
7250,333.154854
7251,333.154870
7252,333.151887
7253,333.144994
7254,333.139094
7255,333.136180
7256,333.135713
7257,333.137274
7258,333.140566
7259,333.145393
7260,333.151631
7261,333.159219
7262,333.168143
7263,333.178439
7264,333.190184
7265,333.203500
7266,333.218558
7267,333.235583
7268,333.254858
7269,333.276743
7270,333.301686
7271,333.330244
7272,333.363108
7273,333.401147
7274,333.445454
7275,333.497420
7276,333.558847
7277,333.632113
7278,333.720432
7279,333.828182
7280,333.960993
7281,334.062115
7282,334.140820
7283,334.202164
7284,334.249270
7285,334.284244
7286,334.308578
7287,334.323328
7288,334.329218
7289,334.326695
7290,334.315959
7291,334.296974
7292,334.269461
7293,334.232860
7294,334.186225
7295,334.127931
7296,332.856297
7297,332.876446
7298,332.898711
7299,332.923449
7300,332.951142
7301,332.982309
7302,333.011276
7303,333.036169
7304,333.057936
7305,333.077128
7306,333.094096
7307,333.109068
7308,333.122192
7309,333.133547
7310,333.143153
7311,333.150973
7312,333.156909
7313,333.160791
7314,333.162359
7315,333.161225
7316,333.156820
7317,333.148281
7318,333.140783
7319,333.136536
7320,333.135037
7321,333.135838
7322,333.138602
7323,333.143094
7324,333.149163
7325,333.156726
7326,333.165759
7327,333.176292
7328,333.188404
7329,333.202226
7330,333.217942
7331,333.235798
7332,333.256111
7333,333.279282
7334,333.305815
7335,333.336339
7336,333.371643
7337,333.412722
7338,333.460835
7339,333.517589
7340,333.585061
7341,333.665955
7342,333.763791
7343,333.882982
7344,334.028253
7345,334.140254
7346,334.227723
7347,334.295913
7348,334.348287
7349,334.387260
7350,334.414558
7351,334.431411
7352,334.438659
7353,334.436820
7354,334.426125
7355,334.406532
7356,334.377718
7357,334.339033
7358,334.289389
7359,334.226954
7360,332.858009
7361,332.878431
7362,332.901158
7363,332.926549
7364,332.955064
7365,332.987146
7366,333.016972
7367,333.042578
7368,333.064883
7369,333.084444
7370,333.101627
7371,333.116681
7372,333.129766
7373,333.140971
7374,333.150319
7375,333.157770
7376,333.163218
7377,333.166479
7378,333.167276
7379,333.165214
7380,333.159727
7381,333.149999
7382,333.141331
7383,333.136054
7384,333.133714
7385,333.133866
7386,333.136158
7387,333.140336
7388,333.146232
7389,333.153750
7390,333.162858
7391,333.173584
7392,333.186008
7393,333.200269
7394,333.216566
7395,333.235164
7396,333.256408
7397,333.280738
7398,333.308705
7399,333.341001
7400,333.378498
7401,333.422289
7402,333.473758
7403,333.534662
7404,333.607242
7405,333.694354
7406,333.799582
7407,333.927163
7408,334.081194
7409,334.201197
7410,334.295508
7411,334.369304
7412,334.426145
7413,334.468593
7414,334.498514
7415,334.517254
7416,334.525737
7417,334.524537
7418,334.513908
7419,334.493808
7420,334.463880
7421,334.423417
7422,334.371243
7423,334.305420
7424,332.859323
7425,332.879945
7426,332.903000
7427,332.928842
7428,332.957906
7429,332.990585
7430,333.020974
7431,333.047057
7432,333.069728
7433,333.089536
7434,333.106852
7435,333.121934
7436,333.134948
7437,333.145989
7438,333.155083
7439,333.162189
7440,333.167196
7441,333.169916
7442,333.170067
7443,333.167254
7444,333.160929
7445,333.150304
7446,333.140749
7447,333.134670
7448,333.131650
7449,333.131256
7450,333.133136
7451,333.137026
7452,333.142751
7453,333.150208
7454,333.159359
7455,333.170232
7456,333.182909
7457,333.197538
7458,333.214328
7459,333.233564
7460,333.255616
7461,333.280953
7462,333.310169
7463,333.344008
7464,333.383402
7465,333.429524
7466,333.483843
7467,333.548212
7468,333.624960
7469,333.717000
7470,333.827888
7471,333.961686
7472,334.122108
7473,334.248052
7474,334.347622
7475,334.425882
7476,334.486386
7477,334.531749
7478,334.563913
7479,334.584293
7480,334.593869
7481,334.593253
7482,334.582720
7483,334.562225
7484,334.531393
7485,334.489481
7486,334.435264
7487,334.366748
7488,332.860200
7489,332.880954
7490,332.904226
7491,332.930358
7492,332.959770
7493,332.992821
7494,333.023559
7495,333.049935
7496,333.072825
7497,333.092769
7498,333.110138
7499,333.125191
7500,333.138099
7501,333.148961
7502,333.157803
7503,333.164585
7504,333.169196
7505,333.171445
7506,333.171053
7507,333.167631
7508,333.160643
7509,333.149320
7510,333.139076
7511,333.132364
7512,333.128791
7513,333.127941
7514,333.129462
7515,333.133092
7516,333.138650
7517,333.146029
7518,333.155191
7519,333.166162
7520,333.179030
7521,333.193948
7522,333.211137
7523,333.230896
7524,333.253616
7525,333.279792
7526,333.310050
7527,333.345175
7528,333.386148
7529,333.434192
7530,333.490838
7531,333.557995
7532,333.638035
7533,333.733881
7534,333.849043
7535,333.987443
7536,334.152564
7537,334.282915
7538,334.386470
7539,334.468197
7540,334.531612
7541,334.579343
7542,334.613362
7543,334.635121
7544,334.645638
7545,334.645548
7546,334.635139
7547,334.614366
7548,334.582846
7549,334.539813
7550,334.484019
7551,334.413437
7552,332.860628
7553,332.881456
7554,332.904850
7555,332.931146
7556,332.960750
7557,332.994004
7558,333.024925
7559,333.051447
7560,333.074432
7561,333.094413
7562,333.111759
7563,333.126729
7564,333.139496
7565,333.150160
7566,333.158750
7567,333.165227
7568,333.169480
7569,333.171319
7570,333.170467
7571,333.166544
7572,333.159023
7573,333.147148
7574,333.136357
7575,333.129136
7576,333.125112
7577,333.123877
7578,333.125087
7579,333.128478
7580,333.133870
7581,333.141155
7582,333.150293
7583,333.161314
7584,333.174306
7585,333.189430
7586,333.206915
7587,333.227073
7588,333.250310
7589,333.277143
7590,333.308222
7591,333.344361
7592,333.386576
7593,333.436128
7594,333.494584
7595,333.563885
7596,333.646423
7597,333.745114
7598,333.863419
7599,334.005169
7600,334.173699
7601,334.307264
7602,334.413767
7603,334.498105
7604,334.563757
7605,334.613339
7606,334.648835
7607,334.671716
7608,334.683018
7609,334.683392
7610,334.673134
7611,334.652202
7612,334.620205
7613,334.576369
7614,334.519429
7615,334.447345
7616,332.860617
7617,332.881466
7618,332.904901
7619,332.931256
7620,332.960928
7621,332.994248
7622,333.025220
7623,333.051764
7624,333.074737
7625,333.094667
7626,333.111918
7627,333.126752
7628,333.139343
7629,333.149791
7630,333.158127
7631,333.164312
7632,333.168238
7633,333.169716
7634,333.168473
7635,333.164133
7636,333.156179
7637,333.143859
7638,333.132628
7639,333.124995
7640,333.120598
7641,333.119037
7642,333.119972
7643,333.123143
7644,333.128367
7645,333.135538
7646,333.144618
7647,333.155635
7648,333.168682
7649,333.183924
7650,333.201597
7651,333.222023
7652,333.245619
7653,333.272917
7654,333.304585
7655,333.341459
7656,333.384576
7657,333.435223
7658,333.494988
7659,333.565831
7660,333.650149
7661,333.750848
7662,333.871355
7663,334.015434
7664,334.186335
7665,334.322146
7666,334.430733
7667,334.516944
7668,334.584226
7669,334.635182
7670,334.671798
7671,334.695550
7672,334.707485
7673,334.708261
7674,334.698181
7675,334.677203
7676,334.644934
7677,334.600593
7678,334.542912
7679,334.469839
7680,332.860186
7681,332.881008
7682,332.904415
7683,332.930736
7684,332.960369
7685,332.993640
7686,333.024548
7687,333.051008
7688,333.073873
7689,333.093668
7690,333.110759
7691,333.125406
7692,333.137784
7693,333.147996
7694,333.156073
7695,333.161978
7696,333.165602
7697,333.166760
7698,333.165182
7699,333.160495
7700,333.152185
7701,333.139504
7702,333.127918
7703,333.119949
7704,333.115241
7705,333.113402
7706,333.114093
7707,333.117055
7708,333.122108
7709,333.129145
7710,333.138128
7711,333.149086
7712,333.162116
7713,333.177385
7714,333.195134
7715,333.215691
7716,333.239481
7717,333.267046
7718,333.299066
7719,333.336390
7720,333.380069
7721,333.431405
7722,333.491998
7723,333.563815
7724,333.649257
7725,333.751221
7726,333.873109
7727,334.018650
7728,334.191043
7729,334.328278
7730,334.438201
7731,334.525630
7732,334.593994
7733,334.645883
7734,334.683279
7735,334.707662
7736,334.720082
7737,334.721201
7738,334.711324
7739,334.690410
7740,334.658066
7741,334.613507
7742,334.555462
7743,334.481877
7744,332.859367
7745,332.880119
7746,332.903429
7747,332.929632
7748,332.959127
7749,332.992242
7750,333.022980
7751,333.049257
7752,333.071924
7753,333.091507
7754,333.108373
7755,333.122782
7756,333.134912
7757,333.144866
7758,333.152677
7759,333.158308
7760,333.161652
7761,333.162526
7762,333.160661
7763,333.155684
7764,333.147085
7765,333.134114
7766,333.122243
7767,333.114001
7768,333.109037
7769,333.106959
7770,333.107431
7771,333.110195
7772,333.115070
7773,333.121949
7774,333.130795
7775,333.141639
7776,333.154578
7777,333.169779
7778,333.187489
7779,333.208036
7780,333.231852
7781,333.259483
7782,333.291616
7783,333.329104
7784,333.373006
7785,333.424631
7786,333.485583
7787,333.557835
7788,333.643785
7789,333.746326
7790,333.868852
7791,334.015076
7792,334.188175
7793,334.326098
7794,334.436680
7795,334.524730
7796,334.593665
7797,334.646071
7798,334.683925
7799,334.708708
7800,334.721470
7801,334.722873
7802,334.713224
7803,334.692482
7804,334.660252
7805,334.615751
7806,334.557704
7807,334.484058
7808,332.858201
7809,332.878837
7810,332.901985
7811,332.927984
7812,332.957241
7813,332.990094
7814,333.020559
7815,333.046554
7816,333.068933
7817,333.088225
7818,333.104801
7819,333.118922
7820,333.130767
7821,333.140441
7822,333.147977
7823,333.153341
7824,333.156425
7825,333.157047
7826,333.154937
7827,333.149724
7828,333.140896
7829,333.127700
7830,333.115607
7831,333.107151
7832,333.101979
7833,333.099700
7834,333.099976
7835,333.102549
7836,333.107238
7837,333.113936
7838,333.122605
7839,333.133277
7840,333.146049
7841,333.161088
7842,333.178640
7843,333.199037
7844,333.222708
7845,333.250202
7846,333.282204
7847,333.319570
7848,333.363358
7849,333.414876
7850,333.475729
7851,333.547886
7852,333.633748
7853,333.736206
7854,333.858659
7855,334.004825
7856,334.177888
7857,334.315797
7858,334.426395
7859,334.514492
7860,334.583509
7861,334.636029
7862,334.674029
7863,334.698986
7864,334.711949
7865,334.713580
7866,334.704184
7867,334.683720
7868,334.651792
7869,334.607618
7870,334.549924
7871,334.476658
7872,332.856738
7873,332.877212
7874,332.900124
7875,332.925824
7876,332.954736
7877,332.987214
7878,333.017294
7879,333.042903
7880,333.064901
7881,333.083823
7882,333.100041
7883,333.113822
7884,333.125344
7885,333.134715
7886,333.141968
7887,333.147069
7888,333.149911
7889,333.150312
7890,333.148001
7891,333.142606
7892,333.133610
7893,333.120252
7894,333.108003
7895,333.099391
7896,333.094062
7897,333.091619
7898,333.091722
7899,333.094112
7900,333.098607
7901,333.105099
7902,333.113552
7903,333.123994
7904,333.136522
7905,333.151304
7906,333.168582
7907,333.188684
7908,333.212040
7909,333.239191
7910,333.270821
7911,333.307778
7912,333.351115
7913,333.402131
7914,333.462424
7915,333.533960
7916,333.619135
7917,333.720847
7918,333.842509
7919,333.987867
7920,334.160143
7921,334.297333
7922,334.407297
7923,334.494868
7924,334.563475
7925,334.615709
7926,334.653543
7927,334.678451
7928,334.691477
7929,334.693280
7930,334.684163
7931,334.664082
7932,334.632644
7933,334.589068
7934,334.532082
7935,334.459636
7936,332.855046
7937,332.875305
7938,332.897892
7939,332.923183
7940,332.951624
7941,332.983596
7942,333.013166
7943,333.038274
7944,333.059789
7945,333.078253
7946,333.094043
7947,333.107428
7948,333.118589
7949,333.127632
7950,333.134592
7951,333.139435
7952,333.142056
7953,333.142270
7954,333.139807
7955,333.134288
7956,333.125192
7957,333.111744
7958,333.099410
7959,333.090710
7960,333.085279
7961,333.082714
7962,333.082670
7963,333.084887
7964,333.089181
7965,333.095445
7966,333.103641
7967,333.113796
7968,333.126005
7969,333.140433
7970,333.157319
7971,333.176986
7972,333.199855
7973,333.226461
7974,333.257476
7975,333.293738
7976,333.336285
7977,333.386401
7978,333.445670
7979,333.516043
7980,333.599910
7981,333.700176
7982,333.820281
7983,333.964026
7984,334.134711
7985,334.270420
7986,334.379058
7987,334.465496
7988,334.533186
7989,334.584722
7990,334.622074
7991,334.646707
7992,334.659657
7993,334.661576
7994,334.652763
7995,334.633175
7996,334.602418
7997,334.559716
7998,334.503801
7999,334.432633
8000,332.853221
8001,332.873194
8002,332.895343
8003,332.920083
8004,332.947897
8005,332.979205
8006,333.008116
8007,333.032589
8008,333.053505
8009,333.071416
8010,333.086702
8011,333.099634
8012,333.110392
8013,333.119083
8014,333.125741
8015,333.130333
8016,333.132754
8017,333.132820
8018,333.130260
8019,333.124690
8020,333.115575
8021,333.102125
8022,333.089795
8023,333.081090
8024,333.075625
8025,333.072987
8026,333.072828
8027,333.074884
8028,333.078973
8029,333.084987
8030,333.092887
8031,333.102699
8032,333.114516
8033,333.128496
8034,333.144874
8035,333.163964
8036,333.186178
8037,333.212037
8038,333.242198
8039,333.277479
8040,333.318897
8041,333.367711
8042,333.425479
8043,333.494127
8044,333.576027
8045,333.674082
8046,333.791767
8047,333.932968
8048,334.101140
8049,334.234492
8050,334.341022
8051,334.425663
8052,334.491892
8053,334.542299
8054,334.578843
8055,334.602971
8056,334.615705
8057,334.617685
8058,334.609203
8059,334.590217
8060,334.560338
8061,334.518796
8062,334.464336
8063,334.394931
8064,332.851407
8065,332.870988
8066,332.892541
8067,332.916544
8068,332.943529
8069,332.973971
8070,333.002034
8071,333.025709
8072,333.045893
8073,333.063145
8074,333.077845
8075,333.090262
8076,333.100574
8077,333.108886
8078,333.115233
8079,333.119583
8080,333.121830
8081,333.121794
8082,333.119203
8083,333.113671
8084,333.104651
8085,333.091316
8086,333.079111
8087,333.070509
8088,333.065097
8089,333.062448
8090,333.062211
8091,333.064124
8092,333.068006
8093,333.073750
8094,333.081318
8095,333.090733
8096,333.102084
8097,333.115525
8098,333.131281
8099,333.149658
8100,333.171050
8101,333.195964
8102,333.225034
8103,333.259052
8104,333.299003
8105,333.346110
8106,333.401889
8107,333.468223
8108,333.547444
8109,333.642431
8110,333.756678
8111,333.894184
8112,334.058691
8113,334.188598
8114,334.292096
8115,334.374192
8116,334.438366
8117,334.487189
8118,334.522585
8119,334.545972
8120,334.558346
8121,334.560330
8122,334.552210
8123,334.533941
8124,334.505143
8125,334.465063
8126,334.412466
8127,334.345353
8128,332.849841
8129,332.868834
8130,332.889559
8131,332.912580
8132,332.938469
8133,332.967760
8134,332.994721
8135,333.017393
8136,333.036689
8137,333.053161
8138,333.067185
8139,333.079020
8140,333.088840
8141,333.096746
8142,333.102773
8143,333.106887
8144,333.108990
8145,333.108903
8146,333.106363
8147,333.100986
8148,333.092219
8149,333.079191
8150,333.067299
8151,333.058953
8152,333.053703
8153,333.051116
8154,333.050846
8155,333.052637
8156,333.056312
8157,333.061769
8158,333.068969
8159,333.077934
8160,333.088750
8161,333.101563
8162,333.116588
8163,333.134117
8164,333.154527
8165,333.178303
8166,333.206050
8167,333.238528
8168,333.276679
8169,333.321675
8170,333.374972
8171,333.438384
8172,333.514166
8173,333.605123
8174,333.714703
8175,333.846974
8176,334.006112
8177,334.131114
8178,334.230451
8179,334.309144
8180,334.370615
8181,334.417367
8182,334.451259
8183,334.473661
8184,334.485528
8185,334.487462
8186,334.479734
8187,334.462302
8188,334.434799
8189,334.396500
8190,334.346210
8191,334.281984
8192,332.699132
8193,332.709047
8194,332.718981
8195,332.728899
8196,332.738767
8197,332.748545
8198,332.758188
8199,332.767646
8200,332.776861
8201,332.785775
8202,332.794324
8203,332.802444
8204,332.810074
8205,332.817154
8206,332.823630
8207,332.829455
8208,332.834592
8209,332.839011
8210,332.842695
8211,332.845636
8212,332.847837
8213,332.849313
8214,332.850089
8215,332.850200
8216,332.849691
8217,332.848612
8218,332.847021
8219,332.844980
8220,332.842552
8221,332.839802
8222,332.836789
8223,332.833573
8224,332.830206
8225,332.826736
8226,332.823205
8227,332.819648
8228,332.816093
8229,332.812566
8230,332.809083
8231,332.805660
8232,332.802306
8233,332.799027
8234,332.795827
8235,332.792710
8236,332.789674
8237,332.786721
8238,332.783850
8239,332.781060
8240,332.778354
8241,332.775733
8242,332.773201
8243,332.770766
8244,332.768435
8245,332.766222
8246,332.764142
8247,332.762216
8248,332.760471
8249,332.758939
8250,332.757662
8251,332.756693
8252,332.756102
8253,332.755985
8254,332.756481
8255,332.757811
8256,332.710079
8257,332.720578
8258,332.731088
8259,332.741582
8260,332.752026
8261,332.762378
8262,332.772591
8263,332.782611
8264,332.792380
8265,332.801831
8266,332.810898
8267,332.819513
8268,332.827607
8269,332.835117
8270,332.841985
8271,332.848160
8272,332.853603
8273,332.858280
8274,332.862174
8275,332.865277
8276,332.867591
8277,332.869132
8278,332.869929
8279,332.870017
8280,332.869446
8281,332.868269
8282,332.866549
8283,332.864353
8284,332.861749
8285,332.858806
8286,332.855589
8287,332.852160
8288,332.848577
8289,332.844890
8290,332.841142
8291,332.837370
8292,332.833606
8293,332.829874
8294,332.826192
8295,332.822576
8296,332.819034
8297,332.815573
8298,332.812198
8299,332.808909
8300,332.805708
8301,332.802592
8302,332.799563
8303,332.796618
8304,332.793760
8305,332.790990
8306,332.788312
8307,332.785733
8308,332.783261
8309,332.780909
8310,332.778693
8311,332.776635
8312,332.774760
8313,332.773102
8314,332.771701
8315,332.770608
8316,332.769889
8317,332.769627
8318,332.769929
8319,332.770931
8320,332.720918
8321,332.732013
8322,332.743119
8323,332.754210
8324,332.765254
8325,332.776209
8326,332.787026
8327,332.797648
8328,332.808010
8329,332.818043
8330,332.827673
8331,332.836825
8332,332.845425
8333,332.853403
8334,332.860696
8335,332.867249
8336,332.873017
8337,332.877966
8338,332.882076
8339,332.885337
8340,332.887754
8341,332.889345
8342,332.890137
8343,332.890172
8344,332.889502
8345,332.888188
8346,332.886296
8347,332.883902
8348,332.881078
8349,332.877901
8350,332.874441
8351,332.870767
8352,332.866937
8353,332.863007
8354,332.859022
8355,332.855021
8356,332.851035
8357,332.847090
8358,332.843204
8359,332.839392
8360,332.835663
8361,332.832023
8362,332.828474
8363,332.825018
8364,332.821653
8365,332.818378
8366,332.815193
8367,332.812094
8368,332.809083
8369,332.806162
8370,332.803332
8371,332.800600
8372,332.797975
8373,332.795469
8374,332.793098
8375,332.790882
8376,332.788846
8377,332.787021
8378,332.785445
8379,332.784165
8380,332.783234
8381,332.782719
8382,332.782694
8383,332.783232
8384,332.731648
8385,332.743345
8386,332.755058
8387,332.766764
8388,332.778433
8389,332.790020
8390,332.801475
8391,332.812737
8392,332.823735
8393,332.834395
8394,332.844634
8395,332.854370
8396,332.863520
8397,332.872006
8398,332.879759
8399,332.886717
8400,332.892831
8401,332.898065
8402,332.902396
8403,332.905815
8404,332.908325
8405,332.909946
8406,332.910709
8407,332.910659
8408,332.909853
8409,332.908359
8410,332.906252
8411,332.903612
8412,332.900524
8413,332.897070
8414,332.893329
8415,332.889373
8416,332.885267
8417,332.881069
8418,332.876827
8419,332.872581
8420,332.868363
8421,332.864198
8422,332.860105
8423,332.856097
8424,332.852181
8425,332.848364
8426,332.844645
8427,332.841026
8428,332.837503
8429,332.834073
8430,332.830734
8431,332.827483
8432,332.824320
8433,332.821244
8434,332.818257
8435,332.815366
8436,332.812577
8437,332.809903
8438,332.807356
8439,332.804958
8440,332.802730
8441,332.800702
8442,332.798907
8443,332.797383
8444,332.796177
8445,332.795335
8446,332.794907
8447,332.794934
8448,332.742254
8449,332.754554
8450,332.766883
8451,332.779220
8452,332.791535
8453,332.803782
8454,332.815908
8455,332.827848
8456,332.839527
8457,332.850860
8458,332.861757
8459,332.872124
8460,332.881870
8461,332.890905
8462,332.899153
8463,332.906545
8464,332.913027
8465,332.918559
8466,332.923117
8467,332.926690
8468,332.929283
8469,332.930916
8470,332.931624
8471,332.931457
8472,332.930477
8473,332.928759
8474,332.926389
8475,332.923457
8476,332.920058
8477,332.916283
8478,332.912220
8479,332.907949
8480,332.903538
8481,332.899049
8482,332.894532
8483,332.890028
8484,332.885568
8485,332.881179
8486,332.876876
8487,332.872672
8488,332.868574
8489,332.864584
8490,332.860701
8491,332.856924
8492,332.853249
8493,332.849669
8494,332.846181
8495,332.842781
8496,332.839466
8497,332.836234
8498,332.833088
8499,332.830030
8500,332.827067
8501,332.824209
8502,332.821471
8503,332.818868
8504,332.816421
8505,332.814157
8506,332.812104
8507,332.810295
8508,332.808764
8509,332.807547
8510,332.806677
8511,332.806175
8512,332.752710
8513,332.765611
8514,332.778562
8515,332.791542
8516,332.804521
8517,332.817453
8518,332.830282
8519,332.842938
8520,332.855340
8521,332.867394
8522,332.878998
8523,332.890047
8524,332.900434
8525,332.910061
8526,332.918839
8527,332.926694
8528,332.933565
8529,332.939410
8530,332.944200
8531,332.947925
8532,332.950590
8533,332.952218
8534,332.952845
8535,332.952527
8536,332.951333
8537,332.949348
8538,332.946667
8539,332.943394
8540,332.939636
8541,332.935497
8542,332.931074
8543,332.926454
8544,332.921711
8545,332.916910
8546,332.912102
8547,332.907329
8548,332.902622
8549,332.898005
8550,332.893494
8551,332.889098
8552,332.884822
8553,332.880667
8554,332.876628
8555,332.872702
8556,332.868881
8557,332.865159
8558,332.861528
8559,332.857983
8560,332.854518
8561,332.851131
8562,332.847821
8563,332.844591
8564,332.841446
8565,332.838394
8566,332.835447
8567,332.832619
8568,332.829931
8569,332.827404
8570,332.825062
8571,332.822932
8572,332.821043
8573,332.819419
8574,332.818084
8575,332.817050
8576,332.762980
8577,332.776478
8578,332.790052
8579,332.803685
8580,332.817342
8581,332.830981
8582,332.844541
8583,332.857948
8584,332.871114
8585,332.883936
8586,332.896297
8587,332.908076
8588,332.919153
8589,332.929413
8590,332.938757
8591,332.947102
8592,332.954382
8593,332.960551
8594,332.965579
8595,332.969454
8596,332.972182
8597,332.973787
8598,332.974309
8599,332.973809
8600,332.972362
8601,332.970064
8602,332.967024
8603,332.963361
8604,332.959198
8605,332.954652
8606,332.949832
8607,332.944833
8608,332.939736
8609,332.934605
8610,332.929495
8611,332.924447
8612,332.919490
8613,332.914648
8614,332.909933
8615,332.905352
8616,332.900907
8617,332.896595
8618,332.892411
8619,332.888346
8620,332.884391
8621,332.880535
8622,332.876769
8623,332.873084
8624,332.869474
8625,332.865933
8626,332.862459
8627,332.859053
8628,332.855718
8629,332.852461
8630,332.849292
8631,332.846224
8632,332.843273
8633,332.840460
8634,332.837804
8635,332.835329
8636,332.833056
8637,332.831005
8638,332.829193
8639,332.827626
8640,332.773020
8641,332.787108
8642,332.801305
8643,332.815591
8644,332.829938
8645,332.844298
8646,332.858612
8647,332.872802
8648,332.886770
8649,332.900403
8650,332.913569
8651,332.926128
8652,332.937938
8653,332.948871
8654,332.958813
8655,332.967673
8656,332.975381
8657,332.981885
8658,332.987155
8659,332.991179
8660,332.993961
8661,332.995528
8662,332.995923
8663,332.995211
8664,332.993476
8665,332.990823
8666,332.987377
8667,332.983276
8668,332.978662
8669,332.973671
8670,332.968423
8671,332.963021
8672,332.957551
8673,332.952080
8674,332.946662
8675,332.941336
8676,332.936133
8677,332.931071
8678,332.926160
8679,332.921404
8680,332.916803
8681,332.912349
8682,332.908032
8683,332.903842
8684,332.899765
8685,332.895787
8686,332.891896
8687,332.888080
8688,332.884330
8689,332.880639
8690,332.877002
8691,332.873418
8692,332.869888
8693,332.866418
8694,332.863015
8695,332.859692
8696,332.856463
8697,332.853344
8698,332.850355
8699,332.847514
8700,332.844840
8701,332.842348
8702,332.840052
8703,332.837956
8704,332.782783
8705,332.797449
8706,332.812259
8707,332.827198
8708,332.842236
8709,332.857328
8710,332.872411
8711,332.887404
8712,332.902205
8713,332.916687
8714,332.930702
8715,332.944086
8716,332.956671
8717,332.968309
8718,332.978876
8719,332.988271
8720,332.996420
8721,333.003269
8722,333.008785
8723,333.012955
8724,333.015786
8725,333.017303
8726,333.017554
8727,333.016607
8728,333.014552
8729,333.011507
8730,333.007613
8731,333.003030
8732,332.997927
8733,332.992459
8734,332.986759
8735,332.980938
8736,332.975085
8737,332.969269
8738,332.963544
8739,332.957947
8740,332.952505
8741,332.947234
8742,332.942141
8743,332.937227
8744,332.932484
8745,332.927905
8746,332.923473
8747,332.919174
8748,332.914990
8749,332.910905
8750,332.906901
8751,332.902965
8752,332.899084
8753,332.895248
8754,332.891450
8755,332.887687
8756,332.883959
8757,332.880269
8758,332.876625
8759,332.873035
8760,332.869513
8761,332.866075
8762,332.862736
8763,332.859514
8764,332.856425
8765,332.853484
8766,332.850700
8767,332.848078
8768,332.792211
8769,332.807439
8770,332.822851
8771,332.838434
8772,332.854157
8773,332.869979
8774,332.885835
8775,332.901644
8776,332.917296
8777,332.932654
8778,332.947552
8779,332.961796
8780,332.975186
8781,332.987554
8782,332.998763
8783,333.008706
8784,333.017304
8785,333.024502
8786,333.030266
8787,333.034582
8788,333.037457
8789,333.038919
8790,333.039016
8791,333.037818
8792,333.035424
8793,333.031959
8794,333.027583
8795,333.022484
8796,333.016864
8797,333.010899
8798,333.004735
8799,332.998491
8800,332.992256
8801,332.986102
8802,332.980079
8803,332.974223
8804,332.968558
8805,332.963095
8806,332.957839
8807,332.952785
8808,332.947923
8809,332.943238
8810,332.938712
8811,332.934325
8812,332.930054
8813,332.925878
8814,332.921777
8815,332.917733
8816,332.913730
8817,332.909756
8818,332.905802
8819,332.901862
8820,332.897935
8821,332.894022
8822,332.890129
8823,332.886263
8824,332.882438
8825,332.878667
8826,332.874966
8827,332.871351
8828,332.867837
8829,332.864440
8830,332.861166
8831,332.858022
8832,332.801246
8833,332.817017
8834,332.833012
8835,332.849219
8836,332.865614
8837,332.882152
8838,332.898773
8839,332.915392
8840,332.931895
8841,332.948138
8842,332.963935
8843,332.979057
8844,332.993266
8845,333.006370
8846,333.018225
8847,333.028717
8848,333.037765
8849,333.045311
8850,333.051323
8851,333.055785
8852,333.058706
8853,333.060113
8854,333.060055
8855,333.058605
8856,333.055866
8857,333.051972
8858,333.047098
8859,333.041466
8860,333.035320
8861,333.028857
8862,333.022236
8863,333.015578
8864,333.008976
8865,333.002500
8866,332.996198
8867,332.990104
8868,332.984238
8869,332.978607
8870,332.973212
8871,332.968043
8872,332.963087
8873,332.958323
8874,332.953727
8875,332.949275
8876,332.944938
8877,332.940692
8878,332.936511
8879,332.932374
8880,332.928262
8881,332.924160
8882,332.920056
8883,332.915943
8884,332.911817
8885,332.907679
8886,332.903532
8887,332.899384
8888,332.895247
8889,332.891133
8890,332.887059
8891,332.883041
8892,332.879096
8893,332.875236
8894,332.871473
8895,332.867811
8896,332.809830
8897,332.826116
8898,332.842668
8899,332.859476
8900,332.876515
8901,332.893745
8902,332.911105
8903,332.928509
8904,332.945840
8905,332.962945
8906,332.979622
8907,332.995607
8908,333.010617
8909,333.024442
8910,333.036927
8911,333.047957
8912,333.057446
8913,333.065336
8914,333.071593
8915,333.076204
8916,333.079175
8917,333.080534
8918,333.080332
8919,333.078645
8920,333.075578
8921,333.071273
8922,333.065919
8923,333.059773
8924,333.053123
8925,333.046188
8926,333.039135
8927,333.032092
8928,333.025152
8929,333.018383
8930,333.011832
8931,333.005529
8932,332.999491
8933,332.993722
8934,332.988218
8935,332.982965
8936,332.977943
8937,332.973129
8938,332.968492
8939,332.964002
8940,332.959625
8941,332.955331
8942,332.951090
8943,332.946877
8944,332.942670
8945,332.938451
8946,332.934206
8947,332.929925
8948,332.925604
8949,332.921240
8950,332.916838
8951,332.912403
8952,332.907946
8953,332.903482
8954,332.899027
8955,332.894598
8956,332.890214
8957,332.885889
8958,332.881635
8959,332.877459
8960,332.817901
8961,332.834674
8962,332.851751
8963,332.869124
8964,332.886772
8965,332.904655
8966,332.922711
8967,332.940855
8968,332.958966
8969,332.976879
8970,332.994375
8971,333.011162
8972,333.026921
8973,333.041426
8974,333.054511
8975,333.066053
8976,333.075965
8977,333.084188
8978,333.090687
8979,333.095448
8980,333.098478
8981,333.099806
8982,333.099484
8983,333.097589
8984,333.094232
8985,333.089564
8986,333.083790
8987,333.077194
8988,333.070099
8989,333.062744
8990,333.055310
8991,333.047926
8992,333.040691
8993,333.033670
8994,333.026909
8995,333.020436
8996,333.014263
8997,333.008391
8998,333.002813
8999,332.997509
9000,332.992457
9001,332.987626
9002,332.982980
9003,332.978482
9004,332.974093
9005,332.969776
9006,332.965498
9007,332.961228
9008,332.956942
9009,332.952618
9010,332.948242
9011,332.943801
9012,332.939289
9013,332.934702
9014,332.930043
9015,332.925319
9016,332.920538
9017,332.915718
9018,332.910874
9019,332.906029
9020,332.901201
9021,332.896408
9022,332.891664
9023,332.886976
9024,332.825404
9025,332.842628
9026,332.860192
9027,332.878089
9028,332.896299
9029,332.914784
9030,332.933482
9031,332.952304
9032,332.971125
9033,332.989771
9034,333.008005
9035,333.025514
9036,333.041953
9037,333.057080
9038,333.070717
9039,333.082736
9040,333.093045
9041,333.101585
9042,333.108319
9043,333.113233
9044,333.116336
9045,333.117655
9046,333.117245
9047,333.115187
9048,333.111595
9049,333.106631
9050,333.100516
9051,333.093554
9052,333.086093
9053,333.078392
9054,333.070641
9055,333.062979
9056,333.055504
9057,333.048283
9058,333.041362
9059,333.034763
9060,333.028499
9061,333.022566
9062,333.016953
9063,333.011638
9064,333.006592
9065,333.001779
9066,332.997159
9067,332.992687
9068,332.988315
9069,332.984003
9070,332.979710
9071,332.975404
9072,332.971056
9073,332.966643
9074,332.962148
9075,332.957556
9076,332.952859
9077,332.948054
9078,332.943141
9079,332.938126
9080,332.933020
9081,332.927838
9082,332.922601
9083,332.917333
9084,332.912057
9085,332.906795
9086,332.901561
9087,332.896367
9088,332.832288
9089,332.849924
9090,332.867931
9091,332.886302
9092,332.905020
9093,332.924046
9094,332.943318
9095,332.962745
9096,332.982195
9097,333.001486
9098,333.020367
9099,333.038508
9100,333.055547
9101,333.071226
9102,333.085358
9103,333.097809
9104,333.108484
9105,333.117321
9106,333.124282
9107,333.129354
9108,333.132545
9109,333.133884
9110,333.133427
9111,333.131257
9112,333.127497
9113,333.122316
9114,333.115947
9115,333.108711
9116,333.100976
9117,333.093015
9118,333.085027
9119,333.077159
9120,333.069512
9121,333.062153
9122,333.055127
9123,333.048456
9124,333.042149
9125,333.036200
9126,333.030595
9127,333.025309
9128,333.020308
9129,333.015553
9130,333.010996
9131,333.006583
9132,333.002261
9133,332.997981
9134,332.993698
9135,332.989377
9136,332.984985
9137,332.980499
9138,332.975897
9139,332.971166
9140,332.966294
9141,332.961276
9142,332.956113
9143,332.950811
9144,332.945379
9145,332.939834
9146,332.934201
9147,332.928506
9148,332.922780
9149,332.917048
9150,332.911328
9151,332.905631
9152,332.838508
9153,332.856514
9154,332.874915
9155,332.893707
9156,332.912871
9157,332.932369
9158,332.952140
9159,332.972088
9160,332.992077
9161,333.011918
9162,333.031350
9163,333.050028
9164,333.067579
9165,333.083735
9166,333.098299
9167,333.111132
9168,333.122137
9169,333.131248
9170,333.138427
9171,333.143661
9172,333.146958
9173,333.148349
9174,333.147890
9175,333.145669
9176,333.141813
9177,333.136499
9178,333.129969
9179,333.122558
9180,333.114646
9181,333.106518
9182,333.098383
9183,333.090390
9184,333.082645
9185,333.075216
9186,333.068148
9187,333.061462
9188,333.055165
9189,333.049250
9190,333.043698
9191,333.038483
9192,333.033568
9193,333.028909
9194,333.024451
9195,333.020133
9196,333.015892
9197,333.011670
9198,333.007422
9199,333.003106
9200,332.998690
9201,332.994147
9202,332.989453
9203,332.984594
9204,332.979558
9205,332.974337
9206,332.968932
9207,332.963348
9208,332.957594
9209,332.951688
9210,332.945658
9211,332.939536
9212,332.933360
9213,332.927160
9214,332.920958
9215,332.914765
9216,332.844028
9217,332.862359
9218,332.881102
9219,332.900255
9220,332.919799
9221,332.939696
9222,332.959883
9223,332.980264
9224,333.000698
9225,333.020990
9226,333.040873
9227,333.059992
9228,333.077965
9229,333.094517
9230,333.109445
9231,333.122607
9232,333.133901
9233,333.143261
9234,333.150649
9235,333.156050
9236,333.159472
9237,333.160949
9238,333.160538
9239,333.158329
9240,333.154453
9241,333.149092
9242,333.142498
9243,333.135013
9244,333.127025
9245,333.118829
9246,333.110638
9247,333.102608
9248,333.094846
9249,333.087422
9250,333.080379
9251,333.073739
9252,333.067508
9253,333.061676
9254,333.056223
9255,333.051122
9256,333.046331
9257,333.041804
9258,333.037480
9259,333.033290
9260,333.029157
9261,333.025020
9262,333.020828
9263,333.016539
9264,333.012116
9265,333.007532
9266,333.002763
9267,332.997791
9268,332.992602
9269,332.987191
9270,332.981555
9271,332.975697
9272,332.969630
9273,332.963371
9274,332.956948
9275,332.950403
9276,332.943783
9277,332.937122
9278,332.930444
9279,332.923762
9280,332.848823
9281,332.867431
9282,332.886461
9283,332.905913
9284,332.925767
9285,332.945985
9286,332.966503
9287,332.987224
9288,333.008006
9289,333.028648
9290,333.048880
9291,333.068341
9292,333.086645
9293,333.103511
9294,333.118734
9295,333.132168
9296,333.143710
9297,333.153293
9298,333.160878
9299,333.166450
9300,333.170019
9301,333.171617
9302,333.171305
9303,333.169173
9304,333.165355
9305,333.160038
9306,333.153475
9307,333.146018
9308,333.138057
9309,333.129893
9310,333.121744
9311,333.113767
9312,333.106072
9313,333.098729
9314,333.091782
9315,333.085252
9316,333.079143
9317,333.073446
9318,333.068139
9319,333.063191
9320,333.058561
9321,333.054197
9322,333.050034
9323,333.045993
9324,333.041991
9325,333.037960
9326,333.033845
9327,333.029601
9328,333.025191
9329,333.020584
9330,333.015755
9331,333.010685
9332,333.005360
9333,332.999772
9334,332.993918
9335,332.987802
9336,332.981435
9337,332.974836
9338,332.968037
9339,332.961084
9340,332.954033
9341,332.946922
9342,332.939777
9343,332.932616
9344,332.852876
9345,332.871712
9346,332.890974
9347,332.910660
9348,332.930752
9349,332.951211
9350,332.971973
9351,332.992940
9352,333.013969
9353,333.034859
9354,333.055337
9355,333.075041
9356,333.093584
9357,333.110681
9358,333.126127
9359,333.139776
9360,333.151523
9361,333.161302
9362,333.169073
9363,333.174822
9364,333.178558
9365,333.180315
9366,333.180152
9367,333.178163
9368,333.174483
9369,333.169297
9370,333.162865
9371,333.155536
9372,333.147707
9373,333.139677
9374,333.131667
9375,333.123836
9376,333.116293
9377,333.109110
9378,333.102330
9379,333.095974
9380,333.090046
9381,333.084535
9382,333.079419
9383,333.074665
9384,333.070229
9385,333.066056
9386,333.062077
9387,333.058207
9388,333.054354
9389,333.050448
9390,333.046428
9391,333.042248
9392,333.037868
9393,333.033255
9394,333.028384
9395,333.023233
9396,333.017788
9397,333.012040
9398,333.005985
9399,332.999628
9400,332.992979
9401,332.986059
9402,332.978903
9403,332.971562
9404,332.964097
9405,332.956550
9406,332.948952
9407,332.941321
9408,332.856182
9409,332.875197
9410,332.894634
9411,332.914490
9412,332.934746
9413,332.955365
9414,332.976282
9415,332.997400
9416,333.018577
9417,333.039612
9418,333.060233
9419,333.080081
9420,333.098769
9421,333.116014
9422,333.131612
9423,333.145417
9424,333.157326
9425,333.167272
9426,333.175217
9427,333.181147
9428,333.185072
9429,333.187024
9430,333.187064
9431,333.185284
9432,333.181819
9433,333.176856
9434,333.170651
9435,333.163553
9436,333.155958
9437,333.148164
9438,333.140393
9439,333.132800
9440,333.125496
9441,333.118552
9442,333.112011
9443,333.105893
9444,333.100203
9445,333.094928
9446,333.090047
9447,333.085524
9448,333.081314
9449,333.077359
9450,333.073587
9451,333.069907
9452,333.066223
9453,333.062458
9454,333.058552
9455,333.054454
9456,333.050121
9457,333.045520
9458,333.040624
9459,333.035411
9460,333.029864
9461,333.023975
9462,333.017739
9463,333.011159
9464,333.004248
9465,332.997029
9466,332.989538
9467,332.981830
9468,332.973969
9469,332.966004
9470,332.957966
9471,332.949876
9472,332.858746
9473,332.877893
9474,332.897448
9475,332.917409
9476,332.937757
9477,332.958455
9478,332.979439
9479,333.000613
9480,333.021837
9481,333.042915
9482,333.063577
9483,333.083469
9484,333.102208
9485,333.119518
9486,333.135196
9487,333.149098
9488,333.161126
9489,333.171212
9490,333.179319
9491,333.185435
9492,333.189568
9493,333.191751
9494,333.192045
9495,333.190541
9496,333.187370
9497,333.182718
9498,333.176836
9499,333.170072
9500,333.162814
9501,333.155359
9502,333.147923
9503,333.140661
9504,333.133681
9505,333.127054
9506,333.120822
9507,333.115005
9508,333.109608
9509,333.104619
9510,333.100015
9511,333.095760
9512,333.091808
9513,333.088097
9514,333.084553
9515,333.081083
9516,333.077585
9517,333.073980
9518,333.070204
9519,333.066205
9520,333.061937
9521,333.057367
9522,333.052465
9523,333.047208
9524,333.041579
9525,333.035569
9526,333.029172
9527,333.022392
9528,333.015242
9529,333.007746
9530,332.999941
9531,332.991888
9532,332.983652
9533,332.975285
9534,332.966821
9535,332.958283
9536,332.860587
9537,332.879817
9538,332.899435
9539,332.919438
9540,332.939808
9541,332.960506
9542,332.981470
9543,333.002607
9544,333.023779
9545,333.044797
9546,333.065397
9547,333.085234
9548,333.103932
9549,333.121222
9550,333.136908
9551,333.150851
9552,333.162954
9553,333.173152
9554,333.181410
9555,333.187715
9556,333.192076
9557,333.194526
9558,333.195124
9559,333.193960
9560,333.191161
9561,333.186908
9562,333.181447
9563,333.175117
9564,333.168299
9565,333.161281
9566,333.154276
9567,333.147435
9568,333.140862
9569,333.134627
9570,333.128773
9571,333.123319
9572,333.118269
9573,333.113612
9574,333.109326
9575,333.105374
9576,333.101709
9577,333.098269
9578,333.094975
9579,333.091733
9580,333.088439
9581,333.085012
9582,333.081384
9583,333.077500
9584,333.073316
9585,333.068795
9586,333.063906
9587,333.058625
9588,333.052936
9589,333.046825
9590,333.040290
9591,333.033332
9592,333.025966
9593,333.018216
9594,333.010122
9595,333.001744
9596,332.993153
9597,332.984402
9598,332.975526
9599,332.966551
9600,332.861732
9601,332.881000
9602,332.900628
9603,332.920613
9604,332.940936
9605,332.961558
9606,332.982419
9607,333.003428
9608,333.024452
9609,333.045308
9610,333.065745
9611,333.085427
9612,333.103992
9613,333.121180
9614,333.136805
9615,333.150732
9616,333.162868
9617,333.173151
9618,333.181548
9619,333.188045
9620,333.192653
9621,333.195404
9622,333.196355
9623,333.195593
9624,333.193242
9625,333.189475
9626,333.184529
9627,333.178732
9628,333.172454
9629,333.165973
9630,333.159492
9631,333.153157
9632,333.147070
9633,333.141300
9634,333.135887
9635,333.130852
9636,333.126201
9637,333.121922
9638,333.117992
9639,333.114377
9640,333.111027
9641,333.107881
9642,333.104860
9643,333.101865
9644,333.098794
9645,333.095561
9646,333.092098
9647,333.088348
9648,333.084266
9649,333.079813
9650,333.074958
9651,333.069674
9652,333.063945
9653,333.057757
9654,333.051106
9655,333.043995
9656,333.036436
9657,333.028456
9658,333.020095
9659,333.011415
9660,333.002488
9661,332.993368
9662,332.984095
9663,332.974693
9664,332.862219
9665,332.881481
9666,332.901071
9667,332.920982
9668,332.941194
9669,332.961670
9670,332.982349
9671,333.003143
9672,333.023925
9673,333.044522
9674,333.064695
9675,333.084126
9676,333.102467
9677,333.119475
9678,333.134971
9679,333.148828
9680,333.160958
9681,333.171301
9682,333.179824
9683,333.186517
9684,333.191388
9685,333.194471
9686,333.195820
9687,333.195520
9688,333.193688
9689,333.190491
9690,333.186154
9691,333.180987
9692,333.175346
9693,333.169494
9694,333.163625
9695,333.157877
9696,333.152350
9697,333.147110
9698,333.142199
9699,333.137637
9700,333.133430
9701,333.129569
9702,333.126033
9703,333.122785
9704,333.119778
9705,333.116951
9706,333.114222
9707,333.111495
9708,333.108663
9709,333.105642
9710,333.102362
9711,333.098766
9712,333.094805
9713,333.090440
9714,333.085638
9715,333.080374
9716,333.074628
9717,333.068386
9718,333.061643
9719,333.054402
9720,333.046675
9721,333.038489
9722,333.029883
9723,333.020922
9724,333.011678
9725,333.002206
9726,332.992547
9727,332.982728
9728,332.862095
9729,332.881313
9730,332.900819
9731,332.920604
9732,332.940649
9733,332.960914
9734,332.981339
9735,333.001839
9736,333.022294
9737,333.042540
9738,333.062354
9739,333.081439
9740,333.099472
9741,333.116224
9742,333.131529
9743,333.145267
9744,333.157354
9745,333.167733
9746,333.176372
9747,333.183262
9748,333.188411
9749,333.191853
9750,333.193640
9751,333.193855
9752,333.192610
9753,333.190061
9754,333.186420
9755,333.181977
9756,333.177064
9757,333.171928
9758,333.166750
9759,333.161662
9760,333.156761
9761,333.152111
9762,333.147754
9763,333.143712
9764,333.139993
9765,333.136588
9766,333.133476
9767,333.130625
9768,333.127987
9769,333.125500
9770,333.123085
9771,333.120643
9772,333.118070
9773,333.115279
9774,333.112200
9775,333.108774
9776,333.104954
9777,333.100698
9778,333.095972
9779,333.090749
9780,333.085009
9781,333.078738
9782,333.071928
9783,333.064581
9784,333.056711
9785,333.048342
9786,333.039515
9787,333.030293
9788,333.020749
9789,333.010941
9790,333.000908
9791,332.990680
9792,332.861415
9793,332.880553
9794,332.899935
9795,332.919552
9796,332.939379
9797,332.959377
9798,332.979488
9799,332.999627
9800,333.019679
9801,333.039491
9802,333.058858
9803,333.077511
9804,333.095157
9805,333.111588
9806,333.126648
9807,333.140226
9808,333.152238
9809,333.162633
9810,333.171378
9811,333.178465
9812,333.183904
9813,333.187727
9814,333.189985
9815,333.190759
9816,333.190158
9817,333.188326
9818,333.185461
9819,333.181827
9820,333.177724
9821,333.173378
9822,333.168959
9823,333.164594
9824,333.160374
9825,333.156364
9826,333.152607
9827,333.149127
9828,333.145932
9829,333.143016
9830,333.140359
9831,333.137930
9832,333.135684
9833,333.133558
9834,333.131475
9835,333.129338
9836,333.127040
9837,333.124497
9838,333.121638
9839,333.118403
9840,333.114744
9841,333.110618
9842,333.105991
9843,333.100833
9844,333.095124
9845,333.088847
9846,333.081995
9847,333.074568
9848,333.066579
9849,333.058051
9850,333.049025
9851,333.039562
9852,333.029737
9853,333.019606
9854,333.009210
9855,332.998580
9856,332.860240
9857,332.879268
9858,332.898493
9859,332.917903
9860,332.937473
9861,332.957161
9862,332.976909
9863,332.996633
9864,333.016224
9865,333.035536
9866,333.054385
9867,333.072533
9868,333.089732
9869,333.105790
9870,333.120565
9871,333.133948
9872,333.145863
9873,333.156256
9874,333.165099
9875,333.172383
9876,333.178118
9877,333.182336
9878,333.185090
9879,333.186456
9880,333.186539
9881,333.185478
9882,333.183452
9883,333.180696
9884,333.177467
9885,333.173970
9886,333.170362
9887,333.166766
9888,333.163271
9889,333.159942
9890,333.156823
9891,333.153938
9892,333.151298
9893,333.148899
9894,333.146722
9895,333.144739
9896,333.142905
9897,333.141160
9898,333.139428
9899,333.137612
9900,333.135608
9901,333.133331
9902,333.130711
9903,333.127688
9904,333.124211
9905,333.120238
9906,333.115732
9907,333.110664
9908,333.105010
9909,333.098753
9910,333.091885
9911,333.084404
9912,333.076320
9913,333.067657
9914,333.058454
9915,333.048771
9916,333.038682
9917,333.028241
9918,333.017492
9919,333.006464
9920,332.858635
9921,332.877528
9922,332.896570
9923,332.915745
9924,332.935027
9925,332.954374
9926,332.973726
9927,332.993001
9928,333.012095
9929,333.030871
9930,333.049161
9931,333.066766
9932,333.083482
9933,333.099139
9934,333.113603
9935,333.126772
9936,333.138571
9937,333.148952
9938,333.157885
9939,333.165363
9940,333.171397
9941,333.176018
9942,333.179278
9943,333.181252
9944,333.182042
9945,333.181778
9946,333.180624
9947,333.178781
9948,333.176459
9949,333.173842
9950,333.171078
9951,333.168282
9952,333.165542
9953,333.162923
9954,333.160469
9955,333.158206
9956,333.156146
9957,333.154287
9958,333.152613
9959,333.151096
9960,333.149693
9961,333.148346
9962,333.146982
9963,333.145505
9964,333.143812
9965,333.141821
9966,333.139459
9967,333.136668
9968,333.133396
9969,333.129599
9970,333.125240
9971,333.120287
9972,333.114714
9973,333.108504
9974,333.101645
9975,333.094136
9976,333.085983
9977,333.077209
9978,333.067851
9979,333.057968
9980,333.047629
9981,333.036891
9982,333.025795
9983,333.014374
9984,332.856669
9985,332.875407
9986,332.894244
9987,332.913165
9988,332.932140
9989,332.951127
9990,332.970066
9991,332.988879
9992,333.007464
9993,333.025699
9994,333.043433
9995,333.060502
9996,333.076735
9997,333.091985
9998,333.106130
9999,333.119076
10000,333.130753
10001,333.141114
10002,333.150132
10003,333.157800
10004,333.164130
10005,333.169152
10006,333.172918
10007,333.175501
10008,333.176996
10009,333.177523
10010,333.177232
10011,333.176290
10012,333.174873
10013,333.173142
10014,333.171231
10015,333.169248
10016,333.167279
10017,333.165387
10018,333.163616
10019,333.161994
10020,333.160534
10021,333.159234
10022,333.158081
10023,333.157047
10024,333.156093
10025,333.155162
10026,333.154181
10027,333.153060
10028,333.151697
10029,333.150009
10030,333.147928
10031,333.145392
10032,333.142349
10033,333.138754
10034,333.134567
10035,333.129755
10036,333.124291
10037,333.118154
10038,333.111331
10039,333.103819
10040,333.095623
10041,333.086762
10042,333.077271
10043,333.067205
10044,333.056633
10045,333.045608
10046,333.034172
10047,333.022357
10048,332.854410
10049,332.872977
10050,332.891597
10051,332.910251
10052,332.928910
10053,332.947530
10054,332.966054
10055,332.984406
10056,333.002493
10057,333.020203
10058,333.037407
10059,333.053964
10060,333.069734
10061,333.084590
10062,333.098424
10063,333.111150
10064,333.122704
10065,333.133042
10066,333.142141
10067,333.149993
10068,333.156611
10069,333.162026
10070,333.166287
10071,333.169463
10072,333.171643
10073,333.172938
10074,333.173476
10075,333.173403
10076,333.172866
10077,333.172004
10078,333.170938
10079,333.169768
10080,333.168573
10081,333.167415
10082,333.166338
10083,333.165369
10084,333.164522
10085,333.163797
10086,333.163180
10087,333.162645
10088,333.162155
10089,333.161655
10090,333.161075
10091,333.160326
10092,333.159311
10093,333.157949
10094,333.156170
10095,333.153913
10096,333.151126
10097,333.147759
10098,333.143773
10099,333.139130
10100,333.133802
10101,333.127766
10102,333.121007
10103,333.113518
10104,333.105303
10105,333.096378
10106,333.086775
10107,333.076545
10108,333.065754
10109,333.054451
10110,333.042678
10111,333.030467
10112,332.851924
10113,332.870310
10114,332.888704
10115,332.907087
10116,332.925429
10117,332.943686
10118,332.961803
10119,332.979709
10120,332.997320
10121,333.014535
10122,333.031243
10123,333.047325
10124,333.062663
10125,333.077149
10126,333.090688
10127,333.103205
10128,333.114641
10129,333.124958
10130,333.134133
10131,333.142162
10132,333.149058
10133,333.154851
10134,333.159587
10135,333.163331
10136,333.166165
10137,333.168188
10138,333.169515
10139,333.170267
10140,333.170573
10141,333.170550
10142,333.170308
10143,333.169935
10144,333.169508
10145,333.169083
10146,333.168703
10147,333.168394
10148,333.168170
10149,333.168031
10150,333.167963
10151,333.167943
10152,333.167933
10153,333.167879
10154,333.167716
10155,333.167358
10156,333.166712
10157,333.165698
10158,333.164247
10159,333.162297
10160,333.159793
10161,333.156684
10162,333.152928
10163,333.148484
10164,333.143321
10165,333.137414
10166,333.130745
10167,333.123305
10168,333.115095
10169,333.106129
10170,333.096434
10171,333.086058
10172,333.075058
10173,333.063484
10174,333.051375
10175,333.038764
10176,332.849274
10177,332.867473
10178,332.885640
10179,332.903753
10180,332.921783
10181,332.939688
10182,332.957415
10183,332.974899
10184,332.992063
10185,333.008820
10186,333.025072
10187,333.040719
10188,333.055661
10189,333.069806
10190,333.083073
10191,333.095396
10192,333.106723
10193,333.117020
10194,333.126269
10195,333.134467
10196,333.141626
10197,333.147777
10198,333.152962
10199,333.157243
10200,333.160693
10201,333.163401
10202,333.165467
10203,333.166997
10204,333.168100
10205,333.168880
10206,333.169432
10207,333.169836
10208,333.170162
10209,333.170462
10210,333.170776
10211,333.171129
10212,333.171534
10213,333.171991
10214,333.172486
10215,333.172995
10216,333.173481
10217,333.173892
10218,333.174165
10219,333.174218
10220,333.173963
10221,333.173324
10222,333.172230
10223,333.170617
10224,333.168429
10225,333.165610
10226,333.162115
10227,333.157901
10228,333.152934
10229,333.147184
10230,333.140632
10231,333.133266
10232,333.125084
10233,333.116098
10234,333.106329
10235,333.095820
10236,333.084622
10237,333.072779
10238,333.060330
10239,333.047311
10240,332.846519
10241,332.864529
10242,332.882469
10243,332.900319
10244,332.918048
10245,332.935618
10246,332.952977
10247,332.970067
10248,332.986819
10249,333.003156
10250,333.018993
10251,333.034246
10252,333.048830
10253,333.062666
10254,333.075686
10255,333.087832
10256,333.099060
10257,333.109342
10258,333.118661
10259,333.127017
10260,333.134425
10261,333.140910
10262,333.146516
10263,333.151297
10264,333.155322
10265,333.158668
10266,333.161423
10267,333.163681
10268,333.165535
10269,333.167076
10270,333.168387
10271,333.169541
10272,333.170600
10273,333.171612
10274,333.172614
10275,333.173629
10276,333.174668
10277,333.175729
10278,333.176800
10279,333.177855
10280,333.178856
10281,333.179754
10282,333.180485
10283,333.180974
10284,333.181140
10285,333.180907
10286,333.180204
10287,333.178965
10288,333.177127
10289,333.174634
10290,333.171435
10291,333.167485
10292,333.162743
10293,333.157180
10294,333.150771
10295,333.143502
10296,333.135369
10297,333.126378
10298,333.116550
10299,333.105918
10300,333.094525
10301,333.082412
10302,333.069616
10303,333.056174
10304,332.843712
10305,332.861534
10306,332.879254
10307,332.896850
10308,332.914293
10309,332.931547
10310,332.948564
10311,332.965291
10312,332.981666
10313,332.997621
10314,333.013084
10315,333.027983
10316,333.042245
10317,333.055803
10318,333.068601
10319,333.080588
10320,333.091729
10321,333.101998
10322,333.111384
10323,333.119888
10324,333.127526
10325,333.134322
10326,333.140317
10327,333.145562
10328,333.150117
10329,333.154054
10330,333.157449
10331,333.160384
10332,333.162942
10333,333.165201
10334,333.167236
10335,333.169110
10336,333.170879
10337,333.172588
10338,333.174268
10339,333.175942
10340,333.177617
10341,333.179292
10342,333.180953
10343,333.182572
10344,333.184113
10345,333.185525
10346,333.186748
10347,333.187710
10348,333.188335
10349,333.188547
10350,333.188275
10351,333.187447
10352,333.186000
10353,333.183872
10354,333.181007
10355,333.177355
10356,333.172873
10357,333.167526
10358,333.161286
10359,333.154136
10360,333.146067
10361,333.137083
10362,333.127201
10363,333.116446
10364,333.104853
10365,333.092460
10366,333.079305
10367,333.065424
10368,332.840901
10369,332.858538
10370,332.876045
10371,332.893400
10372,332.910575
10373,332.927535
10374,332.944237
10375,332.960632
10376,332.976665
10377,332.992276
10378,333.007404
10379,333.021985
10380,333.035960
10381,333.049271
10382,333.061870
10383,333.073716
10384,333.084778
10385,333.095038
10386,333.104486
10387,333.113127
10388,333.120975
10389,333.128057
10390,333.134409
10391,333.140079
10392,333.145123
10393,333.149603
10394,333.153590
10395,333.157154
10396,333.160369
10397,333.163304
10398,333.166024
10399,333.168587
10400,333.171043
10401,333.173431
10402,333.175780
10403,333.178108
10404,333.180423
10405,333.182721
10406,333.184986
10407,333.187191
10408,333.189299
10409,333.191259
10410,333.193012
10411,333.194489
10412,333.195617
10413,333.196319
10414,333.196522
10415,333.196152
10416,333.195139
10417,333.193418
10418,333.190928
10419,333.187613
10420,333.183426
10421,333.178325
10422,333.172280
10423,333.165268
10424,333.157278
10425,333.148309
10426,333.138372
10427,333.127488
10428,333.115687
10429,333.103001
10430,333.089468
10431,333.075128
10432,332.838125
10433,332.855584
10434,332.872888
10435,332.890017
10436,332.906943
10437,332.923632
10438,332.940046
10439,332.956139
10440,332.971864
10441,332.987168
10442,333.001996
10443,333.016295
10444,333.030013
10445,333.043104
10446,333.055526
10447,333.067246
10448,333.078239
10449,333.088490
10450,333.097995
10451,333.106760
10452,333.114799
10453,333.122140
10454,333.128817
10455,333.134875
10456,333.140364
10457,333.145344
10458,333.149874
10459,333.154021
10460,333.157848
10461,333.161417
10462,333.164786
10463,333.168008
10464,333.171125
10465,333.174174
10466,333.177180
10467,333.180159
10468,333.183116
10469,333.186046
10470,333.188932
10471,333.191746
10472,333.194450
10473,333.196994
10474,333.199319
10475,333.201358
10476,333.203037
10477,333.204279
10478,333.205007
10479,333.205144
10480,333.204614
10481,333.203348
10482,333.201276
10483,333.198339
10484,333.194483
10485,333.189660
10486,333.183836
10487,333.176983
10488,333.169084
10489,333.160136
10490,333.150144
10491,333.139124
10492,333.127101
10493,333.114106
10494,333.100176
10495,333.085350
10496,332.835420
10497,332.852708
10498,332.869822
10499,332.886740
10500,332.903435
10501,332.919878
10502,332.936030
10503,332.951853
10504,332.967301
10505,332.982329
10506,332.996891
10507,333.010939
10508,333.024430
10509,333.037325
10510,333.049589
10511,333.061196
10512,333.072126
10513,333.082369
10514,333.091923
10515,333.100797
10516,333.109008
10517,333.116581
10518,333.123551
10519,333.129960
10520,333.135854
10521,333.141288
10522,333.146318
10523,333.151002
10524,333.155398
10525,333.159561
10526,333.163544
10527,333.167393
10528,333.171147
10529,333.174839
10530,333.178491
10531,333.182116
10532,333.185718
10533,333.189290
10534,333.192814
10535,333.196261
10536,333.199593
10537,333.202759
10538,333.205700
10539,333.208348
10540,333.210630
10541,333.212465
10542,333.213772
10543,333.214470
10544,333.214477
10545,333.213715
10546,333.212111
10547,333.209596
10548,333.206110
10549,333.201600
10550,333.196023
10551,333.189349
10552,333.181556
10553,333.172634
10554,333.162585
10555,333.151421
10556,333.139163
10557,333.125840
10558,333.111488
10559,333.096149
10560,332.832814
10561,332.849941
10562,332.866877
10563,332.883600
10564,332.900085
10565,332.916304
10566,332.932221
10567,332.947801
10568,332.963003
10569,332.977786
10570,332.992111
10571,333.005936
10572,333.019225
10573,333.031944
10574,333.044067
10575,333.055571
10576,333.066442
10577,333.076674
10578,333.086270
10579,333.095239
10580,333.103600
10581,333.111379
10582,333.118610
10583,333.125333
10584,333.131593
10585,333.137440
10586,333.142926
10587,333.148104
10588,333.153027
10589,333.157746
10590,333.162308
10591,333.166755
10592,333.171122
10593,333.175439
10594,333.179725
10595,333.183992
10596,333.188241
10597,333.192464
10598,333.196643
10599,333.200749
10600,333.204740
10601,333.208567
10602,333.212169
10603,333.215478
10604,333.218415
10605,333.220900
10606,333.222845
10607,333.224162
10608,333.224763
10609,333.224562
10610,333.223476
10611,333.221431
10612,333.218357
10613,333.214195
10614,333.208896
10615,333.202423
10616,333.194749
10617,333.185860
10618,333.175753
10619,333.164437
10620,333.151929
10621,333.138257
10622,333.123458
10623,333.107576
10624,332.830330
10625,332.847305
10626,332.864076
10627,332.880622
10628,332.896917
10629,332.912934
10630,332.928641
10631,332.944005
10632,332.958988
10633,332.973554
10634,332.987668
10635,333.001295
10636,333.014403
10637,333.026965
10638,333.038959
10639,333.050368
10640,333.061183
10641,333.071401
10642,333.081027
10643,333.090075
10644,333.098565
10645,333.106523
10646,333.113983
10647,333.120985
10648,333.127573
10649,333.133792
10650,333.139692
10651,333.145324
10652,333.150735
10653,333.155972
10654,333.161080
10655,333.166096
10656,333.171052
10657,333.175976
10658,333.180885
10659,333.185788
10660,333.190686
10661,333.195571
10662,333.200422
10663,333.205209
10664,333.209892
10665,333.214419
10666,333.218729
10667,333.222749
10668,333.226399
10669,333.229592
10670,333.232236
10671,333.234235
10672,333.235491
10673,333.235910
10674,333.235399
10675,333.233874
10676,333.231258
10677,333.227483
10678,333.222493
10679,333.216245
10680,333.208706
10681,333.199857
10682,333.189692
10683,333.178216
10684,333.165444
10685,333.151403
10686,333.136131
10687,333.119673
10688,332.827984
10689,332.844819
10690,332.861439
10691,332.877823
10692,332.893948
10693,332.909786
10694,332.925307
10695,332.940478
10696,332.955268
10697,332.969642
10698,332.983569
10699,332.997019
10700,333.009965
10701,333.022385
10702,333.034260
10703,333.045580
10704,333.056337
10705,333.066535
10706,333.076181
10707,333.085290
10708,333.093886
10709,333.101995
10710,333.109654
10711,333.116900
10712,333.123776
10713,333.130329
10714,333.136604
10715,333.142649
10716,333.148510
10717,333.154231
10718,333.159851
10719,333.165407
10720,333.170930
10721,333.176443
10722,333.181962
10723,333.187497
10724,333.193046
10725,333.198600
10726,333.204139
10727,333.209632
10728,333.215038
10729,333.220304
10730,333.225366
10731,333.230149
10732,333.234570
10733,333.238534
10734,333.241942
10735,333.244688
10736,333.246666
10737,333.247768
10738,333.247892
10739,333.246942
10740,333.244832
10741,333.241485
10742,333.236838
10743,333.230839
10744,333.223453
10745,333.214654
10746,333.204431
10747,333.192788
10748,333.179738
10749,333.165309
10750,333.149536
10751,333.132470
10752,332.825788
10753,332.842493
10754,332.858976
10755,332.875216
10756,332.891189
10757,332.906869
10758,332.922226
10759,332.937229
10760,332.951848
10761,332.966053
10762,332.979814
10763,332.993106
10764,333.005905
10765,333.018194
10766,333.029958
10767,333.041190
10768,333.051888
10769,333.062058
10770,333.071709
10771,333.080862
10772,333.089540
10773,333.097773
10774,333.105598
10775,333.113053
10776,333.120182
10777,333.127029
10778,333.133641
10779,333.140061
10780,333.146335
10781,333.152504
10782,333.158606
10783,333.164676
10784,333.170741
10785,333.176824
10786,333.182942
10787,333.189101
10788,333.195301
10789,333.201531
10790,333.207773
10791,333.213994
10792,333.220152
10793,333.226195
10794,333.232054
10795,333.237654
10796,333.242903
10797,333.247702
10798,333.251941
10799,333.255504
10800,333.258272
10801,333.260125
10802,333.260948
10803,333.260632
10804,333.259079
10805,333.256203
10806,333.251934
10807,333.246213
10808,333.238997
10809,333.230258
10810,333.219981
10811,333.208166
10812,333.194826
10813,333.179987
10814,333.163688
10815,333.145979
10816,332.823747
10817,332.840335
10818,332.856695
10819,332.872807
10820,332.888647
10821,332.904188
10822,332.919402
10823,332.934258
10824,332.948728
10825,332.962783
10826,332.976396
10827,332.989545
10828,333.002211
10829,333.014377
10830,333.026035
10831,333.037180
10832,333.047814
10833,333.057945
10834,333.067588
10835,333.076764
10836,333.085500
10837,333.093828
10838,333.101787
10839,333.109417
10840,333.116762
10841,333.123867
10842,333.130776
10843,333.137535
10844,333.144186
10845,333.150770
10846,333.157322
10847,333.163877
10848,333.170461
10849,333.177096
10850,333.183798
10851,333.190573
10852,333.197422
10853,333.204334
10854,333.211290
10855,333.218258
10856,333.225197
10857,333.232051
10858,333.238752
10859,333.245219
10860,333.251355
10861,333.257053
10862,333.262193
10863,333.266647
10864,333.270278
10865,333.272953
10866,333.274541
10867,333.274919
10868,333.273976
10869,333.271618
10870,333.267764
10871,333.262349
10872,333.255324
10873,333.246657
10874,333.236329
10875,333.224339
10876,333.210697
10877,333.195430
10878,333.178578
10879,333.160196
10880,332.821863
10881,332.838344
10882,332.854594
10883,332.870594
10884,332.886319
10885,332.901741
10886,332.916832
10887,332.931562
10888,332.945901
10889,332.959824
10890,332.973305
10891,332.986324
10892,332.998865
10893,333.010916
10894,333.022469
10895,333.033525
10896,333.044088
10897,333.054169
10898,333.063787
10899,333.072965
10900,333.081733
10901,333.090128
10902,333.098189
10903,333.105959
10904,333.113484
10905,333.120809
10906,333.127980
10907,333.135040
10908,333.142033
10909,333.148998
10910,333.155970
10911,333.162982
10912,333.170061
10913,333.177228
10914,333.184498
10915,333.191880
10916,333.199373
10917,333.206968
10918,333.214647
10919,333.222379
10920,333.230121
10921,333.237818
10922,333.245401
10923,333.252783
10924,333.259864
10925,333.266526
10926,333.272638
10927,333.278056
10928,333.282627
10929,333.286198
10930,333.288620
10931,333.289754
10932,333.289478
10933,333.287683
10934,333.284281
10935,333.279201
10936,333.272388
10937,333.263806
10938,333.253433
10939,333.241266
10940,333.227314
10941,333.211603
10942,333.194174
10943,333.175086
10944,332.820131
10945,332.836515
10946,332.852670
10947,332.868573
10948,332.884200
10949,332.899521
10950,332.914508
10951,332.929128
10952,332.943354
10953,332.957160
10954,332.970522
10955,332.983422
10956,332.995846
10957,333.007784
10958,333.019233
10959,333.030196
10960,333.040679
10961,333.050697
10962,333.060272
10963,333.069430
10964,333.078205
10965,333.086636
10966,333.094766
10967,333.102641
10968,333.110310
10969,333.117819
10970,333.125214
10971,333.132541
10972,333.139841
10973,333.147154
10974,333.154515
10975,333.161956
10976,333.169504
10977,333.177181
10978,333.185002
10979,333.192977
10980,333.201107
10981,333.209383
10982,333.217789
10983,333.226295
10984,333.234859
10985,333.243427
10986,333.251926
10987,333.260269
10988,333.268348
10989,333.276037
10990,333.283191
10991,333.289648
10992,333.295236
10993,333.299778
10994,333.303105
10995,333.305058
10996,333.305501
10997,333.304315
10998,333.301402
10999,333.296686
11000,333.290107
11001,333.281624
11002,333.271214
11003,333.258869
11004,333.244600
11005,333.228432
11006,333.210408
11007,333.190587
11008,332.818541
11009,332.834839
11010,332.850910
11011,332.866732
11012,332.882276
11013,332.897514
11014,332.912413
11015,332.926941
11016,332.941069
11017,332.954770
11018,332.968024
11019,332.980812
11020,332.993123
11021,333.004951
11022,333.016294
11023,333.027156
11024,333.037550
11025,333.047491
11026,333.057004
11027,333.066119
11028,333.074873
11029,333.083309
11030,333.091476
11031,333.099422
11032,333.107199
11033,333.114856
11034,333.122441
11035,333.129998
11036,333.137571
11037,333.145199
11038,333.152917
11039,333.160758
11040,333.168748
11041,333.176911
11042,333.185264
11043,333.193816
11044,333.202570
11045,333.211520
11046,333.220651
11047,333.229935
11048,333.239334
11049,333.248791
11050,333.258235
11051,333.267576
11052,333.276701
11053,333.285474
11054,333.293738
11055,333.301309
11056,333.307991
11057,333.313579
11058,333.317878
11059,333.320710
11060,333.321924
11061,333.321389
11062,333.319000
11063,333.314674
11064,333.308349
11065,333.299979
11066,333.289540
11067,333.277023
11068,333.262434
11069,333.245801
11070,333.227166
11071,333.206592
11072,332.817079
11073,332.833301
11074,332.849300
11075,332.865052
11076,332.880530
11077,332.895700
11078,332.910527
11079,332.924977
11080,332.939018
11081,332.952625
11082,332.965777
11083,332.978459
11084,332.990660
11085,333.002376
11086,333.013609
11087,333.024364
11088,333.034657
11089,333.044505
11090,333.053937
11091,333.062985
11092,333.071691
11093,333.080102
11094,333.088272
11095,333.096255
11096,333.104105
11097,333.111875
11098,333.119614
11099,333.127368
11100,333.135180
11101,333.143089
11102,333.151133
11103,333.159343
11104,333.167748
11105,333.176371
11106,333.185231
11107,333.194339
11108,333.203700
11109,333.213311
11110,333.223159
11111,333.233219
11112,333.243455
11113,333.253811
11114,333.264219
11115,333.274585
11116,333.284793
11117,333.294700
11118,333.304133
11119,333.312888
11120,333.320737
11121,333.327441
11122,333.332775
11123,333.336540
11124,333.338568
11125,333.338720
11126,333.336884
11127,333.332973
11128,333.326921
11129,333.318679
11130,333.308222
11131,333.295537
11132,333.280632
11133,333.263531
11134,333.244278
11135,333.222938
11136,332.815728
11137,332.831880
11138,332.847816
11139,332.863511
11140,332.878934
11141,332.894050
11142,332.908819
11143,332.923201
11144,332.937165
11145,332.950685
11146,332.963740
11147,332.976317
11148,332.988408
11149,333.000010
11150,333.011127
11151,333.021767
11152,333.031946
11153,333.041687
11154,333.051018
11155,333.059977
11156,333.068607
11157,333.076963
11158,333.085103
11159,333.093089
11160,333.100979
11161,333.108829
11162,333.116688
11163,333.124604
11164,333.132622
11165,333.140780
11166,333.149117
11167,333.157665
11168,333.166453
11169,333.175507
11170,333.184846
11171,333.194485
11172,333.204431
11173,333.214684
11174,333.225233
11175,333.236057
11176,333.247121
11177,333.258376
11178,333.269752
11179,333.281156
11180,333.292471
11181,333.303546
11182,333.314195
11183,333.324192
11184,333.333273
11185,333.341152
11186,333.347571
11187,333.352310
11188,333.355185
11189,333.356052
11190,333.354791
11191,333.351313
11192,333.345549
11193,333.337450
11194,333.326986
11195,333.314145
11196,333.298932
11197,333.281370
11198,333.261502
11199,333.239394
11200,332.814464
11201,332.830553
11202,332.846433
11203,332.862078
11204,332.877457
11205,332.892529
11206,332.907248
11207,332.921570
11208,332.935462
11209,332.948898
11210,332.961858
11211,332.974329
11212,332.986307
11213,332.997790
11214,333.008783
11215,333.019299
11216,333.029353
11217,333.038971
11218,333.048184
11219,333.057031
11220,333.065561
11221,333.073832
11222,333.081912
11223,333.089870
11224,333.097768
11225,333.105665
11226,333.113613
11227,333.121659
11228,333.129849
11229,333.138223
11230,333.146820
11231,333.155672
11232,333.164811
11233,333.174264
11234,333.184051
11235,333.194191
11236,333.204693
11237,333.215559
11238,333.226784
11239,333.238349
11240,333.250224
11241,333.262362
11242,333.274695
11243,333.287132
11244,333.299556
11245,333.311810
11246,333.323698
11247,333.334974
11248,333.345335
11249,333.354430
11250,333.361964
11251,333.367697
11252,333.371437
11253,333.373031
11254,333.372358
11255,333.369325
11256,333.363861
11257,333.355917
11258,333.345460
11259,333.332478
11260,333.316973
11261,333.298966
11262,333.278500
11263,333.255639
11264,332.813264
11265,332.829293
11266,332.845120
11267,332.860719
11268,332.876057
11269,332.891090
11270,332.905763
11271,332.920027
11272,332.933846
11273,332.947196
11274,332.960057
11275,332.972420
11276,332.984279
11277,332.995636
11278,333.006498
11279,333.016878
11280,333.026796
11281,333.036278
11282,333.045356
11283,333.054073
11284,333.062481
11285,333.070642
11286,333.078636
11287,333.086539
11288,333.094418
11289,333.102333
11290,333.110339
11291,333.118484
11292,333.126814
11293,333.135370
11294,333.144192
11295,333.153314
11296,333.162769
11297,333.172584
11298,333.182785
11299,333.193389
11300,333.204412
11301,333.215857
11302,333.227723
11303,333.239996
11304,333.252649
11305,333.265637
11306,333.278899
11307,333.292343
11308,333.305852
11309,333.319266
11310,333.332382
11311,333.344935
11312,333.356588
11313,333.366900
11314,333.375544
11315,333.382267
11316,333.386867
11317,333.389185
11318,333.389100
11319,333.386514
11320,333.381358
11321,333.373580
11322,333.363147
11323,333.350043
11324,333.334271
11325,333.315848
11326,333.294816
11327,333.271237
11328,332.812103
11329,332.828073
11330,332.843847
11331,332.859397
11332,332.874688
11333,332.889675
11334,332.904295
11335,332.918493
11336,332.932234
11337,332.945491
11338,332.958247
11339,332.970494
11340,332.982226
11341,332.993449
11342,333.004171
11343,333.014406
11344,333.024176
11345,333.033508
11346,333.042439
11347,333.051012
11348,333.059282
11349,333.067319
11350,333.075209
11351,333.083036
11352,333.090873
11353,333.098781
11354,333.106816
11355,333.115030
11356,333.123468
11357,333.132173
11358,333.141185
11359,333.150540
11360,333.160272
11361,333.170412
11362,333.180985
11363,333.192013
11364,333.203513
11365,333.215495
11366,333.227958
11367,333.240893
11368,333.254278
11369,333.268071
11370,333.282212
11371,333.296614
11372,333.311156
11373,333.325677
11374,333.339961
11375,333.353724
11376,333.366591
11377,333.378060
11378,333.387768
11379,333.395444
11380,333.400875
11381,333.403898
11382,333.404387
11383,333.402244
11384,333.397398
11385,333.389796
11386,333.379403
11387,333.366203
11388,333.350196
11389,333.331398
11390,333.309849
11391,333.285611
11392,332.810958
11393,332.826868
11394,332.842583
11395,332.858077
11396,332.873313
11397,332.888241
11398,332.902794
11399,332.916915
11400,332.930566
11401,332.943720
11402,332.956361
11403,332.968480
11404,332.980077
11405,332.991155
11406,333.001725
11407,333.011805
11408,333.021416
11409,333.030588
11410,333.039359
11411,333.047776
11412,333.055898
11413,333.063799
11414,333.071571
11415,333.079306
11416,333.087080
11417,333.094957
11418,333.102996
11419,333.111249
11420,333.119764
11421,333.128583
11422,333.137749
11423,333.147299
11424,333.157269
11425,333.167690
11426,333.178591
11427,333.189996
11428,333.201925
11429,333.214391
11430,333.227398
11431,333.240940
11432,333.254996
11433,333.269531
11434,333.284486
11435,333.299774
11436,333.315273
11437,333.330816
11438,333.346175
11439,333.361045
11440,333.375018
11441,333.387548
11442,333.398242
11443,333.406808
11444,333.413021
11445,333.416713
11446,333.417752
11447,333.416039
11448,333.411500
11449,333.404081
11450,333.393748
11451,333.380482
11452,333.364281
11453,333.345160
11454,333.323159
11455,333.298339
11456,332.809811
11457,332.825657
11458,332.841307
11459,332.856735
11460,332.871901
11461,332.886755
11462,332.901225
11463,332.915252
11464,332.928797
11465,332.941834
11466,332.954346
11467,332.966325
11468,332.977773
11469,332.988695
11470,332.999103
11471,333.009015
11472,333.018456
11473,333.027457
11474,333.036059
11475,333.044311
11476,333.052275
11477,333.060029
11478,333.067672
11479,333.075299
11480,333.082991
11481,333.090816
11482,333.098833
11483,333.107097
11484,333.115657
11485,333.124557
11486,333.133840
11487,333.143545
11488,333.153708
11489,333.164365
11490,333.175544
11491,333.187275
11492,333.199578
11493,333.212469
11494,333.225957
11495,333.240038
11496,333.254696
11497,333.269896
11498,333.285582
11499,333.301666
11500,333.318025
11501,333.334484
11502,333.350803
11503,333.366658
11504,333.381613
11505,333.395091
11506,333.406673
11507,333.416047
11508,333.422979
11509,333.427289
11510,333.428843
11511,333.427539
11512,333.423301
11513,333.416073
11514,333.405820
11515,333.392522
11516,333.376174
11517,333.356794
11518,333.334417
11519,333.309108
11520,332.808647
11521,332.824423
11522,332.840000
11523,332.855349
11524,332.870431
11525,332.885192
11526,332.899560
11527,332.913475
11528,332.926896
11529,332.939798
11530,332.952164
11531,332.963989
11532,332.975274
11533,332.986025
11534,332.996258
11535,333.005991
11536,333.015250
11537,333.024070
11538,333.032492
11539,333.040569
11540,333.048365
11541,333.055963
11542,333.063465
11543,333.070971
11544,333.078564
11545,333.086315
11546,333.094286
11547,333.102534
11548,333.111107
11549,333.120053
11550,333.129414
11551,333.139231
11552,333.149543
11553,333.160386
11554,333.171791
11555,333.183790
11556,333.196405
11557,333.209657
11558,333.223554
11559,333.238099
11560,333.253275
11561,333.269052
11562,333.285373
11563,333.302151
11564,333.319257
11565,333.336512
11566,333.353663
11567,333.370369
11568,333.386174
11569,333.400476
11570,333.412836
11571,333.422926
11572,333.430500
11573,333.435370
11574,333.437397
11575,333.436476
11576,333.432528
11577,333.425497
11578,333.415346
11579,333.402052
11580,333.385613
11581,333.366043
11582,333.343379
11583,333.317686
11584,332.807457
11585,332.823159
11586,332.838652
11587,332.853908
11588,332.868888
11589,332.883536
11590,332.897781
11591,332.911563
11592,332.924839
11593,332.937586
11594,332.949788
11595,332.961441
11596,332.972545
11597,332.983112
11598,332.993155
11599,333.002696
11600,333.011763
11601,333.020391
11602,333.028623
11603,333.036515
11604,333.044134
11605,333.051565
11606,333.058914
11607,333.066284
11608,333.073760
11609,333.081417
11610,333.089318
11611,333.097521
11612,333.106076
11613,333.115031
11614,333.124431
11615,333.134318
11616,333.144731
11617,333.155707
11618,333.167282
11619,333.179487
11620,333.192348
11621,333.205887
11622,333.220117
11623,333.235040
11624,333.250644
11625,333.266900
11626,333.283750
11627,333.301106
11628,333.318838
11629,333.336758
11630,333.354604
11631,333.372023
11632,333.388541
11633,333.403538
11634,333.416561
11635,333.427266
11636,333.435397
11637,333.440762
11638,333.443214
11639,333.442645
11640,333.438975
11641,333.432146
11642,333.422118
11643,333.408871
11644,333.392398
11645,333.372715
11646,333.349859
11647,333.323896
11648,332.806239
11649,332.821860
11650,332.837258
11651,332.852406
11652,332.867264
11653,332.881778
11654,332.895878
11655,332.909502
11656,332.922611
11657,332.935180
11658,332.947197
11659,332.958657
11660,332.969565
11661,332.979929
11662,332.989768
11663,332.999103
11664,333.007965
11665,333.016389
11666,333.024421
11667,333.032118
11668,333.039549
11669,333.046803
11670,333.053987
11671,333.061206
11672,333.068548
11673,333.076090
11674,333.083897
11675,333.092026
11676,333.100531
11677,333.109460
11678,333.118858
11679,333.128769
11680,333.139233
11681,333.150288
11682,333.161972
11683,333.174318
11684,333.187354
11685,333.201103
11686,333.215581
11687,333.230792
11688,333.246726
11689,333.263353
11690,333.280618
11691,333.298431
11692,333.316658
11693,333.335106
11694,333.353508
11695,333.371497
11696,333.388588
11697,333.404150
11698,333.417714
11699,333.428929
11700,333.437530
11701,333.443318
11702,333.446143
11703,333.445894
11704,333.442487
11705,333.435864
11706,333.425985
11707,333.412826
11708,333.396383
11709,333.376669
11710,333.353721
11711,333.327608
11712,332.804999
11713,332.820532
11714,332.835823
11715,332.850845
11716,332.865560
11717,332.879916
11718,332.893844
11719,332.907284
11720,332.920200
11721,332.932568
11722,332.944376
11723,332.955623
11724,332.966312
11725,332.976458
11726,332.986076
11727,332.995191
11728,333.003833
11729,333.012041
11730,333.019862
11731,333.027354
11732,333.034587
11733,333.041651
11734,333.048657
11735,333.055710
11736,333.062902
11737,333.070308
11738,333.077995
11739,333.086023
11740,333.094445
11741,333.103311
11742,333.112666
11743,333.122554
11744,333.133017
11745,333.144095
11746,333.155825
11747,333.168243
11748,333.181378
11749,333.195256
11750,333.209893
11751,333.225296
11752,333.241455
11753,333.258341
11754,333.275901
11755,333.294042
11756,333.312630
11757,333.331466
11758,333.350279
11759,333.368694
11760,333.386218
11761,333.402211
11762,333.416195
11763,333.427812
11764,333.436792
11765,333.442930
11766,333.446073
11767,333.446107
11768,333.442949
11769,333.436536
11770,333.426830
11771,333.413805
11772,333.397455
11773,333.377796
11774,333.354864
11775,333.328726
11776,332.803749
11777,332.819186
11778,332.834355
11779,332.849232
11780,332.863780
11781,332.877952
11782,332.891679
11783,332.904908
11784,332.917602
11785,332.929741
11786,332.941315
11787,332.952325
11788,332.962776
11789,332.972682
11790,332.982062
11791,332.990941
11792,332.999351
11793,333.007331
11794,333.014928
11795,333.022203
11796,333.029227
11797,333.036090
11798,333.042904
11799,333.049777
11800,333.056799
11801,333.064048
11802,333.071592
11803,333.079490
11804,333.087796
11805,333.096561
11806,333.105829
11807,333.115647
11808,333.126057
11809,333.137098
11810,333.148811
11811,333.161229
11812,333.174386
11813,333.188307
11814,333.203011
11815,333.218504
11816,333.234780
11817,333.251809
11818,333.269538
11819,333.287876
11820,333.306686
11821,333.325767
11822,333.344845
11823,333.363541
11824,333.381357
11825,333.397646
11826,333.411928
11827,333.423838
11828,333.433103
11829,333.439515
11830,333.442920
11831,333.443202
11832,333.440275
11833,333.434078
11834,333.424569
11835,333.411724
11836,333.395536
11837,333.376020
11838,333.353211
11839,333.327178
11840,332.802511
11841,332.817844
11842,332.832876
11843,332.847584
11844,332.861938
11845,332.875894
11846,332.889389
11847,332.902374
11848,332.914815
11849,332.926696
11850,332.938009
11851,332.948756
11852,332.958945
11853,332.968591
11854,332.977715
11855,332.986341
11856,332.994504
11857,333.002242
11858,333.009604
11859,333.016650
11860,333.023453
11861,333.030103
11862,333.036712
11863,333.043388
11864,333.050223
11865,333.057295
11866,333.064670
11867,333.072410
11868,333.080567
11869,333.089192
11870,333.098332
11871,333.108032
11872,333.118334
11873,333.129279
11874,333.140906
11875,333.153253
11876,333.166351
11877,333.180228
11878,333.194902
11879,333.210383
11880,333.226663
11881,333.243716
11882,333.261487
11883,333.279887
11884,333.298777
11885,333.317959
11886,333.337154
11887,333.355985
11888,333.373950
11889,333.390402
11890,333.404857
11891,333.416950
11892,333.426406
11893,333.433016
11894,333.436625
11895,333.437116
11896,333.434404
11897,333.428427
11898,333.419142
11899,333.406524
11900,333.390567
11901,333.371284
11902,333.348710
11903,333.322914
11904,332.801319
11905,332.816538
11906,332.831412
11907,332.845924
11908,332.860050
11909,332.873754
11910,332.886982
11911,332.899686
11912,332.911840
11913,332.923430
11914,332.934452
11915,332.944909
11916,332.954812
11917,332.964177
11918,332.973025
11919,332.981382
11920,332.989282
11921,332.996765
11922,333.003879
11923,333.010685
11924,333.017255
11925,333.023679
11926,333.030070
11927,333.036534
11928,333.043164
11929,333.050037
11930,333.057219
11931,333.064771
11932,333.072747
11933,333.081195
11934,333.090163
11935,333.099695
11936,333.109835
11937,333.120623
11938,333.132099
11939,333.144299
11940,333.157256
11941,333.170999
11942,333.185547
11943,333.200910
11944,333.217081
11945,333.234035
11946,333.251719
11947,333.270043
11948,333.288872
11949,333.308007
11950,333.327172
11951,333.345990
11952,333.363962
11953,333.380440
11954,333.394944
11955,333.407109
11956,333.416660
11957,333.423391
11958,333.427146
11959,333.427809
11960,333.425295
11961,333.419542
11962,333.410507
11963,333.398165
11964,333.382510
11965,333.363552
11966,333.341326
11967,333.315900
11968,332.800218
11969,332.815312
11970,332.830002
11971,332.844282
11972,332.858141
11973,332.871552
11974,332.884468
11975,332.896852
11976,332.908681
11977,332.919945
11978,332.930644
11979,332.940783
11980,332.950374
11981,332.959434
11982,332.967986
11983,332.976056
11984,332.983678
11985,332.990891
11986,332.997746
11987,333.004299
11988,333.010624
11989,333.016811
11990,333.022970
11991,333.029208
11992,333.035615
11993,333.042268
11994,333.049233
11995,333.056569
11996,333.064330
11997,333.072564
11998,333.081317
11999,333.090634
12000,333.100556
12001,333.111126
12002,333.122382
12003,333.134361
12004,333.147096
12005,333.160615
12006,333.174939
12007,333.190077
12008,333.206024
12009,333.222757
12010,333.240222
12011,333.258334
12012,333.276957
12013,333.295897
12014,333.314882
12015,333.333539
12016,333.351372
12017,333.367741
12018,333.382168
12019,333.394292
12020,333.403843
12021,333.410617
12022,333.414459
12023,333.415256
12024,333.412923
12025,333.407399
12026,333.398641
12027,333.386625
12028,333.371341
12029,333.352801
12030,333.331038
12031,333.306117
12032,332.799274
12033,332.814226
12034,332.828697
12035,332.842699
12036,332.856239
12037,332.869305
12038,332.881863
12039,332.893880
12040,332.905342
12041,332.916243
12042,332.926584
12043,332.936375
12044,332.945627
12045,332.954359
12046,332.962594
12047,332.970359
12048,332.977687
12049,332.984618
12050,332.991199
12051,332.997489
12052,333.003559
12053,333.009496
12054,333.015411
12055,333.021407
12056,333.027575
12057,333.033988
12058,333.040712
12059,333.047805
12060,333.055318
12061,333.063300
12062,333.071796
12063,333.080848
12064,333.090500
12065,333.100791
12066,333.111760
12067,333.123443
12068,333.135873
12069,333.149079
12070,333.163080
12071,333.177888
12072,333.193497
12073,333.209884
12074,333.227000
12075,333.244761
12076,333.263034
12077,333.281632
12078,333.300286
12079,333.318631
12080,333.336181
12081,333.352302
12082,333.366524
12083,333.378495
12084,333.387950
12085,333.394687
12086,333.398558
12087,333.399450
12088,333.397282
12089,333.391991
12090,333.383538
12091,333.371896
12092,333.357056
12093,333.339028
12094,333.317842
12095,333.293561
12096,332.798582
12097,332.813362
12098,332.827558
12099,332.841219
12100,332.854377
12101,332.867038
12102,332.879180
12103,332.890781
12104,332.901830
12105,332.912327
12106,332.922275
12107,332.931685
12108,332.940571
12109,332.948951
12110,332.956848
12111,332.964290
12112,332.971309
12113,332.977943
12114,332.984239
12115,332.990254
12116,332.996058
12117,333.001735
12118,333.007393
12119,333.013135
12120,333.019046
12121,333.025201
12122,333.031661
12123,333.038483
12124,333.045718
12125,333.053411
12126,333.061607
12127,333.070349
12128,333.079676
12129,333.089628
12130,333.100244
12131,333.111558
12132,333.123602
12133,333.136406
12134,333.149988
12135,333.164359
12136,333.179516
12137,333.195437
12138,333.212074
12139,333.229345
12140,333.247125
12141,333.265230
12142,333.283401
12143,333.301284
12144,333.318402
12145,333.334136
12146,333.348026
12147,333.359731
12148,333.368992
12149,333.375615
12150,333.379455
12151,333.380405
12152,333.378384
12153,333.373332
12154,333.365210
12155,333.353992
12156,333.339668
12157,333.322246
12158,333.301753
12159,333.278248
12160,332.798281
12161,332.812828
12162,332.826662
12163,332.839893
12164,332.852586
12165,332.864770
12166,332.876433
12167,332.887561
12168,332.898150
12169,332.908200
12170,332.917718
12171,332.926716
12172,332.935207
12173,332.943211
12174,332.950750
12175,332.957850
12176,332.964544
12177,332.970868
12178,332.976869
12179,332.982599
12180,332.988127
12181,332.993534
12182,332.998925
12183,333.004399
12184,333.010040
12185,333.015917
12186,333.022091
12187,333.028616
12188,333.035541
12189,333.042911
12190,333.050767
12191,333.059151
12192,333.068102
12193,333.077657
12194,333.087854
12195,333.098727
12196,333.110307
12197,333.122621
12198,333.135689
12199,333.149521
12200,333.164114
12201,333.179449
12202,333.195478
12203,333.212124
12204,333.229268
12205,333.246732
12206,333.264269
12207,333.281536
12208,333.298074
12209,333.313279
12210,333.326709
12211,333.338033
12212,333.347003
12213,333.353434
12214,333.357186
12215,333.358155
12216,333.356265
12217,333.351457
12218,333.343694
12219,333.332949
12220,333.319213
12221,333.302491
12222,333.282807
12223,333.260213
12224,332.798593
12225,332.812762
12226,332.826087
12227,332.838764
12228,332.850894
12229,332.862517
12230,332.873633
12231,332.884230
12232,332.894308
12233,332.903868
12234,332.912919
12235,332.921471
12236,332.929540
12237,332.937144
12238,332.944303
12239,332.951045
12240,332.957399
12241,332.963401
12242,332.969095
12243,332.974531
12244,332.979774
12245,332.984903
12246,332.990018
12247,332.995213
12248,333.000568
12249,333.006150
12250,333.012018
12251,333.018222
12252,333.024808
12253,333.031819
12254,333.039296
12255,333.047278
12256,333.055802
12257,333.064904
12258,333.074620
12259,333.084982
12260,333.096021
12261,333.107761
12262,333.120223
12263,333.133416
12264,333.147338
12265,333.161969
12266,333.177266
12267,333.193155
12268,333.209522
12269,333.226200
12270,333.242950
12271,333.259449
12272,333.275256
12273,333.289792
12274,333.302632
12275,333.313463
12276,333.322047
12277,333.328209
12278,333.331815
12279,333.332767
12280,333.330991
12281,333.326433
12282,333.319054
12283,333.308832
12284,333.295755
12285,333.279827
12286,333.261070
12287,333.239525
12288,332.528425
12289,332.814864
12290,332.506402
12291,332.833993
12292,332.522135
12293,332.803872
12294,332.500339
12295,332.822510
12296,332.165394
12297,332.440138
12298,332.144139
12299,332.458313
