0,338.788381
1,338.802920
2,338.821234
3,338.840223
4,338.859079
5,338.877660
6,338.896011
7,338.914224
8,338.932397
9,338.950630
10,338.969018
11,338.987663
12,339.006668
13,339.026148
14,339.046229
15,339.067055
16,339.088789
17,339.111625
18,339.135790
19,339.161558
20,339.189254
21,339.219276
22,339.252111
23,339.288369
24,339.328843
25,339.374668
26,339.427751
27,339.492102
28,339.578065
29,339.715924
30,340.000042
31,340.732189
32,340.818396
33,340.883316
34,340.954936
35,341.018421
36,341.070588
37,341.111415
38,341.141531
39,341.161489
40,341.171574
41,341.171749
42,341.161659
43,341.140659
44,341.107982
45,341.063335
46,341.009030
47,340.957190
48,340.873869
49,340.176728
50,339.915736
51,339.796986
52,339.728559
53,339.680935
54,339.644030
55,339.613943
56,339.588847
57,339.567694
58,339.549801
59,339.534705
60,339.522123
61,339.511950
62,339.504326
63,339.499813
64,338.786061
65,338.800849
66,338.819572
67,338.839057
68,338.858453
69,338.877600
70,338.896532
71,338.915337
72,338.934113
73,338.952956
74,338.971966
75,338.991244
76,339.010898
77,339.031042
78,339.051808
79,339.073341
80,339.095811
81,339.119417
82,339.144392
83,339.171017
84,339.199628
85,339.230632
86,339.264530
87,339.301948
88,339.343699
89,339.390939
90,339.445602
91,339.511733
92,339.599719
93,339.739943
94,340.027074
95,340.764114
96,340.850809
97,340.917566
98,340.991218
99,341.056534
100,341.110246
101,341.152323
102,341.183404
103,341.204054
104,341.214559
105,341.214885
106,341.204666
107,341.183245
108,341.149839
109,341.104156
110,341.048562
111,340.995471
112,340.911800
113,340.211223
114,339.948137
115,339.827773
116,339.758004
117,339.709239
118,339.671354
119,339.640415
120,339.614568
121,339.592742
122,339.574233
123,339.558558
124,339.545414
125,339.534678
126,339.526478
127,339.521437
128,338.783879
129,338.798882
130,338.818009
131,338.838022
132,338.858023
133,338.877824
134,338.897444
135,338.916960
136,338.936465
137,338.956055
138,338.975828
139,338.995886
140,339.016338
141,339.037302
142,339.058910
143,339.081315
144,339.104689
145,339.129237
146,339.155200
147,339.182865
148,339.212580
149,339.244764
150,339.279931
151,339.318725
152,339.361977
153,339.410868
154,339.467358
155,339.535522
156,339.625797
157,339.768671
158,340.059144
159,340.801399
160,340.888546
161,340.957155
162,341.032973
163,341.100315
164,341.155785
165,341.199324
166,341.231571
167,341.253096
168,341.264190
169,341.264814
170,341.254596
171,341.232868
172,341.198840
173,341.152232
174,341.095493
175,341.041332
176,340.957384
177,340.253603
178,339.988457
179,339.866476
180,339.795339
181,339.745387
182,339.706458
183,339.674588
184,339.647892
185,339.625274
186,339.606004
187,339.589576
188,339.575660
189,339.564109
190,339.555055
191,339.549253
192,338.782347
193,338.797515
194,338.816974
195,338.837445
196,338.857995
197,338.878407
198,338.898681
199,338.918886
200,338.939106
201,338.959432
202,338.979962
203,339.000796
204,339.022043
205,339.043824
206,339.066273
207,339.089543
208,339.113812
209,339.139289
210,339.166220
211,339.194900
212,339.225684
213,339.259000
214,339.295375
215,339.335464
216,339.380117
217,339.430530
218,339.488683
219,339.558677
220,339.650983
221,339.796177
222,340.089538
223,340.836207
224,340.923720
225,340.993864
226,341.071534
227,341.140663
228,341.197731
229,341.242644
230,341.276035
231,341.298472
232,341.310248
233,341.311320
234,341.301312
235,341.279548
236,341.245237
237,341.198112
238,341.140688
239,341.085879
240,341.001759
241,340.295854
242,340.029284
243,339.906150
244,339.834007
245,339.783154
246,339.743403
247,339.710764
248,339.683331
249,339.659983
250,339.639966
251,339.622751
252,339.607985
253,339.595505
254,339.585464
255,339.578798
256,338.781471
257,338.796773
258,338.816501
259,338.837357
260,338.858380
261,338.879331
262,338.900195
263,338.921028
264,338.941907
265,338.962918
266,338.984154
267,339.005715
268,339.027709
269,339.050255
270,339.073489
271,339.097567
272,339.122668
273,339.149002
274,339.176821
275,339.206423
276,339.238169
277,339.272493
278,339.309930
279,339.351144
280,339.396995
281,339.448692
282,339.508227
283,339.579716
284,339.673657
285,339.820693
286,340.116320
287,340.866416
288,340.954211
289,341.025546
290,341.104688
291,341.175277
292,341.233697
293,341.279822
294,341.314276
295,341.337625
296,341.350159
297,341.351834
298,341.342268
299,341.320782
300,341.286578
301,341.239401
302,341.181795
303,341.126767
304,341.042577
305,340.335749
306,340.068512
307,339.944799
308,339.872119
309,339.820750
310,339.780487
311,339.747324
312,339.719336
313,339.695383
314,339.674693
315,339.656717
316,339.641082
317,339.627622
318,339.616531
319,339.608955
320,338.781151
321,338.796566
322,338.816520
323,338.837701
324,338.859130
325,338.880552
326,338.901939
327,338.923334
328,338.944808
329,338.966442
330,338.988323
331,339.010549
332,339.033225
333,339.056472
334,339.080423
335,339.105234
336,339.131085
337,339.158188
338,339.186794
339,339.217205
340,339.249783
341,339.284966
342,339.323293
343,339.365433
344,339.412250
345,339.464960
346,339.525563
347,339.598184
348,339.693338
349,339.841719
350,340.138984
351,340.891547
352,340.979545
353,341.051753
354,341.132000
355,341.203724
356,341.263241
357,341.310405
358,341.345832
359,341.370087
360,341.383458
361,341.385898
362,341.377018
363,341.356134
364,341.322442
365,341.275680
366,341.218387
367,341.163551
368,341.079388
369,340.372822
370,340.105685
371,339.981989
372,339.909265
373,339.857794
374,339.817361
375,339.783949
376,339.755619
377,339.731217
378,339.709955
379,339.691271
380,339.674783
381,339.660327
382,339.648153
383,339.639640
384,338.781275
385,338.796792
386,338.816942
387,338.838403
388,338.860184
389,338.882018
390,338.903865
391,338.925762
392,338.947769
393,338.969963
394,338.992426
395,339.015253
396,339.038547
397,339.062425
398,339.087020
399,339.112485
400,339.139001
401,339.166777
402,339.196065
403,339.227165
404,339.260440
405,339.296326
406,339.335364
407,339.378220
408,339.425763
409,339.479207
410,339.540556
411,339.613939
412,339.709885
413,339.859119
414,340.157408
415,340.911515
416,340.999641
417,341.072423
418,341.153426
419,341.225969
420,341.286336
421,341.334371
422,341.370686
423,341.395848
424,341.410141
425,341.413516
426,341.405579
427,341.385635
428,341.352870
429,341.306998
430,341.250513
431,341.196276
432,341.112236
433,340.407119
434,340.140857
435,340.017785
436,339.945529
437,339.894388
438,339.854148
439,339.820781
440,339.792340
441,339.767660
442,339.745945
443,339.726624
444,339.709312
445,339.693859
446,339.680584
447,339.671110
448,338.781746
449,338.797358
450,338.817683
451,338.839391
452,338.861481
453,338.883677
454,338.905932
455,338.928273
456,338.950756
457,338.973451
458,338.996437
459,339.019803
460,339.043649
461,339.068090
462,339.093255
463,339.119296
464,339.146390
465,339.174745
466,339.204608
467,339.236277
468,339.270110
469,339.306543
470,339.346108
471,339.389471
472,339.437494
473,339.491389
474,339.553157
475,339.626929
476,339.723238
477,339.872831
478,340.171526
479,340.926251
480,341.014431
481,341.087490
482,341.168900
483,341.241950
484,341.302920
485,341.351658
486,341.388782
487,341.414857
488,341.430170
489,341.434666
490,341.427947
491,341.409305
492,341.377906
493,341.333426
494,341.278267
495,341.225055
496,341.141240
497,340.438819
498,340.174245
499,340.052438
500,339.981189
501,339.930836
502,339.891171
503,339.858162
504,339.829856
505,339.805084
506,339.783046
507,339.763170
508,339.745073
509,339.728627
510,339.714230
511,339.703768
512,338.782487
513,338.798188
514,338.818673
515,338.840600
516,338.862964
517,338.885481
518,338.908096
519,338.930833
520,338.953740
521,338.976881
522,339.000332
523,339.024178
524,339.048514
525,339.073451
526,339.099116
527,339.125656
528,339.153243
529,339.182082
530,339.212415
531,339.244534
532,339.278791
533,339.315612
534,339.355523
535,339.399181
536,339.447437
537,339.501495
538,339.563349
539,339.637123
540,339.733351
541,339.882781
542,340.181229
543,340.935587
544,341.023741
545,341.096761
546,341.178211
547,341.251437
548,341.312752
549,341.362023
550,341.399875
551,341.426880
552,341.443323
553,341.449148
554,341.443949
555,341.427005
556,341.397455
557,341.354917
558,341.301659
559,341.249942
560,341.166465
561,340.468119
562,340.206133
563,340.086292
564,340.016635
565,339.967567
566,339.928890
567,339.896574
568,339.868667
569,339.844001
570,339.821779
571,339.801432
572,339.782590
573,339.765151
574,339.749605
575,339.738118
576,338.783431
577,338.799218
578,338.819850
579,338.841976
580,338.864584
581,338.887386
582,338.910322
583,338.933410
584,338.956692
585,338.980230
586,339.004093
587,339.028362
588,339.053129
589,339.078499
590,339.104595
591,339.131559
592,339.159558
593,339.188791
594,339.219492
595,339.251944
596,339.286490
597,339.323546
598,339.363624
599,339.407365
600,339.455605
601,339.509532
602,339.571124
603,339.644493
604,339.740161
605,339.888857
606,340.186329
607,340.939211
608,341.027250
609,341.099874
610,341.180950
611,341.253986
612,341.315366
613,341.364986
614,341.403486
615,341.431443
616,341.449143
617,341.456528
618,341.453187
619,341.438386
620,341.411231
621,341.371264
622,341.320568
623,341.270891
624,341.187883
625,340.495212
626,340.236847
627,340.119770
628,340.052365
629,340.005129
630,339.967891
631,339.936631
632,339.909404
633,339.885053
634,339.862790
635,339.842058
636,339.822505
637,339.804065
638,339.787328
639,339.774763
640,338.784526
641,338.800395
642,338.821164
643,338.843470
644,338.866298
645,338.889355
646,338.912576
647,338.935975
648,338.959590
649,338.983478
650,339.007704
651,339.032344
652,339.057485
653,339.083228
654,339.109690
655,339.137007
656,339.165341
657,339.194879
658,339.225850
659,339.258525
660,339.293232
661,339.330373
662,339.370441
663,339.414056
664,339.462031
665,339.515527
666,339.576494
667,339.649019
668,339.743596
669,339.890906
670,340.186555
671,340.936652
672,341.024470
673,341.096273
674,341.176490
675,341.248915
676,341.310040
677,341.359807
678,341.398869
679,341.427806
680,341.446906
681,341.456112
682,341.455010
683,341.442858
684,341.418726
685,341.382067
686,341.334715
687,341.287736
688,341.205353
689,340.520286
690,340.266777
691,340.153400
692,340.089002
693,340.044215
694,340.008912
695,339.979099
696,339.952852
697,339.929034
698,339.906876
699,339.885841
700,339.865602
701,339.846137
702,339.828146
703,339.814433
704,338.785727
705,338.801676
706,338.822572
707,338.845044
708,338.868070
709,338.891354
710,338.914829
711,338.938503
712,338.962413
713,338.986608
714,339.011151
715,339.036113
716,339.061576
717,339.087635
718,339.114403
719,339.142007
720,339.170600
721,339.200363
722,339.231511
723,339.264302
724,339.299049
725,339.336132
726,339.376021
727,339.419307
728,339.466769
729,339.519528
730,339.579492
731,339.650695
732,339.743577
733,339.888734
734,340.181542
735,340.927286
736,341.014751
737,341.085207
738,341.163978
739,341.235295
740,341.295806
741,341.345495
742,341.385026
743,341.414977
744,341.435638
745,341.446953
746,341.448515
747,341.439582
748,341.419198
749,341.386713
750,341.343652
751,341.300178
752,341.218617
753,340.543530
754,340.296394
755,340.187849
756,340.127344
757,340.085705
758,340.052885
759,340.024941
760,339.999989
761,339.976927
762,339.955018
763,339.933754
764,339.912838
765,339.892301
766,339.872970
767,339.858013
768,338.786999
769,338.803024
770,338.824039
771,338.846662
772,338.869867
773,338.893355
774,338.917056
775,338.940974
776,338.965141
777,338.989606
778,339.014424
779,339.039663
780,339.065400
781,339.091723
782,339.118738
783,339.146567
784,339.175352
785,339.205264
786,339.236504
787,339.269314
788,339.303987
789,339.340880
790,339.380431
791,339.423195
792,339.469904
793,339.521623
794,339.580187
795,339.649544
796,339.740023
797,339.882075
798,340.170798
799,340.910409
800,340.997362
801,341.065806
802,341.142420
803,341.212057
804,341.271549
805,341.320921
806,341.360826
807,341.391830
808,341.414220
809,341.427950
810,341.432630
811,341.427537
812,341.411709
813,341.384398
814,341.346762
815,341.307798
816,341.227306
817,340.565117
818,340.326276
819,340.223976
820,340.168425
821,340.130732
822,340.100996
823,340.075370
824,340.052041
825,340.029960
826,340.008438
827,339.987004
828,339.965399
829,339.943718
830,339.922925
831,339.906601
832,338.788312
833,338.804409
834,338.825534
835,338.848296
836,338.871663
837,338.895334
838,338.919235
839,338.943368
840,338.967762
841,338.992460
842,339.017516
843,339.042990
844,339.068956
845,339.095495
846,339.122707
847,339.150703
848,339.179618
849,339.209609
850,339.240863
851,339.273605
852,339.308103
853,339.344685
854,339.383756
855,339.425822
856,339.471555
857,339.521940
858,339.578701
859,339.645622
860,339.732801
861,339.870418
862,340.153404
863,340.885551
864,340.971840
865,341.037454
866,341.111099
867,341.178444
868,341.236514
869,341.285335
870,341.325524
871,341.357616
872,341.381889
873,341.398313
874,341.406537
875,341.405882
876,341.395420
877,341.374338
878,341.343395
879,341.310142
880,341.231004
881,340.584959
882,340.357040
883,340.262910
884,340.213637
885,340.180810
886,340.154812
887,340.131974
888,340.110596
889,340.089717
890,340.068705
891,340.047140
892,340.024811
893,340.001879
894,339.979466
895,339.961612
896,338.789639
897,338.805805
898,338.827034
899,338.849923
900,338.873437
901,338.897270
902,338.921349
903,338.945671
904,338.970262
905,338.995162
906,339.020420
907,339.046093
908,339.072247
909,339.098959
910,339.126320
911,339.154433
912,339.183422
913,339.213432
914,339.244632
915,339.277228
916,339.311463
917,339.347634
918,339.386101
919,339.427318
920,339.471882
921,339.520667
922,339.575221
923,339.639015
924,339.721581
925,339.852279
926,340.126167
927,340.853090
928,340.939280
929,341.001231
930,341.071187
931,341.135765
932,341.192126
933,341.240236
934,341.280633
935,341.313805
936,341.340014
937,341.359257
938,341.371237
939,341.375357
940,341.370770
941,341.356671
942,341.333476
943,341.307098
944,341.229110
945,340.601227
946,340.388982
947,340.306184
948,340.264994
949,340.238109
950,340.216549
951,340.196972
952,340.177869
953,340.158394
954,340.137998
955,340.116319
956,340.093198
957,340.068869
958,340.044631
959,340.025044
960,338.790961
961,338.807193
962,338.828518
963,338.851523
964,338.875169
965,338.899148
966,338.923383
967,338.947870
968,338.972633
969,338.997706
970,339.023136
971,339.048973
972,339.075279
973,339.102125
974,339.129593
975,339.157778
976,339.186793
977,339.216768
978,339.247857
979,339.280244
980,339.314145
981,339.349821
982,339.387589
983,339.427841
984,339.471084
985,339.518052
986,339.570025
987,339.629873
988,339.705633
989,339.823178
990,340.073527
991,340.801655
992,340.906766
993,340.965075
994,341.031491
995,341.093521
996,341.148342
997,341.195801
998,341.236341
999,341.270396
1000,341.298220
1001,341.319834
1002,341.335002
1003,341.343219
1004,341.343751
1005,341.335882
1006,341.319857
1007,341.300145
1008,341.208592
1009,340.602561
1010,340.421189
1011,340.356347
1012,340.325909
1013,340.306225
1014,340.289817
1015,340.273961
1016,340.257433
1017,340.239545
1018,340.219845
1019,340.198040
1020,340.174023
1021,340.148108
1022,340.121786
1023,340.100213
1024,338.792261
1025,338.808554
1026,338.829968
1027,338.853079
1028,338.876844
1029,338.900953
1030,338.925326
1031,338.949958
1032,338.974868
1033,339.000089
1034,339.025661
1035,339.051632
1036,339.078059
1037,339.105004
1038,339.132543
1039,339.160762
1040,339.189762
1041,339.219659
1042,339.250590
1043,339.282717
1044,339.316229
1045,339.351352
1046,339.388356
1047,339.427567
1048,339.469398
1049,339.514417
1050,339.563554
1051,339.618718
1052,339.684726
1053,339.775040
1054,339.927335
1055,340.233958
1056,340.806873
1057,340.884579
1058,340.951053
1059,341.012549
1060,341.067015
1061,341.114328
1062,341.154918
1063,341.189211
1064,341.217461
1065,341.239703
1066,341.255722
1067,341.265051
1068,341.267007
1069,341.260904
1070,341.246460
1071,341.213315
1072,340.757945
1073,340.538709
1074,340.453709
1075,340.420041
1076,340.403723
1077,340.392488
1078,340.381896
1079,340.370178
1080,340.356492
1081,340.340343
1082,340.321393
1083,340.299418
1084,340.274364
1085,340.246622
1086,340.217896
1087,340.194021
1088,338.793524
1089,338.809874
1090,338.831371
1091,338.854579
1092,338.878451
1093,338.902675
1094,338.927170
1095,338.951926
1096,338.976963
1097,339.002308
1098,339.027998
1099,339.054077
1100,339.080596
1101,339.107611
1102,339.135190
1103,339.163410
1104,339.192361
1105,339.222145
1106,339.252883
1107,339.284714
1108,339.317802
1109,339.352336
1110,339.388541
1111,339.426681
1112,339.467076
1113,339.510139
1114,339.556474
1115,339.607157
1116,339.664490
1117,339.733809
1118,339.826775
1119,339.962171
1120,340.138562
1121,340.225303
1122,340.289508
1123,340.345525
1124,340.396004
1125,340.441682
1126,340.483017
1127,340.520390
1128,340.554108
1129,340.584392
1130,340.611376
1131,340.635139
1132,340.655744
1133,340.673104
1134,340.685436
1135,340.680215
1136,340.599179
1137,340.547566
1138,340.526292
1139,340.519568
1140,340.517412
1141,340.515188
1142,340.510910
1143,340.503699
1144,340.493101
1145,340.478825
1146,340.460654
1147,340.438432
1148,340.412154
1149,340.382278
1150,340.350739
1151,340.324163
1152,338.794739
1153,338.811143
1154,338.832716
1155,338.856011
1156,338.879979
1157,338.904305
1158,338.928906
1159,338.953771
1160,338.978915
1161,339.004364
1162,339.030151
1163,339.056315
1164,339.082901
1165,339.109961
1166,339.137554
1167,339.165749
1168,339.194624
1169,339.224270
1170,339.254789
1171,339.286302
1172,339.318946
1173,339.352879
1174,339.388281
1175,339.425361
1176,339.464360
1177,339.505562
1178,339.549336
1179,339.596226
1180,339.647177
1181,339.703957
1182,339.769538
1183,339.846759
1184,339.930705
1185,339.996992
1186,340.053820
1187,340.105510
1188,340.153488
1189,340.198322
1190,340.240406
1191,340.280118
1192,340.317843
1193,340.353986
1194,340.389035
1195,340.423708
1196,340.459314
1197,340.498335
1198,340.544555
1199,340.599451
1200,340.649325
1201,340.674914
1202,340.692840
1203,340.707686
1204,340.719140
1205,340.726397
1206,340.728996
1207,340.726740
1208,340.719533
1209,340.707294
1210,340.689928
1211,340.667344
1212,340.639570
1213,340.607125
1214,340.572195
1215,340.542357
1216,338.795897
1217,338.812351
1218,338.833993
1219,338.857368
1220,338.881421
1221,338.905838
1222,338.930531
1223,338.955489
1224,338.980724
1225,339.006259
1226,339.032123
1227,339.058352
1228,339.084985
1229,339.112069
1230,339.139656
1231,339.167805
1232,339.196585
1233,339.226074
1234,339.256361
1235,339.287545
1236,339.319741
1237,339.353078
1238,339.387700
1239,339.423767
1240,339.461454
1241,339.500956
1242,339.542486
1243,339.586304
1244,339.632750
1245,339.682303
1246,339.735510
1247,339.792371
1248,339.850648
1249,339.905086
1250,339.956088
1251,340.004490
1252,340.050758
1253,340.095220
1254,340.138218
1255,340.180160
1256,340.221542
1257,340.263001
1258,340.305477
1259,340.350674
1260,340.402308
1261,340.469100
1262,340.570233
1263,340.737203
1264,340.971344
1265,341.059103
1266,341.107728
1267,341.142741
1268,341.168836
1269,341.187017
1270,341.197753
1271,341.201406
1272,341.198237
1273,341.188395
1274,341.171921
1275,341.148784
1276,341.119026
1277,341.083207
1278,341.043808
1279,341.009661
1280,338.796991
1281,338.813491
1282,338.835196
1283,338.858643
1284,338.882772
1285,338.907268
1286,338.932042
1287,338.957079
1288,338.982391
1289,339.007996
1290,339.033922
1291,339.060199
1292,339.086863
1293,339.113953
1294,339.141517
1295,339.169605
1296,339.198277
1297,339.227599
1298,339.257646
1299,339.288501
1300,339.320259
1301,339.353022
1302,339.386905
1303,339.422028
1304,339.458518
1305,339.496505
1306,339.536115
1307,339.577464
1308,339.620656
1309,339.665762
1310,339.712755
1311,339.761311
1312,339.810491
1313,339.858868
1314,339.906099
1315,339.952228
1316,339.997404
1317,340.041865
1318,340.085964
1319,340.130177
1320,340.175149
1321,340.221794
1322,340.271633
1323,340.327827
1324,340.398359
1325,340.505508
1326,340.711584
1327,341.170708
1328,342.089836
1329,342.199809
1330,342.271558
1331,342.330928
1332,342.377335
1333,342.411341
1334,342.434024
1335,342.446378
1336,342.449145
1337,342.442795
1338,342.427550
1339,342.403448
1340,342.370511
1341,342.329283
1342,342.282582
1343,342.241145
1344,338.798015
1345,338.814557
1346,338.836320
1347,338.859831
1348,338.884028
1349,338.908593
1350,338.933436
1351,338.958541
1352,338.983917
1353,339.009580
1354,339.035553
1355,339.061865
1356,339.088545
1357,339.115630
1358,339.143158
1359,339.171175
1360,339.199731
1361,339.228882
1362,339.258690
1363,339.289225
1364,339.320563
1365,339.352786
1366,339.385983
1367,339.420246
1368,339.455666
1369,339.492331
1370,339.530316
1371,339.569674
1372,339.610426
1373,339.652539
1374,339.695897
1375,339.740251
1376,339.785175
1377,339.830173
1378,339.875010
1379,339.919653
1380,339.964222
1381,340.008975
1382,340.054320
1383,340.100837
1384,340.149332
1385,340.201016
1386,340.258039
1387,340.325241
1388,340.416077
1389,340.573480
1390,340.946626
1391,342.091560
1392,342.336200
1393,342.406010
1394,342.479131
1395,342.541454
1396,342.590301
1397,342.626193
1398,342.650297
1399,342.663686
1400,342.667159
1401,342.661222
1402,342.646119
1403,342.621894
1404,342.588561
1405,342.546653
1406,342.498988
1407,342.456443
1408,338.798965
1409,338.815546
1410,338.837360
1411,338.860928
1412,338.885185
1413,338.909811
1414,338.934714
1415,338.959877
1416,338.985306
1417,339.011015
1418,339.037025
1419,339.063360
1420,339.090047
1421,339.117115
1422,339.144600
1423,339.172539
1424,339.200976
1425,339.229956
1426,339.259533
1427,339.289762
1428,339.320706
1429,339.352430
1430,339.385003
1431,339.418495
1432,339.452974
1433,339.488500
1434,339.525122
1435,339.562869
1436,339.601738
1437,339.641690
1438,339.682633
1439,339.724422
1440,339.766861
1441,339.809766
1442,339.853052
1443,339.896763
1444,339.941080
1445,339.986328
1446,340.032996
1447,340.081774
1448,340.133633
1449,340.190048
1450,340.253670
1451,340.330473
1452,340.436822
1453,340.623172
1454,341.053702
1455,342.270591
1456,342.421048
1457,342.498520
1458,342.580624
1459,342.650499
1460,342.705291
1461,342.745764
1462,342.773327
1463,342.789240
1464,342.794432
1465,342.789497
1466,342.774724
1467,342.750165
1468,342.715812
1469,342.672153
1470,342.622025
1471,342.576785
1472,338.799838
1473,338.816453
1474,338.838314
1475,338.861933
1476,338.886243
1477,338.910922
1478,338.935877
1479,338.961089
1480,338.986562
1481,339.012308
1482,339.038346
1483,339.064695
1484,339.091380
1485,339.118426
1486,339.145862
1487,339.173722
1488,339.202039
1489,339.230855
1490,339.260211
1491,339.290154
1492,339.320735
1493,339.352004
1494,339.384017
1495,339.416827
1496,339.450486
1497,339.485040
1498,339.520525
1499,339.556962
1500,339.594352
1501,339.632675
1502,339.671884
1503,339.711915
1504,339.752703
1505,339.794210
1506,339.836471
1507,339.879623
1508,339.923924
1509,339.969778
1510,340.017764
1511,340.068679
1512,340.123637
1513,340.184328
1514,340.253751
1515,340.338506
1516,340.456166
1517,340.659203
1518,341.112767
1519,342.345710
1520,342.493997
1521,342.580437
1522,342.672211
1523,342.750395
1524,342.811873
1525,342.857570
1526,342.889115
1527,342.907949
1528,342.915142
1529,342.911374
1530,342.896985
1531,342.872038
1532,342.836501
1533,342.790836
1534,342.737955
1535,342.689852
1536,338.800631
1537,338.817277
1538,338.839180
1539,338.862844
1540,338.887201
1541,338.911926
1542,338.936925
1543,338.962179
1544,338.987689
1545,339.013465
1546,339.039524
1547,339.065882
1548,339.092559
1549,339.119579
1550,339.146965
1551,339.174745
1552,339.202948
1553,339.231607
1554,339.260757
1555,339.290437
1556,339.320685
1557,339.351546
1558,339.383060
1559,339.415273
1560,339.448225
1561,339.481954
1562,339.516491
1563,339.551860
1564,339.588073
1565,339.625135
1566,339.663041
1567,339.701792
1568,339.741403
1569,339.781932
1570,339.823502
1571,339.866329
1572,339.910747
1573,339.957237
1574,340.006458
1575,340.059302
1576,340.117007
1577,340.181423
1578,340.255779
1579,340.347021
1580,340.473253
1581,340.687696
1582,341.156290
1583,342.409376
1584,342.559387
1585,342.653714
1586,342.754360
1587,342.840444
1588,342.908443
1589,342.959324
1590,342.994866
1591,343.016660
1592,343.025890
1593,343.023321
1594,343.009336
1595,342.984008
1596,342.947295
1597,342.899649
1598,342.844107
1599,342.793336
1600,338.801343
1601,338.818017
1602,338.839957
1603,338.863661
1604,338.888059
1605,338.912824
1606,338.937862
1607,338.963151
1608,338.988692
1609,339.014493
1610,339.040567
1611,339.066930
1612,339.093597
1613,339.120589
1614,339.147926
1615,339.175629
1616,339.203725
1617,339.232239
1618,339.261200
1619,339.290640
1620,339.320590
1621,339.351086
1622,339.382162
1623,339.413854
1624,339.446198
1625,339.479228
1626,339.512974
1627,339.547466
1628,339.582731
1629,339.618796
1630,339.655694
1631,339.693472
1632,339.732208
1633,339.772022
1634,339.813105
1635,339.855740
1636,339.900325
1637,339.947404
1638,339.997708
1639,340.052210
1640,340.112242
1641,340.179773
1642,340.258180
1643,340.354609
1644,340.487438
1645,340.710320
1646,341.190130
1647,342.460430
1648,342.611899
1649,342.712338
1650,342.820102
1651,342.912718
1652,342.986237
1653,343.041588
1654,343.080625
1655,343.105033
1656,343.116083
1657,343.114598
1658,343.100996
1659,343.075362
1660,343.037649
1661,342.988321
1662,342.930544
1663,342.877578
1664,338.801974
1665,338.818672
1666,338.840645
1667,338.864384
1668,338.888817
1669,338.913617
1670,338.938689
1671,338.964009
1672,338.989577
1673,339.015398
1674,339.041486
1675,339.067851
1676,339.094508
1677,339.121473
1678,339.148763
1679,339.176397
1680,339.204394
1681,339.232776
1682,339.261568
1683,339.290792
1684,339.320478
1685,339.350651
1686,339.381343
1687,339.412584
1688,339.444405
1689,339.476840
1690,339.509922
1691,339.543688
1692,339.578177
1693,339.613438
1694,339.649532
1695,339.686545
1696,339.724596
1697,339.763857
1698,339.804568
1699,339.847064
1700,339.891795
1701,339.939358
1702,339.990539
1703,340.046375
1704,340.108268
1705,340.178269
1706,340.259852
1707,340.360278
1708,340.498080
1709,340.727198
1710,341.215282
1711,342.498547
1712,342.651089
1713,342.756026
1714,342.869146
1715,342.966792
1716,343.044650
1717,343.103577
1718,343.145450
1719,343.172009
1720,343.184575
1721,343.184013
1722,343.170764
1723,343.144924
1724,343.106447
1725,343.055814
1726,342.996311
1727,342.941664
1728,338.802522
1729,338.819242
1730,338.841243
1731,338.865013
1732,338.889478
1733,338.914309
1734,338.939411
1735,338.964758
1736,338.990349
1737,339.016189
1738,339.042288
1739,339.068656
1740,339.095304
1741,339.122246
1742,339.149496
1743,339.177067
1744,339.204978
1745,339.233244
1746,339.261885
1747,339.290921
1748,339.320373
1749,339.350265
1750,339.380622
1751,339.411471
1752,339.442843
1753,339.474770
1754,339.507290
1755,339.540445
1756,339.574287
1757,339.608881
1758,339.644313
1759,339.680694
1760,339.718179
1761,339.756975
1762,339.797362
1763,339.839711
1764,339.884512
1765,339.932404
1766,339.984215
1767,340.041025
1768,340.104286
1769,340.176101
1770,340.260002
1771,340.363314
1772,340.504661
1773,340.738164
1774,341.232029
1775,342.524344
1776,342.677629
1777,342.785700
1778,342.902610
1779,343.003876
1780,343.084915
1781,343.146508
1782,343.190530
1783,343.218745
1784,343.232503
1785,343.232690
1786,343.219765
1787,343.193829
1788,343.154839
1789,343.103298
1790,343.042580
1791,342.986750
1792,338.802988
1793,338.819727
1794,338.841752
1795,338.865549
1796,338.890042
1797,338.914901
1798,338.940029
1799,338.965402
1800,338.991015
1801,339.016873
1802,339.042984
1803,339.069357
1804,339.096000
1805,339.122924
1806,339.150141
1807,339.177662
1808,339.205499
1809,339.233666
1810,339.262178
1811,339.291051
1812,339.320301
1813,339.349950
1814,339.380017
1815,339.410528
1816,339.441513
1817,339.473003
1818,339.505039
1819,339.537671
1820,339.570959
1821,339.604983
1822,339.639845
1823,339.675678
1824,339.712661
1825,339.751027
1826,339.791084
1827,339.833232
1828,339.877989
1829,339.926020
1830,339.978181
1831,340.035581
1832,340.099701
1833,340.172672
1834,340.258056
1835,340.363209
1836,340.506799
1837,340.743054
1838,341.240525
1839,342.538470
1840,342.692218
1841,342.802254
1842,342.921569
1843,343.025173
1844,343.108305
1845,343.171688
1846,343.217185
1847,343.246566
1848,343.261189
1849,343.261955
1850,343.249325
1851,343.223406
1852,343.184160
1853,343.132102
1854,343.070666
1855,343.014128
1856,338.803372
1857,338.820127
1858,338.842173
1859,338.865994
1860,338.890511
1861,338.915395
1862,338.940549
1863,338.965945
1864,338.991580
1865,339.017458
1866,339.043584
1867,339.069964
1868,339.096608
1869,339.123523
1870,339.150718
1871,339.178200
1872,339.205981
1873,339.234068
1874,339.262475
1875,339.291211
1876,339.320292
1877,339.349733
1878,339.379552
1879,339.409772
1880,339.440420
1881,339.471531
1882,339.503146
1883,339.535320
1884,339.568121
1885,339.601638
1886,339.635987
1887,339.671316
1888,339.707820
1889,339.745752
1890,339.785437
1891,339.827295
1892,339.871860
1893,339.919813
1894,339.972026
1895,340.029618
1896,340.094081
1897,340.167555
1898,340.253608
1899,340.359603
1900,340.504217
1901,340.741724
1902,341.240827
1903,342.541324
1904,342.695283
1905,342.806233
1906,342.926695
1907,343.031450
1908,343.115651
1909,343.179987
1910,343.226309
1911,343.256378
1912,343.271552
1913,343.272728
1914,343.260370
1915,343.234585
1916,343.195335
1917,343.143147
1918,343.081477
1919,343.024686
1920,338.803675
1921,338.820442
1922,338.842506
1923,338.866348
1924,338.890887
1925,338.915795
1926,338.940972
1927,338.966393
1928,338.992051
1929,339.017951
1930,339.044095
1931,339.070491
1932,339.097144
1933,339.124060
1934,339.151245
1935,339.178706
1936,339.206448
1937,339.234478
1938,339.262804
1939,339.291433
1940,339.320376
1941,339.349645
1942,339.379254
1943,339.409225
1944,339.439583
1945,339.470361
1946,339.501604
1947,339.533368
1948,339.565727
1949,339.598777
1950,339.632641
1951,339.667480
1952,339.703499
1953,339.740963
1954,339.780207
1955,339.821660
1956,339.865865
1957,339.913508
1958,339.965460
1959,340.022839
1960,340.087130
1961,340.160462
1962,340.246386
1963,340.352249
1964,340.496711
1965,340.734026
1966,341.232873
1967,342.532984
1968,342.686913
1969,342.797778
1970,342.918183
1971,343.022948
1972,343.107233
1973,343.171716
1974,343.218234
1975,343.248531
1976,343.263950
1977,343.265378
1978,343.253274
1979,343.227740
1980,343.188742
1981,343.136804
1982,343.075378
1983,343.018782
1984,338.803896
1985,338.820674
1986,338.842753
1987,338.866613
1988,338.891172
1989,338.916102
1990,338.941303
1991,338.966749
1992,338.992434
1993,339.018359
1994,339.044529
1995,339.070948
1996,339.097621
1997,339.124551
1998,339.151744
1999,339.179202
2000,339.206928
2001,339.234926
2002,339.263200
2003,339.291753
2004,339.320592
2005,339.349724
2006,339.379163
2007,339.408924
2008,339.439031
2009,339.469517
2010,339.500425
2011,339.531814
2012,339.563760
2013,339.596363
2014,339.629753
2015,339.664094
2016,339.699600
2017,339.736539
2018,339.775252
2019,339.816170
2020,339.859834
2021,339.906924
2022,339.958301
2023,340.015064
2024,340.078672
2025,340.151224
2026,340.236231
2027,340.340996
2028,340.484127
2029,340.719795
2030,341.216468
2031,342.513197
2032,342.666851
2033,342.776613
2034,342.895744
2035,342.999379
2036,343.082772
2037,343.146613
2038,343.192715
2039,343.222795
2040,343.238169
2041,343.239701
2042,343.227838
2043,343.202677
2044,343.164185
2045,343.112881
2046,343.052175
2047,342.996226
2048,338.804036
2049,338.820822
2050,338.842913
2051,338.866789
2052,338.891367
2053,338.916319
2054,338.941545
2055,338.967018
2056,338.992733
2057,339.018691
2058,339.044894
2059,339.071348
2060,339.098054
2061,339.125016
2062,339.152235
2063,339.179713
2064,339.207450
2065,339.235445
2066,339.263699
2067,339.292212
2068,339.320984
2069,339.350019
2070,339.379326
2071,339.408917
2072,339.438811
2073,339.469040
2074,339.499645
2075,339.530685
2076,339.562236
2077,339.594400
2078,339.627308
2079,339.661129
2080,339.696077
2081,339.732421
2082,339.770501
2083,339.810743
2084,339.853678
2085,339.899972
2086,339.950460
2087,340.006210
2088,340.068637
2089,340.139783
2090,340.223092
2091,340.325784
2092,340.466367
2093,340.698850
2094,341.191295
2095,342.481404
2096,342.634515
2097,342.742065
2098,342.858629
2099,342.959952
2100,343.041467
2101,343.103883
2102,343.148978
2103,343.178419
2104,343.193473
2105,343.194972
2106,343.183344
2107,343.158680
2108,343.120947
2109,343.070660
2110,343.011160
2111,342.956319
2112,338.804095
2113,338.820886
2114,338.842988
2115,338.866877
2116,338.891474
2117,338.916448
2118,338.941701
2119,338.967205
2120,338.992956
2121,339.018953
2122,339.045201
2123,339.071702
2124,339.098458
2125,339.125471
2126,339.152742
2127,339.180268
2128,339.208047
2129,339.236075
2130,339.264348
2131,339.292860
2132,339.321608
2133,339.350590
2134,339.379808
2135,339.409269
2136,339.438990
2137,339.468996
2138,339.499326
2139,339.530036
2140,339.561203
2141,339.592926
2142,339.625336
2143,339.658602
2144,339.692936
2145,339.728605
2146,339.765941
2147,339.805361
2148,339.847379
2149,339.892637
2150,339.941935
2151,339.996293
2152,340.057061
2153,340.126196
2154,340.207033
2155,340.306655
2156,340.443394
2157,340.670994
2158,341.156919
2159,342.436852
2160,342.589115
2161,342.693186
2162,342.805762
2163,342.903532
2164,342.982175
2165,343.042408
2166,343.085936
2167,343.114344
2168,343.128830
2169,343.130176
2170,343.118783
2171,343.094736
2172,343.058009
2173,343.009114
2174,342.951307
2175,342.898050
2176,338.804072
2177,338.820867
2178,338.842976
2179,338.866878
2180,338.891492
2181,338.916489
2182,338.941772
2183,338.967312
2184,338.993105
2185,339.019153
2186,339.045457
2187,339.072022
2188,339.098849
2189,339.125938
2190,339.153288
2191,339.180896
2192,339.208755
2193,339.236859
2194,339.265196
2195,339.293757
2196,339.322532
2197,339.351511
2198,339.380689
2199,339.410069
2200,339.439657
2201,339.469475
2202,339.499558
2203,339.529957
2204,339.560744
2205,339.592018
2206,339.623907
2207,339.656576
2208,339.690234
2209,339.725139
2210,339.761618
2211,339.800069
2212,339.840986
2213,339.884979
2214,339.932804
2215,339.985417
2216,340.044082
2217,340.110635
2218,340.188247
2219,340.283772
2220,340.415225
2221,340.635930
2222,341.112697
2223,342.379044
2224,342.530125
2225,342.629258
2226,342.736318
2227,342.829290
2228,342.904126
2229,342.961495
2230,343.002973
2231,343.030018
2232,343.043731
2233,343.044826
2234,343.033670
2235,343.010344
2236,342.974839
2237,342.927676
2238,342.872020
2239,342.820822
2240,338.803968
2241,338.820764
2242,338.842879
2243,338.866791
2244,338.891423
2245,338.916445
2246,338.941761
2247,338.967342
2248,338.993187
2249,339.019295
2250,339.045672
2251,339.072320
2252,339.099241
2253,339.126436
2254,339.153901
2255,339.181631
2256,339.209617
2257,339.237846
2258,339.266305
2259,339.294974
2260,339.323836
2261,339.352874
2262,339.382073
2263,339.411425
2264,339.440930
2265,339.470601
2266,339.500466
2267,339.530571
2268,339.560984
2269,339.591798
2270,339.623138
2271,339.655163
2272,339.688075
2273,339.722127
2274,339.757631
2275,339.794968
2276,339.834609
2277,339.877124
2278,339.923218
2279,339.973771
2280,340.029938
2281,340.093396
2282,340.167068
2283,340.257412
2284,340.381811
2285,340.592742
2286,341.056692
2287,342.309041
2288,342.459002
2289,342.551722
2290,342.651913
2291,342.739116
2292,342.809493
2293,342.863561
2294,342.902698
2295,342.928189
2296,342.941008
2297,342.941793
2298,342.930870
2299,342.908320
2300,342.874160
2301,342.828942
2302,342.775761
2303,342.727010
2304,338.803780
2305,338.820575
2306,338.842694
2307,338.866617
2308,338.891266
2309,338.916315
2310,338.941667
2311,338.967297
2312,338.993202
2313,339.019386
2314,339.045852
2315,339.072606
2316,339.099651
2317,339.126985
2318,339.154606
2319,339.182507
2320,339.210676
2321,339.239095
2322,339.267744
2323,339.296595
2324,339.325622
2325,339.354794
2326,339.384086
2327,339.413479
2328,339.442960
2329,339.472533
2330,339.502217
2331,339.532050
2332,339.562094
2333,339.592436
2334,339.623195
2335,339.654524
2336,339.686619
2337,339.719723
2338,339.754134
2339,339.790216
2340,339.828412
2341,339.869254
2342,339.913391
2343,339.961618
2344,340.014963
2345,340.074897
2346,340.143982
2347,340.227965
2348,340.342745
2349,340.538039
2350,340.978671
2351,342.225745
2352,342.385037
2353,342.471097
2354,342.564408
2355,342.646054
2356,342.712253
2357,342.763283
2358,342.800284
2359,342.824362
2360,342.836367
2361,342.836861
2362,342.826134
2363,342.804269
2364,342.771316
2365,342.727874
2366,342.677023
2367,342.630696
2368,338.803509
2369,338.820300
2370,338.842420
2371,338.866352
2372,338.891020
2373,338.916098
2374,338.941492
2375,338.967178
2376,338.993154
2377,339.019428
2378,339.046004
2379,339.072890
2380,339.100090
2381,339.127606
2382,339.155433
2383,339.183564
2384,339.211984
2385,339.240670
2386,339.269595
2387,339.298721
2388,339.328007
2389,339.357411
2390,339.386890
2391,339.416408
2392,339.445941
2393,339.475477
2394,339.505025
2395,339.534614
2396,339.564297
2397,339.594155
2398,339.624301
2399,339.654881
2400,339.686082
2401,339.718139
2402,339.751336
2403,339.786022
2404,339.822612
2405,339.861604
2406,339.903590
2407,339.949279
2408,339.999564
2409,340.055673
2410,340.119672
2411,340.196087
2412,340.297382
2413,340.462931
2414,340.827008
2415,341.874509
2416,342.274175
2417,342.360381
2418,342.449021
2419,342.526530
2420,342.589634
2421,342.638439
2422,342.673887
2423,342.696939
2424,342.708353
2425,342.708633
2426,342.698044
2427,342.676670
2428,342.644589
2429,342.602450
2430,342.553362
2431,342.509011
2432,338.803151
2433,338.819937
2434,338.842056
2435,338.865996
2436,338.890683
2437,338.915793
2438,338.941233
2439,338.966982
2440,338.993043
2441,339.019422
2442,339.046131
2443,339.073179
2444,339.100573
2445,339.128316
2446,339.156408
2447,339.184839
2448,339.213593
2449,339.242643
2450,339.271951
2451,339.301469
2452,339.331139
2453,339.360898
2454,339.390683
2455,339.420438
2456,339.450118
2457,339.479696
2458,339.509167
2459,339.538548
2460,339.567884
2461,339.597249
2462,339.626748
2463,339.656520
2464,339.686746
2465,339.717650
2466,339.749507
2467,339.782651
2468,339.817477
2469,339.854453
2470,339.894121
2471,339.937117
2472,339.984202
2473,340.036358
2474,340.095092
2475,340.163372
2476,340.248483
2477,340.370436
2478,340.584287
2479,341.023544
2480,341.864050
2481,342.009183
2482,342.098870
2483,342.173266
2484,342.233653
2485,342.280434
2486,342.314449
2487,342.336550
2488,342.347414
2489,342.347498
2490,342.337044
2491,342.316135
2492,342.284871
2493,342.243933
2494,342.196432
2495,342.153798
2496,338.802704
2497,338.819483
2498,338.841599
2499,338.865546
2500,338.890251
2501,338.915395
2502,338.940886
2503,338.966708
2504,338.992864
2505,339.019368
2506,339.046234
2507,339.073476
2508,339.101106
2509,339.129132
2510,339.157556
2511,339.186371
2512,339.215561
2513,339.245093
2514,339.274921
2515,339.304981
2516,339.335195
2517,339.365472
2518,339.395721
2519,339.425856
2520,339.455808
2521,339.485529
2522,339.514998
2523,339.544220
2524,339.573231
2525,339.602096
2526,339.630912
2527,339.659814
2528,339.688974
2529,339.718610
2530,339.748988
2531,339.780432
2532,339.813326
2533,339.848116
2534,339.885315
2535,339.925502
2536,339.969336
2537,340.017601
2538,340.071363
2539,340.132408
2540,340.204427
2541,340.295808
2542,340.424502
2543,340.618812
2544,340.876860
2545,341.001122
2546,341.081082
2547,341.142945
2548,341.192375
2549,341.230761
2550,341.258745
2551,341.276812
2552,341.285343
2553,341.284605
2554,341.274748
2555,341.255848
2556,341.228060
2557,341.192101
2558,341.150817
2559,341.114078
2560,338.802166
2561,338.818934
2562,338.841045
2563,338.864997
2564,338.889721
2565,338.914901
2566,338.940448
2567,338.966349
2568,338.992614
2569,339.019261
2570,339.046310
2571,339.073781
2572,339.101694
2573,339.130064
2574,339.158898
2575,339.188197
2576,339.217944
2577,339.248107
2578,339.278629
2579,339.309430
2580,339.340403
2581,339.371419
2582,339.402342
2583,339.433048
2584,339.463435
2585,339.493430
2586,339.522994
2587,339.552121
2588,339.580835
2589,339.609196
2590,339.637294
2591,339.665257
2592,339.693249
2593,339.721484
2594,339.750221
2595,339.779782
2596,339.810547
2597,339.842960
2598,339.877523
2599,339.914793
2600,339.955372
2601,339.999928
2602,340.049285
2603,340.104675
2604,340.168379
2605,340.245063
2606,340.343459
2607,340.473943
2608,340.625185
2609,340.716651
2610,340.782427
2611,340.834979
2612,340.877419
2613,340.910540
2614,340.934700
2615,340.950183
2616,340.957225
2617,340.955999
2618,340.946606
2619,340.929110
2620,340.903667
2621,340.870952
2622,340.833529
2623,340.800234
2624,338.801533
2625,338.818289
2626,338.840391
2627,338.864345
2628,338.889088
2629,338.914304
2630,338.939911
2631,338.965899
2632,338.992285
2633,339.019093
2634,339.046350
2635,339.074087
2636,339.102334
2637,339.131114
2638,339.160449
2639,339.190346
2640,339.220798
2641,339.251777
2642,339.283223
2643,339.315037
2644,339.347076
2645,339.379149
2646,339.411046
2647,339.442583
2648,339.473619
2649,339.504057
2650,339.533840
2651,339.562951
2652,339.591408
2653,339.619264
2654,339.646605
2655,339.673550
2656,339.700259
2657,339.726934
2658,339.753836
2659,339.781283
2660,339.809663
2661,339.839436
2662,339.871131
2663,339.905330
2664,339.942632
2665,339.983674
2666,340.029227
2667,340.080520
2668,340.140169
2669,340.214728
2670,340.320701
2671,340.492583
2672,340.744084
2673,340.808628
2674,340.858571
2675,340.901942
2676,340.937910
2677,340.966126
2678,340.986643
2679,340.999629
2680,341.005251
2681,341.003632
2682,340.994845
2683,340.978934
2684,340.956027
2685,340.926694
2686,340.893135
2687,340.863125
2688,338.800803
2689,338.817542
2690,338.839632
2691,338.863586
2692,338.888344
2693,338.913597
2694,338.939265
2695,338.965347
2696,338.991864
2697,339.018849
2698,339.046341
2699,339.074381
2700,339.103013
2701,339.132276
2702,339.162208
2703,339.192836
2704,339.224173
2705,339.256207
2706,339.288893
2707,339.322130
2708,339.355729
2709,339.389382
2710,339.422712
2711,339.455451
2712,339.487426
2713,339.518524
2714,339.548681
2715,339.577875
2716,339.606125
2717,339.633479
2718,339.660019
2719,339.685857
2720,339.711142
2721,339.736067
2722,339.760883
2723,339.785906
2724,339.811528
2725,339.838238
2726,339.866650
2727,339.897468
2728,339.931361
2729,339.968991
2730,340.011192
2731,340.059521
2732,340.118024
2733,340.199299
2734,340.346015
2735,340.711312
2736,340.841300
2737,340.884234
2738,340.930733
2739,340.972615
2740,341.007485
2741,341.034825
2742,341.054670
2743,341.067191
2744,341.072552
2745,341.070873
2746,341.062224
2747,341.046648
2748,341.024264
2749,340.995623
2750,340.962863
2751,340.933562
2752,338.799971
2753,338.816690
2754,338.838763
2755,338.862712
2756,338.887484
2757,338.912771
2758,338.938502
2759,338.964680
2760,338.991336
2761,339.018513
2762,339.046262
2763,339.074640
2764,339.103707
2765,339.133526
2766,339.164161
2767,339.195671
2768,339.228109
2769,339.261521
2770,339.295929
2771,339.331301
2772,339.367428
2773,339.403731
2774,339.439316
2775,339.473824
2776,339.507132
2777,339.539169
2778,339.569890
2779,339.599287
2780,339.627387
2781,339.654242
2782,339.679931
2783,339.704556
2784,339.728250
2785,339.751185
2786,339.773585
2787,339.795732
2788,339.817977
2789,339.840797
2790,339.864997
2791,339.891706
2792,339.921779
2793,339.955892
2794,339.994918
2795,340.040695
2796,340.098374
2797,340.184333
2798,340.353532
2799,340.795049
2800,340.849936
2801,340.890941
2802,340.936862
2803,340.978192
2804,341.012472
2805,341.039259
2806,341.058650
2807,341.070849
2808,341.076040
2809,341.074349
2810,341.065849
2811,341.050580
2812,341.028654
2813,341.000599
2814,340.968498
2815,340.939769
2816,338.799033
2817,338.815729
2818,338.837780
2819,338.861719
2820,338.886498
2821,338.911816
2822,338.937607
2823,338.963882
2824,338.990681
2825,339.018060
2826,339.046085
2827,339.074829
2828,339.104379
2829,339.134825
2830,339.166270
2831,339.198827
2832,339.232637
2833,339.267887
2834,339.304849
2835,339.343841
2836,339.384879
2837,339.426701
2838,339.466274
2839,339.503469
2840,339.538651
2841,339.571978
2842,339.603494
2843,339.633234
2844,339.661249
2845,339.687605
2846,339.712378
2847,339.735657
2848,339.757547
2849,339.778176
2850,339.797700
2851,339.816276
2852,339.833994
2853,339.850956
2854,339.868366
2855,339.889031
2856,339.914208
2857,339.944344
2858,339.980085
2859,340.023283
2860,340.079517
2861,340.166302
2862,340.340184
2863,340.784984
2864,340.837299
2865,340.878410
2866,340.924168
2867,340.965067
2868,340.998785
2869,341.025008
2870,341.043922
2871,341.055785
2872,341.060813
2873,341.059151
2874,341.050874
2875,341.036018
2876,341.014680
2877,340.987348
2878,340.956023
2879,340.927928
2880,338.797988
2881,338.814655
2882,338.836678
2883,338.860600
2884,338.885379
2885,338.910721
2886,338.936566
2887,338.962934
2888,338.989876
2889,339.017461
2890,339.045772
2891,339.074905
2892,339.104974
2893,339.136108
2894,339.168466
2895,339.202249
2896,339.237767
2897,339.275561
2898,339.316661
2899,339.362806
2900,339.415710
2901,339.472740
2902,339.520308
2903,339.561598
2904,339.599346
2905,339.634399
2906,339.666995
2907,339.697243
2908,339.725240
2909,339.751076
2910,339.774828
2911,339.796565
2912,339.816342
2913,339.834212
2914,339.850187
2915,339.864094
2916,339.875047
2917,339.880739
2918,339.882764
2919,339.891723
2920,339.909285
2921,339.934333
2922,339.966386
2923,340.006810
2924,340.061132
2925,340.147087
2926,340.321338
2927,340.766476
2928,340.818748
2929,340.859893
2930,340.905445
2931,340.945914
2932,340.979089
2933,341.004768
2934,341.023224
2935,341.034775
2936,341.039673
2937,341.038083
2938,341.030088
2939,341.015718
2940,340.995049
2941,340.968527
2942,340.938058
2943,340.910661
2944,338.796832
2945,338.813465
2946,338.835452
2947,338.859349
2948,338.884119
2949,338.909475
2950,338.935365
2951,338.961817
2952,338.988894
2953,339.016681
2954,339.045280
2955,339.074811
2956,339.105422
2957,339.137289
2958,339.170644
2959,339.205827
2960,339.243455
2961,339.284857
2962,339.333130
2963,339.395049
2964,339.481557
2965,339.592286
2966,339.655844
2967,339.702331
2968,339.743302
2969,339.780660
2970,339.814744
2971,339.845729
2972,339.873772
2973,339.899002
2974,339.921502
2975,339.941305
2976,339.958394
2977,339.972695
2978,339.984017
2979,339.991655
2980,339.992278
2981,339.970861
2982,339.924731
2983,339.904808
2984,339.908153
2985,339.925864
2986,339.953491
2987,339.990852
2988,340.042961
2989,340.127418
2990,340.300769
2991,340.745162
2992,340.797386
2993,340.838353
2994,340.883569
2995,340.923580
2996,340.956247
2997,340.981444
2998,340.999508
2999,341.010807
3000,341.015626
3001,341.014148
3002,341.006463
3003,340.992596
3004,340.972605
3005,340.946895
3006,340.917288
3007,340.890600
3008,338.795564
3009,338.812157
3010,338.834100
3011,338.857960
3012,338.882710
3013,338.908066
3014,338.933986
3015,338.960508
3016,338.987707
3017,339.015683
3018,339.044558
3019,339.074483
3020,339.105638
3021,339.138255
3022,339.172656
3023,339.209367
3024,339.249490
3025,339.295810
3026,339.356130
3027,339.452256
3028,339.637363
3029,339.974041
3030,340.052339
3031,340.098635
3032,340.143240
3033,340.184067
3034,340.220508
3035,340.252684
3036,340.280840
3037,340.305171
3038,340.325771
3039,340.342617
3040,340.355565
3041,340.364352
3042,340.368620
3043,340.367947
3044,340.359762
3045,340.267171
3046,340.034351
3047,339.936500
3048,339.911936
3049,339.918719
3050,339.940964
3051,339.974954
3052,340.024636
3053,340.107260
3054,340.279146
3055,340.722003
3056,340.774117
3057,340.814711
3058,340.859437
3059,340.898918
3060,340.931068
3061,340.955810
3062,340.973525
3063,340.984616
3064,340.989395
3065,340.988059
3066,340.980704
3067,340.967352
3068,340.948043
3069,340.923151
3070,340.894417
3071,340.868462
3072,338.794184
3073,338.810732
3074,338.832620
3075,338.856431
3076,338.881144
3077,338.906484
3078,338.932415
3079,338.958985
3080,338.986283
3081,339.014425
3082,339.043555
3083,339.073848
3084,339.105526
3085,339.138874
3086,339.174309
3087,339.212563
3088,339.255292
3089,339.307160
3090,339.383213
3091,339.536359
3092,339.966776
3093,340.056812
3094,340.101811
3095,340.146825
3096,340.191776
3097,340.232909
3098,340.269548
3099,340.301821
3100,340.329985
3101,340.354242
3102,340.374686
3103,340.391289
3104,340.403897
3105,340.412230
3106,340.415909
3107,340.414591
3108,340.408467
3109,340.384739
3110,340.264380
3111,339.987021
3112,339.918530
3113,339.911740
3114,339.928121
3115,339.958605
3116,340.005736
3117,340.086320
3118,340.256395
3119,340.697142
3120,340.749099
3121,340.789157
3122,340.833240
3123,340.872092
3124,340.903677
3125,340.927951
3126,340.945326
3127,340.956229
3128,340.960989
3129,340.959816
3130,340.952809
3131,340.939987
3132,340.921380
3133,340.897328
3134,340.869501
3135,340.844315
3136,338.792695
3137,338.809190
3138,338.831012
3139,338.854759
3140,338.879417
3141,338.904719
3142,338.930637
3143,338.957229
3144,338.984595
3145,339.012869
3146,339.042214
3147,339.072835
3148,339.104986
3149,339.139007
3150,339.175396
3151,339.215040
3152,339.259950
3153,339.315680
3154,339.399416
3155,339.566955
3156,340.000761
3157,340.075902
3158,340.122747
3159,340.169982
3160,340.216780
3161,340.259210
3162,340.296650
3163,340.329300
3164,340.357469
3165,340.381387
3166,340.401153
3167,340.416721
3168,340.427897
3169,340.434338
3170,340.435592
3171,340.431327
3172,340.422225
3173,340.397653
3174,340.292043
3175,340.000370
3176,339.917229
3177,339.902420
3178,339.914075
3179,339.941280
3180,339.985845
3181,340.064254
3182,340.232263
3183,340.670451
3184,340.722214
3185,340.761594
3186,340.804882
3187,340.842988
3188,340.873929
3189,340.897691
3190,340.914706
3191,340.925417
3192,340.930163
3193,340.929165
3194,340.922524
3195,340.910256
3196,340.892380
3197,340.869209
3198,340.842342
3199,340.817977
3200,338.791102
3201,338.807536
3202,338.829280
3203,338.852945
3204,338.877528
3205,338.902766
3206,338.928641
3207,338.955219
3208,338.982615
3209,339.010976
3210,339.040485
3211,339.071372
3212,339.103925
3213,339.138526
3214,339.175739
3215,339.216554
3216,339.263168
3217,339.321481
3218,339.409207
3219,339.582203
3220,340.019495
3221,340.094616
3222,340.143636
3223,340.193156
3224,340.241929
3225,340.285785
3226,340.324110
3227,340.357157
3228,340.385283
3229,340.408745
3230,340.427646
3231,340.441923
3232,340.451344
3233,340.455509
3234,340.453931
3235,340.446360
3236,340.434058
3237,340.407188
3238,340.300730
3239,340.000954
3240,339.910586
3241,339.890562
3242,339.898392
3243,339.922576
3244,339.964596
3245,340.040724
3246,340.206447
3247,340.641681
3248,340.693217
3249,340.731780
3250,340.774117
3251,340.811341
3252,340.841536
3253,340.864716
3254,340.881325
3255,340.891819
3256,340.896546
3257,340.895727
3258,340.889468
3259,340.877783
3260,340.860680
3261,340.838447
3262,340.812608
3263,340.789129
3264,338.789414
3265,338.805779
3266,338.827430
3267,338.850995
3268,338.875477
3269,338.900622
3270,338.926417
3271,338.952942
3272,338.980319
3273,339.008712
3274,339.038321
3275,339.069397
3276,339.102258
3277,339.137322
3278,339.175200
3279,339.216949
3280,339.264867
3281,339.324996
3282,339.415234
3283,339.591588
3284,340.033405
3285,340.109123
3286,340.159844
3287,340.211178
3288,340.261569
3289,340.306614
3290,340.345665
3291,340.379001
3292,340.407008
3293,340.429960
3294,340.447963
3295,340.460941
3296,340.468636
3297,340.470618
3298,340.466398
3299,340.455847
3300,340.440772
3301,340.411827
3302,340.303553
3303,339.996026
3304,339.900381
3305,339.876310
3306,339.880838
3307,339.902191
3308,339.941677
3309,340.015417
3310,340.178633
3311,340.610506
3312,340.661781
3313,340.699379
3314,340.740591
3315,340.776774
3316,340.806097
3317,340.828599
3318,340.844739
3319,340.854977
3320,340.859664
3321,340.859025
3322,340.853164
3323,340.842094
3324,340.825814
3325,340.804589
3326,340.779861
3327,340.757347
3328,338.787644
3329,338.803931
3330,338.825473
3331,338.848915
3332,338.873269
3333,338.898286
3334,338.923963
3335,338.950386
3336,338.977689
3337,339.006049
3338,339.035682
3339,339.066859
3340,339.099919
3341,339.135310
3342,339.173677
3343,339.216123
3344,339.264998
3345,339.326419
3346,339.418383
3347,339.597093
3348,340.042595
3349,340.118780
3350,340.170701
3351,340.223338
3352,340.274907
3353,340.320812
3354,340.360362
3355,340.393836
3356,340.421634
3357,340.444040
3358,340.461160
3359,340.472911
3360,340.479017
3361,340.479041
3362,340.472511
3363,340.459428
3364,340.442054
3365,340.411410
3366,340.301536
3367,339.987232
3368,339.887212
3369,339.859694
3370,339.861243
3371,339.879889
3372,339.916825
3373,339.988046
3374,340.148498
3375,340.576543
3376,340.627517
3377,340.663976
3378,340.703854
3379,340.738809
3380,340.767104
3381,340.788812
3382,340.804400
3383,340.814329
3384,340.818949
3385,340.818483
3386,340.813035
3387,340.802616
3388,340.787218
3389,340.767081
3390,340.743564
3391,340.722108
3392,338.785809
3393,338.802009
3394,338.823426
3395,338.846721
3396,338.870915
3397,338.895767
3398,338.921278
3399,338.947545
3400,338.974713
3401,339.002967
3402,339.032540
3403,339.063716
3404,339.096855
3405,339.132426
3406,339.171098
3407,339.214003
3408,339.263525
3409,339.325820
3410,339.418944
3411,339.599256
3412,340.047327
3413,340.123828
3414,340.176540
3415,340.230034
3416,340.282371
3417,340.328814
3418,340.368627
3419,340.402082
3420,340.429581
3421,340.451410
3422,340.467677
3423,340.478291
3424,340.482972
3425,340.481280
3426,340.472773
3427,340.457567
3428,340.438299
3429,340.406269
3430,340.295062
3431,339.975020
3432,339.871257
3433,339.840695
3434,339.839484
3435,339.855496
3436,339.889828
3437,339.958351
3438,340.115718
3439,340.539359
3440,340.589983
3441,340.625083
3442,340.663372
3443,340.696871
3444,340.723956
3445,340.744732
3446,340.759670
3447,340.769225
3448,340.773743
3449,340.773440
3450,340.768419
3451,340.758687
3452,340.744235
3453,340.725276
3454,340.703083
3455,340.682793
3456,338.783935
3457,338.800038
3458,338.821311
3459,338.844432
3460,338.868431
3461,338.893074
3462,338.918370
3463,338.944421
3464,338.971384
3465,338.999453
3466,339.028873
3467,339.059940
3468,339.093029
3469,339.128625
3470,339.167416
3471,339.210551
3472,339.260433
3473,339.323239
3474,339.417059
3475,339.598345
3476,340.047984
3477,340.124675
3478,340.177850
3479,340.231834
3480,340.284585
3481,340.331274
3482,340.371131
3483,340.404416
3484,340.431528
3485,340.452754
3486,340.468198
3487,340.477768
3488,340.481180
3489,340.477999
3490,340.467811
3491,340.450829
3492,340.429995
3493,340.396823
3494,340.284504
3495,339.959611
3496,339.852606
3497,339.819304
3498,339.815493
3499,339.828899
3500,339.860521
3501,339.926103
3502,340.079980
3503,340.498523
3504,340.548734
3505,340.582191
3506,340.618575
3507,340.650343
3508,340.676006
3509,340.695696
3510,340.709877
3511,340.718990
3512,340.723365
3513,340.723212
3514,340.718628
3515,340.709620
3516,340.696176
3517,340.678491
3518,340.657747
3519,340.638745
3520,338.782053
3521,338.798049
3522,338.819157
3523,338.842075
3524,338.865840
3525,338.890226
3526,338.915249
3527,338.941021
3528,338.967703
3529,338.995502
3530,339.024669
3531,339.055513
3532,339.088419
3533,339.123883
3534,339.162605
3535,339.205747
3536,339.255720
3537,339.318712
3538,339.412828
3539,339.594555
3540,340.044915
3541,340.121691
3542,340.175060
3543,340.229227
3544,340.282090
3545,340.328768
3546,340.368470
3547,340.401445
3548,340.428089
3549,340.448687
3550,340.463339
3551,340.471951
3552,340.474239
3553,340.469772
3554,340.458160
3555,340.439693
3556,340.417561
3557,340.383443
3558,340.270190
3559,339.941182
3560,339.831347
3561,339.795552
3562,339.789259
3563,339.800042
3564,339.828786
3565,339.891090
3566,340.040996
3567,340.453794
3568,340.503517
3569,340.534970
3570,340.569068
3571,340.598800
3572,340.622818
3573,340.641266
3574,340.654586
3575,340.663190
3576,340.667384
3577,340.667363
3578,340.663220
3579,340.654963
3580,340.642582
3581,340.626259
3582,340.607086
3583,340.589504
3584,338.780204
3585,338.796082
3586,338.817004
3587,338.839685
3588,338.863172
3589,338.887248
3590,338.911936
3591,338.937356
3592,338.963678
3593,338.991114
3594,339.019925
3595,339.050427
3596,339.083012
3597,339.118185
3598,339.156653
3599,339.199585
3600,339.249397
3601,339.312279
3602,339.406332
3603,339.588034
3604,340.038384
3605,340.115157
3606,340.168494
3607,340.222579
3608,340.275289
3609,340.321727
3610,340.361093
3611,340.393631
3612,340.419733
3613,340.439678
3614,340.453567
3615,340.461302
3616,340.462598
3617,340.457028
3618,340.444218
3619,340.424521
3620,340.401317
3621,340.366419
3622,340.252383
3623,339.919891
3624,339.807585
3625,339.769512
3626,339.760828
3627,339.768928
3628,339.794517
3629,339.853004
3630,339.998354
3631,340.405745
3632,340.454979
3633,340.484011
3634,340.515436
3635,340.542859
3636,340.565055
3637,340.582152
3638,340.594542
3639,340.602591
3640,340.606574
3641,340.606667
3642,340.602953
3643,340.595446
3644,340.584146
3645,340.569230
3646,340.551711
3647,340.535657
3648,338.778443
3649,338.794190
3650,338.814900
3651,338.837305
3652,338.860465
3653,338.884171
3654,338.908456
3655,338.933448
3656,338.959323
3657,338.986300
3658,339.014646
3659,339.044683
3660,339.076808
3661,339.111530
3662,339.149561
3663,339.192072
3664,339.241480
3665,339.303972
3666,339.397632
3667,339.578888
3668,340.028573
3669,340.105262
3670,340.158366
3671,340.212133
3672,340.264449
3673,340.310438
3674,340.349303
3675,340.381284
3676,340.406772
3677,340.426043
3678,340.439197
3679,340.446131
3680,340.446559
3681,340.440055
3682,340.426256
3683,340.405556
3684,340.381486
3685,340.345956
3686,340.231276
3687,339.895880
3688,339.781439
3689,339.741298
3690,339.730307
3691,339.735605
3692,339.757519
3693,339.810939
3694,339.950092
3695,340.356590
3696,340.407056
3697,340.433448
3698,340.462077
3699,340.487177
3700,340.507594
3701,340.523394
3702,340.534899
3703,340.542420
3704,340.546194
3705,340.546373
3706,340.543036
3707,340.536202
3708,340.525885
3709,340.512271
3710,340.496322
3711,340.481774
3712,338.776836
3713,338.792439
3714,338.812905
3715,338.834989
3716,338.857764
3717,338.881034
3718,338.904842
3719,338.929322
3720,338.954659
3721,338.981077
3722,339.008847
3723,339.038294
3724,339.069817
3725,339.103928
3726,339.141339
3727,339.183221
3728,339.231990
3729,339.293821
3730,339.386773
3731,339.567182
3732,340.015583
3733,340.092114
3734,340.144793
3735,340.198019
3736,340.249714
3737,340.295056
3738,340.333260
3739,340.364572
3740,340.389379
3741,340.407958
3742,340.420403
3743,340.426611
3744,340.426292
3745,340.419018
3746,340.404429
3747,340.382947
3748,340.358209
3749,340.322190
3750,340.207000
3751,339.869275
3752,339.753049
3753,339.711071
3754,339.697876
3755,339.700192
3756,339.717405
3757,339.762089
3758,339.884417
3759,340.275482
3760,340.359910
3761,340.384202
3762,340.410335
3763,340.433411
3764,340.452315
3765,340.467033
3766,340.477807
3767,340.484892
3768,340.488486
3769,340.488724
3770,340.485679
3771,340.479377
3772,340.469849
3773,340.457300
3774,340.442671
3775,340.429455
3776,338.775469
3777,338.790910
3778,338.811094
3779,338.832802
3780,338.855126
3781,338.877885
3782,338.901133
3783,338.925014
3784,338.949718
3785,338.975474
3786,339.002554
3787,339.031285
3788,339.062066
3789,339.095407
3790,339.132018
3791,339.173066
3792,339.220960
3793,339.281865
3794,339.373797
3795,339.552963
3796,339.999466
3797,340.075764
3798,340.127827
3799,340.180289
3800,340.231139
3801,340.275637
3802,340.313025
3803,340.343557
3804,340.367619
3805,340.385488
3806,340.397254
3807,340.402812
3808,340.401867
3809,340.393989
3810,340.378815
3811,340.356776
3812,340.331571
3813,340.295211
3814,340.179654
3815,339.840214
3816,339.722588
3817,339.679062
3818,339.663850
3819,339.663092
3820,339.674341
3821,339.703230
3822,339.770617
3823,339.931391
3824,340.268729
3825,340.308283
3826,340.334400
3827,340.356808
3828,340.375169
3829,340.389492
3830,340.399998
3831,340.406921
3832,340.410447
3833,340.410702
3834,340.407759
3835,340.401646
3836,340.392402
3837,340.380240
3838,340.366101
3839,340.353409
3840,338.774450
3841,338.789704
3842,338.809557
3843,338.830822
3844,338.852618
3845,338.874784
3846,338.897386
3847,338.920578
3848,338.944554
3849,338.969546
3850,338.995827
3851,339.023720
3852,339.053623
3853,339.086039
3854,339.121675
3855,339.161689
3856,339.208481
3857,339.268195
3858,339.358795
3859,339.536316
3860,339.980292
3861,340.056278
3862,340.107527
3863,340.158993
3864,340.208767
3865,340.252225
3866,340.288644
3867,340.318287
3868,340.341545
3869,340.358690
3870,340.369811
3871,340.374799
3872,340.373357
3873,340.365049
3874,340.349505
3875,340.327151
3876,340.301699
3877,340.265160
3878,340.149394
3879,339.808920
3880,339.690343
3881,339.645638
3882,339.628768
3883,339.625377
3884,339.631578
3885,339.648368
3886,339.681612
3887,339.742413
3888,339.832050
3889,339.868890
3890,339.891439
3891,339.908951
3892,339.923151
3893,339.934378
3894,339.942759
3895,339.948392
3896,339.951362
3897,339.951740
3898,339.949585
3899,339.944952
3900,339.937931
3901,339.928774
3902,339.918286
3903,339.909036
3904,338.773904
3905,338.788935
3906,338.808393
3907,338.829138
3908,338.850326
3909,338.871817
3910,338.893693
3911,338.916115
3912,338.939280
3913,338.963421
3914,338.988808
3915,339.015760
3916,339.044668
3917,339.076029
3918,339.110537
3919,339.149341
3920,339.194825
3921,339.253105
3922,339.342081
3923,339.517572
3924,339.958389
3925,340.033981
3926,340.084203
3927,340.134437
3928,340.182907
3929,340.225136
3930,340.260446
3931,340.289109
3932,340.311516
3933,340.327935
3934,340.338453
3935,340.342960
3936,340.341157
3937,340.332604
3938,340.316921
3939,340.294515
3940,340.269063
3941,340.232528
3942,340.116732
3943,339.775984
3944,339.656960
3945,339.611519
3946,339.593476
3947,339.588171
3948,339.590946
3949,339.600728
3950,339.618236
3951,339.644657
3952,339.676958
3953,339.699590
3954,339.716772
3955,339.730891
3956,339.742604
3957,339.752025
3958,339.759165
3959,339.764038
3960,339.766672
3961,339.767111
3962,339.765406
3963,339.761630
3964,339.755904
3965,339.748501
3966,339.740136
3967,339.732861
3968,338.773934
3969,338.788698
3970,338.807696
3971,338.827857
3972,338.848380
3973,338.869149
3974,338.890259
3975,338.911876
3976,338.934198
3977,338.957455
3978,338.981912
3979,339.007882
3980,339.035747
3981,339.065992
3982,339.099299
3983,339.136800
3984,339.180860
3985,339.237563
3986,339.324729
3987,339.497933
3988,339.935121
3989,340.010241
3990,340.059239
3991,340.108044
3992,340.155046
3993,340.195928
3994,340.230053
3995,340.257699
3996,340.279253
3997,340.294980
3998,340.304964
3999,340.309094
4000,340.307071
4001,340.298457
4002,340.282866
4003,340.260677
4004,340.235486
4005,340.199162
4006,340.083532
4007,339.743284
4008,339.624322
4009,339.578607
4010,339.559913
4011,339.553441
4012,339.554203
4013,339.560381
4014,339.571230
4015,339.586076
4016,339.603072
4017,339.618475
4018,339.632026
4019,339.643865
4020,339.653962
4021,339.662217
4022,339.668550
4023,339.672921
4024,339.675328
4025,339.675796
4026,339.674375
4027,339.671149
4028,339.666264
4029,339.660012
4030,339.653062
4031,339.647151
4032,338.774452
4033,338.788933
4034,338.807484
4035,338.827110
4036,338.847046
4037,338.867195
4038,338.887657
4039,338.908598
4040,338.930217
4041,338.952738
4042,338.976420
4043,339.001571
4044,339.028562
4045,339.057868
4046,339.090157
4047,339.126546
4048,339.169380
4049,339.224712
4050,339.310295
4051,339.481489
4052,339.915379
4053,339.990010
4054,340.037798
4055,340.085261
4056,340.130937
4057,340.170636
4058,340.203746
4059,340.230542
4060,340.251403
4061,340.266590
4062,340.276183
4063,340.280073
4064,340.277965
4065,340.269426
4066,340.254072
4067,340.232264
4068,340.207510
4069,340.171565
4070,340.056253
4071,339.716962
4072,339.598391
4073,339.552759
4074,339.533872
4075,339.526895
4076,339.526737
4077,339.531367
4078,339.539697
4079,339.550783
4080,339.563372
4081,339.575919
4082,339.587692
4083,339.598315
4084,339.607523
4085,339.615125
4086,339.620999
4087,339.625079
4088,339.627348
4089,339.627824
4090,339.626556
4091,339.623635
4092,339.619219
4093,339.613613
4094,339.607477
4095,339.602391
4096,338.780561
4097,338.801831
4098,338.821865
4099,338.841056
4100,338.859655
4101,338.877845
4102,338.895765
4103,338.913536
4104,338.931262
4105,338.949040
4106,338.966967
4107,338.985139
4108,339.003657
4109,339.022632
4110,339.042183
4111,339.062450
4112,339.083589
4113,339.105787
4114,339.129260
4115,339.154269
4116,339.181126
4117,339.210208
4118,339.241973
4119,339.276979
4120,339.315911
4121,339.359609
4122,339.409113
4123,339.465708
4124,339.530992
4125,339.606945
4126,339.696002
4127,339.801033
4128,339.924976
4129,340.023774
4130,340.103588
4131,340.167940
4132,340.219132
4133,340.258756
4134,340.287899
4135,340.307234
4136,340.317071
4137,340.317379
4138,340.307783
4139,340.287545
4140,340.255520
4141,340.210058
4142,340.148820
4143,340.068312
4144,339.962624
4145,339.875514
4146,339.803966
4147,339.745076
4148,339.696399
4149,339.655959
4150,339.622178
4151,339.593807
4152,339.569862
4153,339.549577
4154,339.532374
4155,339.517831
4156,339.505674
4157,339.495772
4158,339.488157
4159,339.483085
4160,338.776509
4161,338.798262
4162,338.819021
4163,338.839030
4164,338.858488
4165,338.877555
4166,338.896363
4167,338.915030
4168,338.933661
4169,338.952355
4170,338.971210
4171,338.990326
4172,339.009808
4173,339.029771
4174,339.050341
4175,339.071661
4176,339.093897
4177,339.117243
4178,339.141925
4179,339.168217
4180,339.196445
4181,339.227003
4182,339.260369
4183,339.297129
4184,339.337996
4185,339.383847
4186,339.435765
4187,339.495084
4188,339.563455
4189,339.642910
4190,339.735909
4191,339.845263
4192,339.973564
4193,340.076403
4194,340.159716
4195,340.227001
4196,340.280595
4197,340.322128
4198,340.352720
4199,340.373066
4200,340.383489
4201,340.383953
4202,340.374071
4203,340.353078
4204,340.319791
4205,340.272520
4206,340.208893
4207,340.125449
4208,340.016538
4209,339.926183
4210,339.851725
4211,339.790325
4212,339.739512
4213,339.697257
4214,339.661929
4215,339.632229
4216,339.607130
4217,339.585831
4218,339.567721
4219,339.552353
4220,339.539423
4221,339.528765
4222,339.520344
4223,339.514249
4224,338.773862
4225,338.795859
4226,338.817103
4227,338.837735
4228,338.857895
4229,338.877711
4230,338.897301
4231,338.916773
4232,338.936226
4233,338.955760
4234,338.975472
4235,338.995462
4236,339.015840
4237,339.036720
4238,339.058235
4239,339.080532
4240,339.103781
4241,339.128183
4242,339.153974
4243,339.181435
4244,339.210903
4245,339.242788
4246,339.277584
4247,339.315895
4248,339.358457
4249,339.406175
4250,339.460160
4251,339.521778
4252,339.592705
4253,339.674990
4254,339.771074
4255,339.883678
4256,340.015174
4257,340.121053
4258,340.207107
4259,340.276777
4260,340.332386
4261,340.375573
4262,340.407471
4263,340.428785
4264,340.439844
4265,340.440610
4266,340.430685
4267,340.409290
4268,340.375225
4269,340.326789
4270,340.261620
4271,340.176325
4272,340.065418
4273,339.972958
4274,339.896508
4275,339.833316
4276,339.780927
4277,339.737296
4278,339.700763
4279,339.669993
4280,339.643928
4281,339.621738
4282,339.602783
4283,339.586587
4284,339.572815
4285,339.561255
4286,339.551803
4287,339.544433
4288,338.772218
4289,338.794371
4290,338.815965
4291,338.837083
4292,338.857819
4293,338.878275
4294,338.898550
4295,338.918738
4296,338.938934
4297,338.959233
4298,338.979730
4299,339.000525
4300,339.021728
4301,339.043455
4302,339.065840
4303,339.089034
4304,339.113210
4305,339.138575
4306,339.165370
4307,339.193882
4308,339.224459
4309,339.257517
4310,339.293566
4311,339.333221
4312,339.377237
4313,339.426535
4314,339.482246
4315,339.545751
4316,339.618742
4317,339.703264
4318,339.801734
4319,339.916803
4320,340.050733
4321,340.158930
4322,340.247128
4323,340.318718
4324,340.376003
4325,340.420617
4326,340.453695
4327,340.475946
4328,340.487699
4329,340.488914
4330,340.479188
4331,340.457732
4332,340.423339
4333,340.374308
4334,340.308298
4335,340.221963
4336,340.109895
4337,340.016188
4338,339.938509
4339,339.874170
4340,339.820736
4341,339.776160
4342,339.738762
4343,339.707188
4344,339.680355
4345,339.657408
4346,339.637683
4347,339.620678
4348,339.606027
4349,339.593481
4350,339.582882
4351,339.574141
4352,338.771323
4353,338.793598
4354,338.815465
4355,338.836974
4356,338.858192
4357,338.879196
4358,338.900069
4359,338.920894
4360,338.941758
4361,338.962750
4362,338.983962
4363,339.005493
4364,339.027450
4365,339.049952
4366,339.073131
4367,339.097141
4368,339.122159
4369,339.148391
4370,339.176082
4371,339.205527
4372,339.237075
4373,339.271153
4374,339.308274
4375,339.349066
4376,339.394293
4377,339.444887
4378,339.501989
4379,339.566992
4380,339.641591
4381,339.727827
4382,339.828096
4383,339.945010
4384,340.080772
4385,340.190720
4386,340.280567
4387,340.353680
4388,340.412342
4389,340.458180
4390,340.492327
4391,340.515494
4392,340.528007
4393,340.529824
4394,340.520536
4395,340.499351
4396,340.465054
4397,340.415947
4398,340.349702
4399,340.262999
4400,340.150463
4401,340.056217
4402,339.977973
4403,339.913073
4404,339.859097
4405,339.813995
4406,339.776076
4407,339.743970
4408,339.716575
4409,339.693018
4410,339.672615
4411,339.654840
4412,339.639305
4413,339.625731
4414,339.613927
4415,339.603769
4416,338.771001
4417,338.793384
4418,338.815478
4419,338.837313
4420,338.858940
4421,338.880418
4422,338.901815
4423,338.923206
4424,338.944668
4425,338.966285
4426,338.988144
4427,339.010343
4428,339.032985
4429,339.056190
4430,339.080088
4431,339.104834
4432,339.130604
4433,339.157607
4434,339.186088
4435,339.216344
4436,339.248728
4437,339.283667
4438,339.321681
4439,339.363400
4440,339.409595
4441,339.461203
4442,339.519372
4443,339.585499
4444,339.661280
4445,339.748754
4446,339.850306
4447,339.968531
4448,340.105603
4449,340.216818
4450,340.307889
4451,340.382171
4452,340.441940
4453,340.488819
4454,340.523939
4455,340.548009
4456,340.561356
4457,340.563934
4458,340.555329
4459,340.534741
4460,340.500953
4461,340.452261
4462,340.386339
4463,340.299875
4464,340.187509
4465,340.093363
4466,340.015163
4467,339.950258
4468,339.896228
4469,339.851017
4470,339.812924
4471,339.780565
4472,339.752826
4473,339.728817
4474,339.707840
4475,339.689355
4476,339.672952
4477,339.658335
4478,339.645294
4479,339.633688
4480,338.771121
4481,338.793608
4482,338.815898
4483,338.838015
4484,338.859995
4485,338.881886
4486,338.903745
4487,338.925637
4488,338.947633
4489,338.969811
4490,338.992253
4491,339.015054
4492,339.038314
4493,339.062151
4494,339.086694
4495,339.112095
4496,339.138530
4497,339.166207
4498,339.195371
4499,339.226317
4500,339.259398
4501,339.295042
4502,339.333767
4503,339.376205
4504,339.423126
4505,339.475470
4506,339.534384
4507,339.601269
4508,339.677823
4509,339.766084
4510,339.868439
4511,339.987479
4512,340.125379
4513,340.237414
4514,340.329315
4515,340.404439
4516,340.465063
4517,340.512812
4518,340.548817
4519,340.573790
4520,340.588054
4521,340.591562
4522,340.583892
4523,340.564240
4524,340.531376
4525,340.483588
4526,340.418538
4527,340.332907
4528,340.221335
4529,340.127914
4530,340.050355
4531,339.985995
4532,339.932402
4533,339.887506
4534,339.849596
4535,339.817277
4536,339.789422
4537,339.765133
4538,339.743701
4539,339.724574
4540,339.707335
4541,339.691675
4542,339.677374
4543,339.664286
4544,338.771583
4545,338.794172
4546,338.816640
4547,338.839004
4548,338.861293
4549,338.883547
4550,338.905813
4551,338.928151
4552,338.950623
4553,338.973302
4554,338.996267
4555,339.019607
4556,339.043421
4557,339.067820
4558,339.092934
4559,339.118912
4560,339.145926
4561,339.174182
4562,339.203923
4563,339.235439
4564,339.269081
4565,339.305272
4566,339.344528
4567,339.387475
4568,339.434880
4569,339.487679
4570,339.547017
4571,339.614295
4572,339.691212
4573,339.779813
4574,339.882493
4575,340.001860
4576,340.140104
4577,340.252521
4578,340.344862
4579,340.420504
4580,340.481736
4581,340.530188
4582,340.567000
4583,340.592882
4584,340.608159
4585,340.612779
4586,340.606318
4587,340.587957
4588,340.556457
4589,340.510085
4590,340.446481
4591,340.362301
4592,340.252178
4593,340.160132
4594,340.083835
4595,340.020594
4596,339.967950
4597,339.923816
4598,339.886466
4599,339.854493
4600,339.826766
4601,339.802379
4602,339.780620
4603,339.760932
4604,339.742894
4605,339.726192
4606,339.710606
4607,339.695990
4608,338.772308
4609,338.794999
4610,338.817629
4611,338.840215
4612,338.862778
4613,338.885352
4614,338.907980
4615,338.930713
4616,338.953609
4617,338.976735
4618,339.000166
4619,339.023985
4620,339.048289
4621,339.073186
4622,339.098800
4623,339.125277
4624,339.152787
4625,339.181528
4626,339.211740
4627,339.243709
4628,339.277776
4629,339.314360
4630,339.353967
4631,339.397214
4632,339.444859
4633,339.497830
4634,339.557265
4635,339.624559
4636,339.701415
4637,339.789888
4638,339.892393
4639,340.011568
4640,340.149644
4641,340.261974
4642,340.354346
4643,340.430167
4644,340.491747
4645,340.540734
4646,340.578274
4647,340.605081
4648,340.621480
4649,340.627417
4650,340.622460
4651,340.605784
4652,340.576129
4653,340.531736
4654,340.470210
4655,340.388167
4656,340.280216
4657,340.190262
4658,340.115910
4659,340.054414
4660,340.003277
4661,339.960385
4662,339.923997
4663,339.892701
4664,339.865360
4665,339.841071
4666,339.819120
4667,339.798956
4668,339.780156
4669,339.762411
4670,339.745504
4671,339.729296
4672,338.773231
4673,338.796023
4674,338.818806
4675,338.841591
4676,338.864399
4677,338.887259
4678,338.910208
4679,338.933292
4680,338.956564
4681,338.980087
4682,339.003930
4683,339.028173
4684,339.052908
4685,339.078239
4686,339.104285
4687,339.131188
4688,339.159111
4689,339.188248
4690,339.218830
4691,339.251136
4692,339.285497
4693,339.322321
4694,339.362101
4695,339.405440
4696,339.453081
4697,339.505935
4698,339.565127
4699,339.632043
4700,339.708384
4701,339.796217
4702,339.897988
4703,340.016387
4704,340.153715
4705,340.265429
4706,340.357369
4707,340.432991
4708,340.494639
4709,340.543980
4710,340.582167
4711,340.609921
4712,340.627566
4713,340.635049
4714,340.631932
4715,340.617381
4716,340.590116
4717,340.548347
4718,340.489628
4719,340.410517
4720,340.305582
4721,340.218550
4722,340.146925
4723,340.087883
4724,340.038875
4725,339.997756
4726,339.962771
4727,339.932506
4728,339.905828
4729,339.881841
4730,339.859841
4731,339.839283
4732,339.819755
4733,339.800956
4734,339.782676
4735,339.764786
4736,338.774301
4737,338.797194
4738,338.820119
4739,338.843086
4740,338.866115
4741,338.889230
4742,338.912464
4743,338.935859
4744,338.959465
4745,338.983338
4746,339.007544
4747,339.032159
4748,339.057269
4749,339.082973
4750,339.109387
4751,339.136645
4752,339.164903
4753,339.194350
4754,339.225206
4755,339.257738
4756,339.292266
4757,339.329183
4758,339.368962
4759,339.412187
4760,339.459577
4761,339.512020
4762,339.570616
4763,339.636731
4764,339.712057
4765,339.798671
4766,339.899060
4767,340.015989
4768,340.151871
4769,340.262332
4770,340.353296
4771,340.428283
4772,340.489679
4773,340.539171
4774,340.577921
4775,340.606651
4776,340.625685
4777,340.634972
4778,340.634074
4779,340.622150
4780,340.597906
4781,340.559518
4782,340.504479
4783,340.429263
4784,340.328366
4785,340.245259
4786,340.177291
4787,340.121530
4788,340.075361
4789,340.036608
4790,340.003510
4791,339.974658
4792,339.948937
4793,339.925467
4794,339.903561
4795,339.882690
4796,339.862457
4797,339.842574
4798,339.822845
4799,339.803155
4800,338.775475
4801,338.798467
4802,338.821525
4803,338.844660
4804,338.867888
4805,338.891230
4806,338.914718
4807,338.938390
4808,338.962289
4809,338.986471
4810,339.010995
4811,339.035932
4812,339.061365
4813,339.087387
4814,339.114108
4815,339.141654
4816,339.170176
4817,339.199850
4818,339.230887
4819,339.263541
4820,339.298117
4821,339.334984
4822,339.374596
4823,339.417508
4824,339.464405
4825,339.516139
4826,339.573771
4827,339.638631
4828,339.712385
4829,339.797108
4830,339.895330
4831,340.009922
4832,340.143474
4833,340.251886
4834,340.341203
4835,340.415035
4836,340.475811
4837,340.525230
4838,340.564452
4839,340.594194
4840,340.614780
4841,340.626161
4842,340.627909
4843,340.619189
4844,340.598704
4845,340.564602
4846,340.514312
4847,340.444196
4848,340.348630
4849,340.270700
4850,340.207527
4851,340.156028
4852,340.113517
4853,340.077797
4854,340.047115
4855,340.020089
4856,339.995633
4857,339.972899
4858,339.951228
4859,339.930116
4860,339.909186
4861,339.888168
4862,339.866884
4863,339.845237
4864,338.776718
4865,338.799807
4866,338.822991
4867,338.846279
4868,338.869686
4869,338.893233
4870,338.916947
4871,338.940862
4872,338.965021
4873,338.989472
4874,339.014272
4875,339.039487
4876,339.065195
4877,339.091483
4878,339.118453
4879,339.146226
4880,339.174943
4881,339.204769
4882,339.235904
4883,339.268583
4884,339.303093
4885,339.339781
4886,339.379069
4887,339.421477
4888,339.467647
4889,339.518379
4890,339.574674
4891,339.637800
4892,339.709363
4893,339.791406
4894,339.886485
4895,339.997610
4896,340.127656
4897,340.232971
4898,340.319800
4899,340.391856
4900,340.451592
4901,340.500693
4902,340.540294
4903,340.571094
4904,340.593414
4905,340.607213
4906,340.612085
4907,340.607225
4908,340.591357
4909,340.562631
4910,340.518424
4911,340.454964
4912,340.366426
4913,340.295291
4914,340.238325
4915,340.192262
4916,340.154352
4917,340.122406
4918,340.094715
4919,340.069950
4920,340.047078
4921,340.025301
4922,340.004000
4923,339.982704
4924,339.961065
4925,339.938833
4926,339.915852
4927,339.892042
4928,338.778000
4929,338.801183
4930,338.824484
4931,338.847914
4932,338.871484
4933,338.895213
4934,338.919128
4935,338.943259
4936,338.967644
4937,338.992329
4938,339.017367
4939,339.042820
4940,339.068757
4941,339.095263
4942,339.122432
4943,339.150375
4944,339.179225
4945,339.209135
4946,339.240290
4947,339.272907
4948,339.307252
4949,339.343642
4950,339.382465
4951,339.424198
4952,339.469426
4953,339.518879
4954,339.573474
4955,339.634376
4956,339.703080
4957,339.781529
4958,339.872240
4959,339.978361
4960,340.103228
4961,340.204019
4962,340.287297
4963,340.356850
4964,340.415085
4965,340.463614
4966,340.503508
4967,340.535429
4968,340.559686
4969,340.576257
4970,340.584777
4971,340.584503
4972,340.574234
4973,340.552182
4974,340.515734
4975,340.461003
4976,340.381835
4977,340.319645
4978,340.270660
4979,340.231423
4980,340.199179
4981,340.171816
4982,340.147722
4983,340.125666
4984,340.104699
4985,340.084091
4986,340.063282
4987,340.041842
4988,340.019454
4989,339.995895
4990,339.971029
4991,339.944796
4992,338.779296
4993,338.802571
4994,338.825982
4995,338.849541
4996,338.873258
4997,338.897151
4998,338.921244
4999,338.945564
5000,338.970147
5001,338.995035
5002,339.020276
5003,339.045928
5004,339.072056
5005,339.098735
5006,339.126056
5007,339.154119
5008,339.183047
5009,339.212980
5010,339.244087
5011,339.276567
5012,339.310659
5013,339.346651
5014,339.384889
5015,339.425799
5016,339.469900
5017,339.517834
5018,339.570404
5019,339.628625
5020,339.693802
5021,339.767653
5022,339.852483
5023,339.951426
5024,340.068475
5025,340.162733
5026,340.241158
5027,340.307412
5028,340.363688
5029,340.411415
5030,340.451543
5031,340.484669
5032,340.511088
5033,340.530807
5034,340.543532
5035,340.548628
5036,340.545041
5037,340.531159
5038,340.504549
5039,340.461379
5040,340.395078
5041,340.344775
5042,340.305967
5043,340.275145
5044,340.249720
5045,340.227781
5046,340.207899
5047,340.188994
5048,340.170239
5049,340.151000
5050,340.130785
5051,340.109216
5052,340.086010
5053,340.060971
5054,340.033980
5055,340.004998
5056,338.780588
5057,338.803949
5058,338.827464
5059,338.851141
5060,338.874991
5061,338.899031
5062,338.923280
5063,338.947766
5064,338.972521
5065,338.997582
5066,339.022996
5067,339.048813
5068,339.075094
5069,339.101910
5070,339.129340
5071,339.157479
5072,339.186436
5073,339.216340
5074,339.247342
5075,339.279622
5076,339.313390
5077,339.348902
5078,339.386462
5079,339.426436
5080,339.469270
5081,339.515503
5082,339.565800
5083,339.620978
5084,339.682065
5085,339.750368
5086,339.827621
5087,339.916300
5088,340.020553
5089,340.105473
5090,340.177618
5091,340.239839
5092,340.293780
5093,340.340542
5094,340.380895
5095,340.415347
5096,340.444181
5097,340.467448
5098,340.484957
5099,340.496236
5100,340.500468
5101,340.496382
5102,340.482045
5103,340.454313
5104,340.406892
5105,340.372499
5106,340.346407
5107,340.325670
5108,340.308213
5109,340.292512
5110,340.277426
5111,340.262086
5112,340.245827
5113,340.228129
5114,340.208585
5115,340.186874
5116,340.162749
5117,340.136031
5118,340.106616
5119,340.074477
5120,338.781857
5121,338.805302
5122,338.828912
5123,338.852697
5124,338.876668
5125,338.900837
5126,338.925225
5127,338.949856
5128,338.974759
5129,338.999968
5130,339.025526
5131,339.051479
5132,339.077882
5133,339.104798
5134,339.132302
5135,339.160478
5136,339.189424
5137,339.219255
5138,339.250106
5139,339.282134
5140,339.315526
5141,339.350500
5142,339.387315
5143,339.426282
5144,339.467763
5145,339.512194
5146,339.560085
5147,339.612038
5148,339.668742
5149,339.730951
5150,339.799361
5151,339.874149
5152,339.953249
5153,340.025764
5154,340.090630
5155,340.148393
5156,340.199807
5157,340.245556
5158,340.286199
5159,340.322157
5160,340.353709
5161,340.380975
5162,340.403903
5163,340.422234
5164,340.435461
5165,340.442789
5166,340.443145
5167,340.435443
5168,340.420016
5169,340.406264
5170,340.395217
5171,340.386004
5172,340.377509
5173,340.368758
5174,340.358978
5175,340.347562
5176,340.334037
5177,340.318019
5178,340.299194
5179,340.277300
5180,340.252119
5181,340.223482
5182,340.191282
5183,340.155487
5184,338.783090
5185,338.806614
5186,338.830313
5187,338.854197
5188,338.878275
5189,338.902560
5190,338.927070
5191,338.951827
5192,338.976856
5193,339.002191
5194,339.027868
5195,339.053929
5196,339.080426
5197,339.107415
5198,339.134961
5199,339.163141
5200,339.192042
5201,339.221766
5202,339.252430
5203,339.284172
5204,339.317150
5205,339.351550
5206,339.387588
5207,339.425515
5208,339.465620
5209,339.508235
5210,339.553728
5211,339.602499
5212,339.654947
5213,339.711391
5214,339.771893
5215,339.835855
5216,339.901248
5217,339.963907
5218,340.022199
5219,340.075784
5220,340.124841
5221,340.169720
5222,340.210806
5223,340.248457
5224,340.282970
5225,340.314564
5226,340.343354
5227,340.369332
5228,340.392327
5229,340.411983
5230,340.427779
5231,340.439242
5232,340.446645
5233,340.452314
5234,340.456844
5235,340.459946
5236,340.461111
5237,340.459855
5238,340.455783
5239,340.448575
5240,340.437967
5241,340.423727
5242,340.405638
5243,340.383494
5244,340.357095
5245,340.326260
5246,340.290850
5247,340.250801
5248,338.784277
5249,338.807875
5250,338.831656
5251,338.855630
5252,338.879804
5253,338.904192
5254,338.928808
5255,338.953674
5256,338.978811
5257,339.004251
5258,339.030025
5259,339.056172
5260,339.082738
5261,339.109773
5262,339.137337
5263,339.165495
5264,339.194325
5265,339.223915
5266,339.254368
5267,339.285799
5268,339.318345
5269,339.352157
5270,339.387413
5271,339.424310
5272,339.463071
5273,339.503936
5274,339.547158
5275,339.592981
5276,339.641598
5277,339.693079
5278,339.747234
5279,339.803399
5280,339.860214
5281,339.915748
5282,339.968815
5283,340.018929
5284,340.066037
5285,340.110316
5286,340.152054
5287,340.191590
5288,340.229277
5289,340.265458
5290,340.300454
5291,340.334537
5292,340.367899
5293,340.400584
5294,340.432405
5295,340.462817
5296,340.490867
5297,340.515442
5298,340.535871
5299,340.551816
5300,340.563129
5301,340.569754
5302,340.571673
5303,340.568868
5304,340.561299
5305,340.548890
5306,340.531527
5307,340.509048
5308,340.481255
5309,340.447924
5310,340.408835
5311,340.363830
5312,338.785408
5313,338.809075
5314,338.832932
5315,338.856986
5316,338.881248
5317,338.905726
5318,338.930435
5319,338.955394
5320,338.980623
5321,339.006149
5322,339.032002
5323,339.058215
5324,339.084830
5325,339.111891
5326,339.139450
5327,339.167565
5328,339.196304
5329,339.225743
5330,339.255969
5331,339.287080
5332,339.319188
5333,339.352419
5334,339.386912
5335,339.422822
5336,339.460313
5337,339.499557
5338,339.540716
5339,339.583929
5340,339.629269
5341,339.676693
5342,339.725958
5343,339.776535
5344,339.827570
5345,339.878043
5346,339.927198
5347,339.974650
5348,340.020315
5349,340.064320
5350,340.106936
5351,340.148533
5352,340.189550
5353,340.230493
5354,340.271920
5355,340.314433
5356,340.358649
5357,340.405112
5358,340.454065
5359,340.504932
5360,340.555287
5361,340.599977
5362,340.637118
5363,340.666446
5364,340.688266
5365,340.703011
5366,340.711079
5367,340.712775
5368,340.708296
5369,340.697730
5370,340.681058
5371,340.658158
5372,340.628808
5373,340.592701
5374,340.549465
5375,340.498730
5376,338.786476
5377,338.810207
5378,338.834133
5379,338.858261
5380,338.882599
5381,338.907157
5382,338.931947
5383,338.956986
5384,338.982292
5385,339.007889
5386,339.033804
5387,339.060067
5388,339.086714
5389,339.113784
5390,339.141322
5391,339.169379
5392,339.198014
5393,339.227291
5394,339.257283
5395,339.288073
5396,339.319752
5397,339.352422
5398,339.386192
5399,339.421180
5400,339.457507
5401,339.495290
5402,339.534635
5403,339.575612
5404,339.618237
5405,339.662430
5406,339.707980
5407,339.754513
5408,339.801506
5409,339.848386
5410,339.894709
5411,339.940238
5412,339.984950
5413,340.029001
5414,340.072698
5415,340.116481
5416,340.160911
5417,340.206676
5418,340.254605
5419,340.305683
5420,340.361057
5421,340.421995
5422,340.489670
5423,340.564403
5424,340.643091
5425,340.710859
5426,340.765942
5427,340.809133
5428,340.841640
5429,340.864566
5430,340.878794
5431,340.884980
5432,340.883570
5433,340.874815
5434,340.858788
5435,340.835394
5436,340.804372
5437,340.765290
5438,340.717538
5439,340.660338
5440,338.787476
5441,338.811266
5442,338.835255
5443,338.859449
5444,338.883855
5445,338.908483
5446,338.933343
5447,338.958450
5448,338.983821
5449,339.009476
5450,339.035439
5451,339.061738
5452,339.088403
5453,339.115468
5454,339.142973
5455,339.170962
5456,339.199484
5457,339.228594
5458,339.258353
5459,339.288830
5460,339.320098
5461,339.352239
5462,339.385339
5463,339.419485
5464,339.454767
5465,339.491267
5466,339.529050
5467,339.568153
5468,339.608569
5469,339.650223
5470,339.692960
5471,339.736537
5472,339.780645
5473,339.824973
5474,339.869290
5475,339.913503
5476,339.957678
5477,340.002040
5478,340.046967
5479,340.092992
5480,340.140815
5481,340.191320
5482,340.245621
5483,340.305111
5484,340.371537
5485,340.447103
5486,340.534579
5487,340.637404
5488,340.759562
5489,340.853996
5490,340.927745
5491,340.984787
5492,341.027795
5493,341.058699
5494,341.078915
5495,341.089457
5496,341.091013
5497,341.083993
5498,341.068557
5499,341.044632
5500,341.011906
5501,340.969814
5502,340.917470
5503,340.853468
5504,338.788403
5505,338.812248
5506,338.836293
5507,338.860546
5508,338.885013
5509,338.909702
5510,338.934622
5511,338.959787
5512,338.985212
5513,339.010914
5514,339.036915
5515,339.063238
5516,339.089909
5517,339.116960
5518,339.144424
5519,339.172338
5520,339.200743
5521,339.229687
5522,339.259220
5523,339.289398
5524,339.320280
5525,339.351932
5526,339.384420
5527,339.417811
5528,339.452172
5529,339.487561
5530,339.524021
5531,339.561574
5532,339.600212
5533,339.639881
5534,339.680483
5535,339.721879
5536,339.763904
5537,339.806416
5538,339.849337
5539,339.892696
5540,339.936653
5541,339.981515
5542,340.027746
5543,340.075984
5544,340.127067
5545,340.182075
5546,340.242387
5547,340.309771
5548,340.386519
5549,340.475639
5550,340.581161
5551,340.708596
5552,340.865555
5553,340.983390
5554,341.074006
5555,341.143674
5556,341.196288
5557,341.234508
5558,341.260222
5559,341.274767
5560,341.279050
5561,341.273618
5562,341.258708
5563,341.234258
5564,341.199906
5565,341.154954
5566,341.098248
5567,341.027842
5568,338.789255
5569,338.813149
5570,338.837245
5571,338.861551
5572,338.886071
5573,338.910813
5574,338.935786
5575,338.961000
5576,338.986469
5577,339.012209
5578,339.038238
5579,339.064576
5580,339.091248
5581,339.118277
5582,339.145694
5583,339.173530
5584,339.201820
5585,339.230603
5586,339.259920
5587,339.289817
5588,339.320343
5589,339.351549
5590,339.383487
5591,339.416210
5592,339.449768
5593,339.484205
5594,339.519555
5595,339.555837
5596,339.593048
5597,339.631163
5598,339.670137
5599,339.709906
5600,339.750413
5601,339.791629
5602,339.833591
5603,339.876425
5604,339.920382
5605,339.965849
5606,340.013378
5607,340.063710
5608,340.117814
5609,340.176939
5610,340.242691
5611,340.317139
5612,340.402968
5613,340.503691
5614,340.623911
5615,340.769534
5616,340.947308
5617,341.082554
5618,341.186948
5619,341.267388
5620,341.328380
5621,341.373062
5622,341.403672
5623,341.421800
5624,341.428531
5625,341.424528
5626,341.410086
5627,341.385152
5628,341.349317
5629,341.301770
5630,341.241155
5631,341.165199
5632,338.790029
5633,338.813967
5634,338.838110
5635,338.862462
5636,338.887029
5637,338.911817
5638,338.936835
5639,338.962090
5640,338.987597
5641,339.013367
5642,339.039418
5643,339.065765
5644,339.092431
5645,339.119435
5646,339.146803
5647,339.174562
5648,339.202740
5649,339.231369
5650,339.260485
5651,339.290123
5652,339.320323
5653,339.351127
5654,339.382577
5655,339.414714
5656,339.447578
5657,339.481206
5658,339.515629
5659,339.550867
5660,339.586931
5661,339.623825
5662,339.661543
5663,339.700086
5664,339.739469
5665,339.779751
5666,339.821051
5667,339.863579
5668,339.907659
5669,339.953757
5670,340.002502
5671,340.054729
5672,340.111518
5673,340.174260
5674,340.244734
5675,340.325221
5676,340.418655
5677,340.528796
5678,340.660413
5679,340.819250
5680,341.011101
5681,341.159046
5682,341.274180
5683,341.363396
5684,341.431413
5685,341.481615
5686,341.516460
5687,341.537715
5688,341.546597
5689,341.543857
5690,341.529837
5691,341.504489
5692,341.467373
5693,341.417594
5694,341.353671
5695,341.273157
5696,338.790724
5697,338.814702
5698,338.838885
5699,338.863278
5700,338.887887
5701,338.912715
5702,338.937771
5703,338.963063
5704,338.988601
5705,339.014396
5706,339.040463
5707,339.066816
5708,339.093472
5709,339.120450
5710,339.147769
5711,339.175454
5712,339.203526
5713,339.232013
5714,339.260943
5715,339.290346
5716,339.320253
5717,339.350699
5718,339.381717
5719,339.413343
5720,339.445610
5721,339.478552
5722,339.512198
5723,339.546577
5724,339.581714
5725,339.617635
5726,339.654372
5727,339.691970
5728,339.730503
5729,339.770092
5730,339.810923
5731,339.853268
5732,339.897517
5733,339.944198
5734,339.994011
5735,340.047866
5736,340.106937
5737,340.172717
5738,340.247112
5739,340.332541
5740,340.432071
5741,340.549564
5742,340.689776
5743,340.858205
5744,341.060021
5745,341.217210
5746,341.340483
5747,341.436589
5748,341.510268
5749,341.565007
5750,341.603384
5751,341.627279
5752,341.637994
5753,341.636345
5754,341.622707
5755,341.597040
5756,341.558879
5757,341.507282
5758,341.440695
5759,341.356580
5760,338.791339
5761,338.815352
5762,338.839571
5763,338.864000
5764,338.888645
5765,338.913509
5766,338.938599
5767,338.963921
5768,338.989486
5769,339.015302
5770,339.041382
5771,339.067738
5772,339.094384
5773,339.121336
5774,339.148611
5775,339.176226
5776,339.204202
5777,339.232560
5778,339.261322
5779,339.290513
5780,339.320160
5781,339.350289
5782,339.380929
5783,339.412111
5784,339.443865
5785,339.476222
5786,339.509217
5787,339.542883
5788,339.577259
5789,339.612392
5790,339.648342
5791,339.685191
5792,339.723057
5793,339.762107
5794,339.802575
5795,339.844788
5796,339.889183
5797,339.936342
5798,339.987019
5799,340.042187
5800,340.103084
5801,340.171282
5802,340.248768
5803,340.338042
5804,340.442238
5805,340.565242
5806,340.711747
5807,340.887047
5808,341.095930
5809,341.259757
5810,341.389022
5811,341.490329
5812,341.568381
5813,341.626688
5814,341.667887
5815,341.693917
5816,341.706138
5817,341.705403
5818,341.692114
5819,341.666233
5820,341.627284
5821,341.574298
5822,341.505681
5823,341.418850
5824,338.791874
5825,338.815917
5826,338.840167
5827,338.864628
5828,338.889305
5829,338.914200
5830,338.939319
5831,338.964669
5832,338.990258
5833,339.016093
5834,339.042184
5835,339.068543
5836,339.095181
5837,339.122110
5838,339.149345
5839,339.176900
5840,339.204790
5841,339.233033
5842,339.261648
5843,339.290653
5844,339.320069
5845,339.349921
5846,339.380232
5847,339.411028
5848,339.442340
5849,339.474198
5850,339.506639
5851,339.539705
5852,339.573445
5853,339.607924
5854,339.643223
5855,339.679454
5856,339.716765
5857,339.755360
5858,339.795511
5859,339.837581
5860,339.882048
5861,339.929532
5862,339.980830
5863,340.036956
5864,340.099197
5865,340.169173
5866,340.248920
5867,340.340983
5868,340.448524
5869,340.575421
5870,340.726303
5871,340.906321
5872,341.120038
5873,341.288441
5874,341.421903
5875,341.526926
5876,341.608161
5877,341.669114
5878,341.712438
5879,341.740105
5880,341.753502
5881,341.753507
5882,341.740535
5883,341.714553
5884,341.675078
5885,341.621127
5886,341.551087
5887,341.462353
5888,338.792328
5889,338.816398
5890,338.840674
5891,338.865163
5892,338.889868
5893,338.914791
5894,338.939937
5895,338.965312
5896,338.990922
5897,339.016775
5898,339.042879
5899,339.069243
5900,339.095875
5901,339.122788
5902,339.149990
5903,339.177494
5904,339.205313
5905,339.233458
5906,339.261945
5907,339.290789
5908,339.320008
5909,339.349619
5910,339.379644
5911,339.410107
5912,339.441036
5913,339.472464
5914,339.504429
5915,339.536980
5916,339.570176
5917,339.604093
5918,339.638832
5919,339.674524
5920,339.711342
5921,339.749515
5922,339.789343
5923,339.831216
5924,339.875640
5925,339.923262
5926,339.974906
5927,340.031613
5928,340.094698
5929,340.165808
5930,340.247004
5931,340.340850
5932,340.450513
5933,340.579857
5934,340.733465
5935,340.916401
5936,341.133107
5937,341.304362
5938,341.440476
5939,341.547889
5940,341.631214
5941,341.693938
5942,341.738719
5943,341.767535
5944,341.781787
5945,341.782362
5946,341.769680
5947,341.743712
5948,341.703971
5949,341.649470
5950,341.578587
5951,341.488708
5952,338.792702
5953,338.816794
5954,338.841093
5955,338.865606
5956,338.890335
5957,338.915283
5958,338.940455
5959,338.965853
5960,338.991486
5961,339.017358
5962,339.043476
5963,339.069848
5964,339.096482
5965,339.123384
5966,339.150565
5967,339.178031
5968,339.205793
5969,339.233860
5970,339.262242
5971,339.290952
5972,339.320002
5973,339.349408
5974,339.379187
5975,339.409363
5976,339.439961
5977,339.471014
5978,339.502564
5979,339.534663
5980,339.567379
5981,339.600797
5982,339.635031
5983,339.670226
5984,339.706573
5985,339.744319
5986,339.783781
5987,339.825369
5988,339.869605
5989,339.917151
5990,339.968845
5991,340.025742
5992,340.089165
5993,340.160770
5994,340.242621
5995,340.337283
5996,340.447919
5997,340.578377
5998,340.733218
5999,340.917472
6000,341.135534
6001,341.308104
6002,341.445476
6003,341.554062
6004,341.638453
6005,341.702122
6006,341.747717
6007,341.777213
6008,341.792007
6009,341.792988
6010,341.780574
6011,341.754736
6012,341.714988
6013,341.660342
6014,341.589176
6015,341.498876
6016,338.792996
6017,338.817105
6018,338.841425
6019,338.865959
6020,338.890710
6021,338.915681
6022,338.940876
6023,338.966299
6024,338.991954
6025,339.017847
6026,339.043984
6027,339.070371
6028,339.097013
6029,339.123917
6030,339.151088
6031,339.178532
6032,339.206256
6033,339.234265
6034,339.262567
6035,339.291170
6036,339.320084
6037,339.349319
6038,339.378891
6039,339.408820
6040,339.439131
6041,339.469856
6042,339.501038
6043,339.532732
6044,339.565011
6045,339.597968
6046,339.631725
6047,339.666436
6048,339.702305
6049,339.739589
6050,339.778616
6051,339.819806
6052,339.863687
6053,339.910928
6054,339.962366
6055,340.019055
6056,340.082309
6057,340.153776
6058,340.235503
6059,340.330041
6060,340.440535
6061,340.570826
6062,340.725472
6063,340.909517
6064,341.127382
6065,341.299808
6066,341.437107
6067,341.545699
6068,341.630172
6069,341.693988
6070,341.739779
6071,341.769501
6072,341.784538
6073,341.785769
6074,341.773606
6075,341.748017
6076,341.708520
6077,341.654130
6078,341.583233
6079,341.493219
6080,338.793210
6081,338.817334
6082,338.841669
6083,338.866221
6084,338.890992
6085,338.915986
6086,338.941204
6087,338.966652
6088,338.992333
6089,339.018252
6090,339.044413
6091,339.070823
6092,339.097484
6093,339.124401
6094,339.151579
6095,339.179020
6096,339.206727
6097,339.234704
6098,339.262954
6099,339.291481
6100,339.320290
6101,339.349391
6102,339.378793
6103,339.408514
6104,339.438576
6105,339.469011
6106,339.499862
6107,339.531186
6108,339.563056
6109,339.595572
6110,339.628859
6111,339.663080
6112,339.698441
6113,339.735207
6114,339.773711
6115,339.814373
6116,339.857722
6117,339.904418
6118,339.955290
6119,340.011372
6120,340.073958
6121,340.144661
6122,340.225496
6123,340.318976
6124,340.428217
6125,340.557047
6126,340.710046
6127,340.892320
6128,341.108393
6129,341.279180
6130,341.415055
6131,341.522484
6132,341.606065
6133,341.669245
6134,341.714628
6135,341.744139
6136,341.759133
6137,341.760468
6138,341.748544
6139,341.723328
6140,341.684340
6141,341.630607
6142,341.560532
6143,341.471522
6144,338.793345
6145,338.817479
6146,338.841827
6147,338.866395
6148,338.891185
6149,338.916200
6150,338.941442
6151,338.966917
6152,338.992627
6153,339.018578
6154,339.044772
6155,339.071215
6156,339.097909
6157,339.124856
6158,339.152060
6159,339.179519
6160,339.207236
6161,339.235210
6162,339.263439
6163,339.291924
6164,339.320667
6165,339.349670
6166,339.378940
6167,339.408491
6168,339.438342
6169,339.468523
6170,339.499073
6171,339.530050
6172,339.561530
6173,339.593611
6174,339.626422
6175,339.660128
6176,339.694938
6177,339.731117
6178,339.768995
6179,339.808990
6180,339.851620
6181,339.897532
6182,339.947530
6183,340.002617
6184,340.064044
6185,340.133372
6186,340.212555
6187,340.304040
6188,340.410887
6189,340.536897
6190,340.686678
6191,340.865455
6192,341.077965
6193,341.245467
6194,341.378465
6195,341.483505
6196,341.565201
6197,341.626966
6198,341.671353
6199,341.700233
6200,341.714913
6201,341.716218
6202,341.704529
6203,341.679810
6204,341.641591
6205,341.588923
6206,341.520236
6207,341.432971
6208,338.793401
6209,338.817541
6210,338.841899
6211,338.866480
6212,338.891288
6213,338.916325
6214,338.941594
6215,338.967099
6216,338.992844
6217,339.018833
6218,339.045071
6219,339.071560
6220,339.098302
6221,339.125300
6222,339.152552
6223,339.180059
6224,339.207816
6225,339.235820
6226,339.264066
6227,339.292550
6228,339.321267
6229,339.350215
6230,339.379396
6231,339.408818
6232,339.438495
6233,339.468453
6234,339.498730
6235,339.529380
6236,339.560478
6237,339.592123
6238,339.624441
6239,339.657598
6240,339.691802
6241,339.727312
6242,339.764457
6243,339.803641
6244,339.845366
6245,339.890257
6246,339.939084
6247,339.992804
6248,340.052605
6249,340.119969
6250,340.196756
6251,340.285304
6252,340.388569
6253,340.510280
6254,340.655056
6255,340.828291
6256,341.035104
6257,341.197375
6258,341.325848
6259,341.427178
6260,341.505962
6261,341.565539
6262,341.608363
6263,341.636214
6264,341.650331
6265,341.651485
6266,341.640033
6267,341.615936
6268,341.578745
6269,341.527549
6270,341.460833
6271,341.376100
6272,338.793376
6273,338.817519
6274,338.841885
6275,338.866478
6276,338.891303
6277,338.916362
6278,338.941660
6279,338.967200
6280,338.992986
6281,339.019024
6282,339.045317
6283,339.071869
6284,339.098680
6285,339.125751
6286,339.153081
6287,339.180667
6288,339.208502
6289,339.236578
6290,339.264886
6291,339.293416
6292,339.322157
6293,339.351100
6294,339.380240
6295,339.409578
6296,339.439122
6297,339.468893
6298,339.498923
6299,339.529263
6300,339.559985
6301,339.591184
6302,339.622986
6303,339.655552
6304,339.689086
6305,339.723843
6306,339.760140
6307,339.798368
6308,339.839008
6309,339.882653
6310,339.930031
6311,339.982037
6312,340.039779
6313,340.104631
6314,340.178315
6315,340.263002
6316,340.361462
6317,340.477249
6318,340.614906
6319,340.780005
6320,340.978314
6321,341.132894
6322,341.254911
6323,341.351092
6324,341.425920
6325,341.482558
6326,341.523289
6327,341.549754
6328,341.563084
6329,341.563985
6330,341.552778
6331,341.529424
6332,341.493507
6333,341.444182
6334,341.380029
6335,341.298669
6336,338.793272
6337,338.817414
6338,338.841784
6339,338.866388
6340,338.891230
6341,338.916313
6342,338.941642
6343,338.967223
6344,338.993059
6345,339.019157
6346,339.045520
6347,339.072153
6348,339.099056
6349,339.126230
6350,339.153672
6351,339.181376
6352,339.209334
6353,339.237533
6354,339.265958
6355,339.294592
6356,339.323417
6357,339.352415
6358,339.381572
6359,339.410880
6360,339.440339
6361,339.469961
6362,339.499774
6363,339.529822
6364,339.560171
6365,339.590913
6366,339.622171
6367,339.654099
6368,339.686896
6369,339.720809
6370,339.756143
6371,339.793272
6372,339.832653
6373,339.874843
6374,339.920518
6375,339.970503
6376,340.025806
6377,340.087665
6378,340.157617
6379,340.237592
6380,340.330048
6381,340.438180
6382,340.566206
6383,340.719676
6384,340.905319
6385,341.048917
6386,341.162209
6387,341.251732
6388,341.321598
6389,341.374618
6390,341.412800
6391,341.437576
6392,341.449938
6393,341.450502
6394,341.439551
6395,341.417046
6396,341.382622
6397,341.335531
6398,341.274513
6399,341.197411
6400,338.793086
6401,338.817223
6402,338.841596
6403,338.866209
6404,338.891068
6405,338.916177
6406,338.941542
6407,338.967169
6408,338.993065
6409,339.019236
6410,339.045687
6411,339.072422
6412,339.099445
6413,339.126756
6414,339.154350
6415,339.182221
6416,339.210357
6417,339.238740
6418,339.267350
6419,339.296161
6420,339.325144
6421,339.354271
6422,339.383517
6423,339.412861
6424,339.442293
6425,339.471815
6426,339.501445
6427,339.531221
6428,339.561203
6429,339.591476
6430,339.622158
6431,339.653397
6432,339.685386
6433,339.718362
6434,339.752616
6435,339.788507
6436,339.826463
6437,339.867005
6438,339.910756
6439,339.958460
6440,340.011016
6441,340.069503
6442,340.135232
6443,340.209812
6444,340.295245
6445,340.394082
6446,340.509679
6447,340.646692
6448,340.812241
6449,340.940364
6450,341.042457
6451,341.123919
6452,341.187979
6453,341.236849
6454,341.272133
6455,341.294997
6456,341.306259
6457,341.306429
6458,341.295745
6459,341.274172
6460,341.241406
6461,341.196832
6462,341.139426
6463,341.067442
6464,338.792817
6465,338.816947
6466,338.841319
6467,338.865940
6468,338.890816
6469,338.915953
6470,338.941359
6471,338.967040
6472,338.993006
6473,339.019264
6474,339.045822
6475,339.072686
6476,339.099862
6477,339.127349
6478,339.155144
6479,339.183239
6480,339.211620
6481,339.240264
6482,339.269142
6483,339.298219
6484,339.327455
6485,339.356805
6486,339.386231
6487,339.415695
6488,339.445173
6489,339.474654
6490,339.504146
6491,339.533677
6492,339.563299
6493,339.593092
6494,339.623165
6495,339.653662
6496,339.684767
6497,339.716707
6498,339.749764
6499,339.784276
6500,339.820650
6501,339.859370
6502,339.901006
6503,339.946226
6504,339.995814
6505,340.050682
6506,340.111897
6507,340.180698
6508,340.258522
6509,340.347002
6510,340.447893
6511,340.562659
6512,340.690613
6513,340.798081
6514,340.887023
6515,340.959494
6516,341.017223
6517,341.061613
6518,341.093783
6519,341.114596
6520,341.124675
6521,341.124419
6522,341.114013
6523,341.093429
6524,341.062425
6525,341.020525
6526,340.966982
6527,340.900669
6528,338.792464
6529,338.816582
6530,338.840951
6531,338.865579
6532,338.890473
6533,338.915640
6534,338.941091
6535,338.966834
6536,338.992881
6537,339.019242
6538,339.045930
6539,339.072952
6540,339.100316
6541,339.128026
6542,339.156079
6543,339.184468
6544,339.213174
6545,339.242173
6546,339.271424
6547,339.300882
6548,339.330490
6549,339.360185
6550,339.389906
6551,339.419597
6552,339.449215
6553,339.478732
6554,339.508143
6555,339.537464
6556,339.566740
6557,339.596042
6558,339.625473
6559,339.655171
6560,339.685310
6561,339.716112
6562,339.747846
6563,339.780837
6564,339.815473
6565,339.852207
6566,339.891566
6567,339.934150
6568,339.980638
6569,340.031790
6570,340.088440
6571,340.151479
6572,340.221804
6573,340.300186
6574,340.386948
6575,340.481157
6576,340.578568
6577,340.666930
6578,340.743170
6579,340.806837
6580,340.858328
6581,340.898285
6582,340.927364
6583,340.946134
6584,340.955035
6585,340.954360
6586,340.944244
6587,340.924666
6588,340.895446
6589,340.856247
6590,340.806592
6591,340.745905
6592,338.792024
6593,338.816127
6594,338.840490
6595,338.865123
6596,338.890034
6597,338.915234
6598,338.940734
6599,338.966547
6600,338.992688
6601,339.019170
6602,339.046011
6603,339.073223
6604,339.100817
6605,339.128803
6606,339.157181
6607,339.185944
6608,339.215076
6609,339.244543
6610,339.274300
6611,339.304284
6612,339.334417
6613,339.364612
6614,339.394780
6615,339.424838
6616,339.454716
6617,339.484368
6618,339.513770
6619,339.542930
6620,339.571879
6621,339.600684
6622,339.629438
6623,339.658274
6624,339.687360
6625,339.716909
6626,339.747184
6627,339.778500
6628,339.811233
6629,339.845820
6630,339.882755
6631,339.922589
6632,339.965921
6633,340.013390
6634,340.065647
6635,340.123317
6636,340.186909
6637,340.256643
6638,340.332114
6639,340.411705
6640,340.491755
6641,340.566377
6642,340.632419
6643,340.688595
6644,340.734597
6645,340.770570
6646,340.796831
6647,340.813725
6648,340.821545
6649,340.820497
6650,340.810676
6651,340.792067
6652,340.764540
6653,340.727872
6654,340.681780
6655,340.626003
6656,338.791495
6657,338.815578
6658,338.839932
6659,338.864568
6660,338.889497
6661,338.914731
6662,338.940285
6663,338.966175
6664,338.992421
6665,339.019043
6666,339.046062
6667,339.073497
6668,339.101369
6669,339.129690
6670,339.158469
6671,339.187703
6672,339.217377
6673,339.247456
6674,339.277884
6675,339.308579
6676,339.339437
6677,339.370337
6678,339.401149
6679,339.431754
6680,339.462049
6681,339.491962
6682,339.521451
6683,339.550509
6684,339.579161
6685,339.607464
6686,339.635506
6687,339.663412
6688,339.691345
6689,339.719512
6690,339.748171
6691,339.777635
6692,339.808280
6693,339.840538
6694,339.874895
6695,339.911879
6696,339.952043
6697,339.995947
6698,340.044131
6699,340.097063
6700,340.155055
6701,340.218104
6702,340.285619
6703,340.356014
6704,340.426273
6705,340.492165
6706,340.551017
6707,340.601497
6708,340.643098
6709,340.675757
6710,340.699620
6711,340.714896
6712,340.721786
6713,340.720434
6714,340.710909
6715,340.693197
6716,340.667200
6717,340.632756
6718,340.589676
6719,340.537814
6720,338.790873
6721,338.814932
6722,338.839273
6723,338.863910
6724,338.888855
6725,338.914124
6726,338.939735
6727,338.965710
6728,338.992074
6729,339.018852
6730,339.046075
6731,339.073770
6732,339.101966
6733,339.130688
6734,339.159955
6735,339.189771
6736,339.220129
6737,339.250992
6738,339.282297
6739,339.313942
6740,339.345787
6741,339.377661
6742,339.409380
6743,339.440769
6744,339.471684
6745,339.502019
6746,339.531714
6747,339.560749
6748,339.589141
6749,339.616941
6750,339.644233
6751,339.671134
6752,339.697800
6753,339.724433
6754,339.751290
6755,339.778687
6756,339.807013
6757,339.836717
6758,339.868306
6759,339.902319
6760,339.939300
6761,339.979782
6762,340.024259
6763,340.073153
6764,340.126747
6765,340.185082
6766,340.247755
6767,340.313570
6768,340.379869
6769,340.441347
6770,340.495857
6771,340.542463
6772,340.580829
6773,340.610925
6774,340.632870
6775,340.646832
6776,340.652969
6777,340.651397
6778,340.642168
6779,340.625266
6780,340.600605
6781,340.568039
6782,340.527382
6783,340.478447
6784,338.790155
6785,338.814185
6786,338.838509
6787,338.863143
6788,338.888103
6789,338.913406
6790,338.939077
6791,338.965142
6792,338.991633
6793,339.018585
6794,339.046035
6795,339.074026
6796,339.102598
6797,339.131791
6798,339.161638
6799,339.192163
6800,339.223367
6801,339.255225
6802,339.287667
6803,339.320568
6804,339.353745
6805,339.386955
6806,339.419930
6807,339.452417
6808,339.484212
6809,339.515173
6810,339.545221
6811,339.574328
6812,339.602508
6813,339.629809
6814,339.656309
6815,339.682119
6816,339.707387
6817,339.732307
6818,339.757133
6819,339.782192
6820,339.807897
6821,339.834745
6822,339.863301
6823,339.894155
6824,339.927889
6825,339.965050
6826,340.006144
6827,340.051618
6828,340.101853
6829,340.157120
6830,340.217511
6831,340.282769
6832,340.351663
6833,340.412443
6834,340.464961
6835,340.509249
6836,340.545424
6837,340.573659
6838,340.594157
6839,340.607110
6840,340.612679
6841,340.610974
6842,340.602043
6843,340.585865
6844,340.562354
6845,340.531352
6846,340.492626
6847,340.445823
6848,338.789338
6849,338.813333
6850,338.837636
6851,338.862263
6852,338.887233
6853,338.912569
6854,338.938300
6855,338.964458
6856,338.991084
6857,339.018222
6858,339.045923
6859,339.074243
6860,339.103240
6861,339.132974
6862,339.163501
6863,339.194870
6864,339.227108
6865,339.260208
6866,339.294107
6867,339.328663
6868,339.363633
6869,339.398673
6870,339.433379
6871,339.467378
6872,339.500386
6873,339.532225
6874,339.562804
6875,339.592096
6876,339.620119
6877,339.646926
6878,339.672591
6879,339.697216
6880,339.720935
6881,339.743928
6882,339.766441
6883,339.788809
6884,339.811485
6885,339.835049
6886,339.860179
6887,339.887577
6888,339.917905
6889,339.951757
6890,339.989675
6891,340.032173
6892,340.079768
6893,340.133019
6894,340.192602
6895,340.259458
6896,340.335176
6897,340.397359
6898,340.449337
6899,340.492390
6900,340.527177
6901,340.554135
6902,340.573597
6903,340.585819
6904,340.590992
6905,340.589236
6906,340.580601
6907,340.565066
6908,340.542531
6909,340.512817
6910,340.475622
6911,340.430390
6912,338.788418
6913,338.812373
6914,338.836648
6915,338.861263
6916,338.886238
6917,338.911603
6918,338.937390
6919,338.963642
6920,338.990406
6921,339.017741
6922,339.045710
6923,339.074387
6924,339.103854
6925,339.134195
6926,339.165501
6927,339.197857
6928,339.231330
6929,339.265955
6930,339.301700
6931,339.338421
6932,339.375813
6933,339.413375
6934,339.450468
6935,339.486526
6936,339.521167
6937,339.554184
6938,339.585496
6939,339.615098
6940,339.643028
6941,339.669348
6942,339.694132
6943,339.717470
6944,339.739474
6945,339.760294
6946,339.780149
6947,339.799370
6948,339.818455
6949,339.838109
6950,339.859225
6951,339.882707
6952,339.909340
6953,339.939774
6954,339.974586
6955,340.014340
6956,340.059663
6957,340.111319
6958,340.170315
6959,340.238014
6960,340.316113
6961,340.379265
6962,340.431137
6963,340.473520
6964,340.507428
6965,340.533519
6966,340.552254
6967,340.563964
6968,340.568879
6969,340.567140
6970,340.558802
6971,340.543839
6972,340.522135
6973,340.493470
6974,340.457468
6975,340.413420
6976,338.787392
6977,338.811301
6978,338.835541
6979,338.860136
6980,338.885110
6981,338.910496
6982,338.936335
6983,338.962675
6984,338.989578
6985,339.017112
6986,339.045360
6987,339.074415
6988,339.104386
6989,339.135392
6990,339.167564
6991,339.201040
6992,339.235952
6993,339.272409
6994,339.310451
6995,339.349983
6996,339.390660
6997,339.431751
6998,339.472163
6999,339.511001
7000,339.547782
7001,339.582316
7002,339.614579
7003,339.644620
7004,339.672518
7005,339.698357
7006,339.722216
7007,339.744165
7008,339.764280
7009,339.782657
7010,339.799453
7011,339.814949
7012,339.829660
7013,339.844469
7014,339.860681
7015,339.879567
7016,339.902068
7017,339.928863
7018,339.960513
7019,339.997585
7020,340.040750
7021,340.090867
7022,340.149073
7023,340.216806
7024,340.295553
7025,340.359007
7026,340.410717
7027,340.452617
7028,340.485900
7029,340.511366
7030,340.529575
7031,340.540925
7032,340.545685
7033,340.544018
7034,340.535985
7035,340.521556
7036,340.500597
7037,340.472853
7038,340.437889
7039,340.394914
7040,338.786258
7041,338.810113
7042,338.834312
7043,338.858877
7044,338.883840
7045,338.909238
7046,338.935118
7047,338.961539
7048,338.988572
7049,339.016302
7050,339.044829
7051,339.074271
7052,339.104766
7053,339.136475
7054,339.169580
7055,339.204287
7056,339.240818
7057,339.279399
7058,339.320217
7059,339.363334
7060,339.408481
7061,339.454664
7062,339.499757
7063,339.542295
7064,339.581786
7065,339.618181
7066,339.651597
7067,339.682191
7068,339.710110
7069,339.735475
7070,339.758368
7071,339.778836
7072,339.796902
7073,339.812572
7074,339.825879
7075,339.836958
7076,339.846221
7077,339.854718
7078,339.864661
7079,339.878007
7080,339.895812
7081,339.918669
7082,339.947026
7083,339.981375
7084,340.022357
7085,340.070840
7086,340.127976
7087,340.195166
7088,340.273725
7089,340.336980
7090,340.388345
7091,340.429770
7092,340.462524
7093,340.487487
7094,340.505289
7095,340.516377
7096,340.521054
7097,340.519499
7098,340.511785
7099,340.497875
7100,340.477621
7101,340.450741
7102,340.416762
7103,340.374850
7104,338.785015
7105,338.808809
7106,338.832956
7107,338.857481
7108,338.882421
7109,338.907816
7110,338.933724
7111,338.960211
7112,338.987360
7113,339.015273
7114,339.044068
7115,339.073891
7116,339.104912
7117,339.137336
7118,339.171405
7119,339.207405
7120,339.245673
7121,339.286595
7122,339.330600
7123,339.378095
7124,339.429248
7125,339.483178
7126,339.535026
7127,339.582324
7128,339.625050
7129,339.663578
7130,339.698293
7131,339.729517
7132,339.757491
7133,339.782381
7134,339.804279
7135,339.823203
7136,339.839102
7137,339.851860
7138,339.861307
7139,339.867263
7140,339.869695
7141,339.869367
7142,339.870907
7143,339.877545
7144,339.890076
7145,339.908717
7146,339.933648
7147,339.965200
7148,340.003921
7149,340.050632
7150,340.106445
7151,340.172698
7152,340.250590
7153,340.313290
7154,340.364114
7155,340.404994
7156,340.437225
7157,340.461730
7158,340.479182
7159,340.490063
7160,340.494700
7161,340.493290
7162,340.485909
7163,340.472520
7164,340.452963
7165,340.426939
7166,340.393949
7167,340.353136
7168,338.783664
7169,338.807388
7170,338.831472
7171,338.855945
7172,338.880846
7173,338.906222
7174,338.932138
7175,338.958669
7176,338.985913
7177,339.013985
7178,339.043025
7179,339.073205
7180,339.104730
7181,339.137850
7182,339.172868
7183,339.210157
7184,339.250175
7185,339.293494
7186,339.340838
7187,339.393149
7188,339.451725
7189,339.518552
7190,339.580453
7191,339.633278
7192,339.679460
7193,339.720202
7194,339.756253
7195,339.788121
7196,339.816153
7197,339.840565
7198,339.861457
7199,339.878814
7200,339.892510
7201,339.902285
7202,339.907719
7203,339.908151
7204,339.902456
7205,339.888248
7206,339.878139
7207,339.877136
7208,339.884094
7209,339.898410
7210,339.919866
7211,339.948575
7212,339.984961
7213,340.029768
7214,340.084049
7215,340.149082
7216,340.225986
7217,340.287868
7218,340.337970
7219,340.378201
7220,340.409863
7221,340.433903
7222,340.451018
7223,340.461713
7224,340.466335
7225,340.465090
7226,340.458060
7227,340.445205
7228,340.426360
7229,340.401212
7230,340.369247
7231,340.329599
7232,338.782205
7233,338.805851
7234,338.829861
7235,338.854266
7236,338.879110
7237,338.904446
7238,338.930345
7239,338.956894
7240,338.984202
7241,339.012399
7242,339.041647
7243,339.072142
7244,339.104124
7245,339.137885
7246,339.173789
7247,339.212286
7248,339.253946
7249,339.299496
7250,339.349884
7251,339.406369
7252,339.470620
7253,339.544686
7254,339.612933
7255,339.670250
7256,339.719483
7257,339.762229
7258,339.799488
7259,339.831926
7260,339.859979
7261,339.883909
7262,339.903823
7263,339.919680
7264,339.931283
7265,339.938256
7266,339.939986
7267,339.935514
7268,339.923293
7269,339.900678
7270,339.882543
7271,339.875080
7272,339.876916
7273,339.887105
7274,339.905172
7275,339.931051
7276,339.965054
7277,340.007847
7278,340.060425
7279,340.124015
7280,340.199688
7281,340.260534
7282,340.309740
7283,340.349200
7284,340.380217
7285,340.403748
7286,340.420508
7287,340.431015
7288,340.435628
7289,340.434560
7290,340.427897
7291,340.415600
7292,340.397497
7293,340.373267
7294,340.342389
7295,340.303989
7296,338.780646
7297,338.804204
7298,338.828126
7299,338.852446
7300,338.877212
7301,338.902482
7302,338.928335
7303,338.954868
7304,338.982199
7305,339.010478
7306,339.039882
7307,339.070633
7308,339.103001
7309,339.137318
7310,339.173997
7311,339.213558
7312,339.256653
7313,339.304121
7314,339.357042
7315,339.416805
7316,339.485130
7317,339.563805
7318,339.636274
7319,339.696930
7320,339.748600
7321,339.793003
7322,339.831267
7323,339.864153
7324,339.892165
7325,339.915596
7326,339.934558
7327,339.948990
7328,339.958645
7329,339.963065
7330,339.961526
7331,339.952935
7332,339.935653
7333,339.907160
7334,339.883144
7335,339.870461
7336,339.867846
7337,339.874268
7338,339.889124
7339,339.912238
7340,339.943836
7341,339.984520
7342,340.035240
7343,340.097190
7344,340.171416
7345,340.231021
7346,340.279157
7347,340.317707
7348,340.347976
7349,340.370930
7350,340.387291
7351,340.397588
7352,340.402183
7353,340.401299
7354,340.395021
7355,340.383309
7356,340.365989
7357,340.342737
7358,340.313025
7359,340.275979
7360,338.778994
7361,338.802454
7362,338.826274
7363,338.850490
7364,338.875152
7365,338.900327
7366,338.926099
7367,338.952574
7368,338.979883
7369,339.008188
7370,339.037685
7371,339.068616
7372,339.101279
7373,339.136039
7374,339.173352
7375,339.213785
7376,339.258054
7377,339.307065
7378,339.361963
7379,339.424175
7380,339.495376
7381,339.577143
7382,339.652487
7383,339.715533
7384,339.769025
7385,339.814693
7386,339.853713
7387,339.886898
7388,339.914786
7389,339.937693
7390,339.955735
7391,339.968834
7392,339.976714
7393,339.978867
7394,339.974515
7395,339.962525
7396,339.941269
7397,339.908342
7398,339.879808
7399,339.862894
7400,339.856473
7401,339.859518
7402,339.871377
7403,339.891812
7404,339.920991
7405,339.959473
7406,340.008179
7407,340.068288
7408,340.140841
7409,340.198989
7410,340.245862
7411,340.283341
7412,340.312736
7413,340.335019
7414,340.350918
7415,340.360965
7416,340.365526
7417,340.364824
7418,340.358946
7419,340.347852
7420,340.331368
7421,340.309166
7422,340.280717
7423,340.245151
7424,338.777261
7425,338.800614
7426,338.824315
7427,338.848405
7428,338.872937
7429,338.897983
7430,338.923633
7431,338.950003
7432,338.977235
7433,339.005502
7434,339.035017
7435,339.066041
7436,339.098892
7437,339.133964
7438,339.171743
7439,339.212835
7440,339.257994
7441,339.308165
7442,339.364520
7443,339.428486
7444,339.501678
7445,339.585534
7446,339.662823
7447,339.727518
7448,339.782290
7449,339.828844
7450,339.868366
7451,339.901685
7452,339.929360
7453,339.951717
7454,339.968872
7455,339.980740
7456,339.987023
7457,339.987193
7458,339.980449
7459,339.965656
7460,339.941219
7461,339.904804
7462,339.872673
7463,339.852278
7464,339.842593
7465,339.842618
7466,339.851685
7467,339.869521
7468,339.896257
7469,339.932424
7470,339.978932
7471,340.036963
7472,340.107582
7473,340.164020
7474,340.209400
7475,340.245614
7476,340.273981
7477,340.295478
7478,340.310833
7479,340.320578
7480,340.325078
7481,340.324552
7482,340.319090
7483,340.308650
7484,340.293060
7485,340.271993
7486,340.244923
7487,340.210984
7488,338.775467
7489,338.798702
7490,338.822267
7491,338.846207
7492,338.870577
7493,338.895455
7494,338.920938
7495,338.947150
7496,338.974243
7497,339.002400
7498,339.031850
7499,339.062866
7500,339.095787
7501,339.131026
7502,339.169095
7503,339.210622
7504,339.256388
7505,339.307357
7506,339.364710
7507,339.429858
7508,339.504369
7509,339.589590
7510,339.668142
7511,339.733909
7512,339.789504
7513,339.836604
7514,339.876384
7515,339.909678
7516,339.937049
7517,339.958828
7518,339.975132
7519,339.985867
7520,339.990728
7521,339.989174
7522,339.980403
7523,339.963287
7524,339.936260
7525,339.897025
7526,339.861956
7527,339.838647
7528,339.826134
7529,339.823441
7530,339.829890
7531,339.845183
7532,339.869424
7533,339.903125
7534,339.947195
7535,340.002843
7536,340.071194
7537,340.125600
7538,340.169201
7539,340.203912
7540,340.231066
7541,340.251639
7542,340.266354
7543,340.275734
7544,340.280137
7545,340.279779
7546,340.274745
7547,340.264998
7548,340.250367
7549,340.230532
7550,340.204973
7551,340.172837
7552,338.773634
7553,338.796740
7554,338.820152
7555,338.843914
7556,338.868088
7557,338.892755
7558,338.918021
7559,338.944016
7560,338.970900
7561,338.998870
7562,339.028161
7563,339.059063
7564,339.091927
7565,339.127184
7566,339.165358
7567,339.207099
7568,339.253199
7569,339.304634
7570,339.362583
7571,339.428442
7572,339.503741
7573,339.589772
7574,339.669065
7575,339.735442
7576,339.791479
7577,339.838826
7578,339.878643
7579,339.911761
7580,339.938742
7581,339.959918
7582,339.975402
7583,339.985098
7584,339.988695
7585,339.985650
7586,339.975160
7587,339.956108
7588,339.926948
7589,339.885391
7590,339.847881
7591,339.822095
7592,339.807105
7593,339.801941
7594,339.805911
7595,339.818687
7596,339.840341
7597,339.871364
7598,339.912670
7599,339.965520
7600,340.031145
7601,340.083089
7602,340.124544
7603,340.157462
7604,340.183183
7605,340.202674
7606,340.216639
7607,340.225583
7608,340.229850
7609,340.229646
7610,340.225053
7611,340.216036
7612,340.202433
7613,340.183935
7614,340.160038
7615,340.129909
7616,338.771794
7617,338.794762
7618,338.818000
7619,338.841554
7620,338.865493
7621,338.889902
7622,338.914894
7623,338.940607
7624,338.967209
7625,338.994905
7626,339.023941
7627,339.054615
7628,339.087291
7629,339.122409
7630,339.160507
7631,339.202242
7632,339.248419
7633,339.300014
7634,339.358206
7635,339.424377
7636,339.500032
7637,339.586427
7638,339.666037
7639,339.732647
7640,339.788803
7641,339.836135
7642,339.875792
7643,339.908596
7644,339.935107
7645,339.955654
7646,339.970348
7647,339.979092
7648,339.981569
7649,339.977236
7650,339.965291
7651,339.944624
7652,339.913695
7653,339.870212
7654,339.830652
7655,339.802742
7656,339.785564
7657,339.778136
7658,339.779736
7659,339.789993
7660,339.808928
7661,339.836991
7662,339.875087
7663,339.924544
7664,339.986786
7665,340.035670
7666,340.074501
7667,340.105272
7668,340.129310
7669,340.147547
7670,340.160647
7671,340.169083
7672,340.173171
7673,340.173105
7674,340.168962
7675,340.160711
7676,340.148204
7677,340.131154
7678,340.109084
7679,340.081198
7680,338.769987
7681,338.792806
7682,338.815848
7683,338.839162
7684,338.862821
7685,338.886919
7686,338.911575
7687,338.936936
7688,338.963176
7689,338.990508
7690,339.019185
7691,339.049514
7692,339.081866
7693,339.116688
7694,339.154527
7695,339.196046
7696,339.242054
7697,339.293528
7698,339.351646
7699,339.417780
7700,339.493420
7701,339.579802
7702,339.659372
7703,339.725892
7704,339.781887
7705,339.828973
7706,339.868289
7707,339.900652
7708,339.926619
7709,339.946514
7710,339.960448
7711,339.968318
7712,339.969807
7713,339.964368
7714,339.951199
7715,339.929191
7716,339.896803
7717,339.851724
7718,339.810445
7719,339.780714
7720,339.761601
7721,339.752095
7722,339.751424
7723,339.759150
7724,339.775209
7725,339.799960
7726,339.834245
7727,339.879437
7728,339.937265
7729,339.982227
7730,340.017822
7731,340.046037
7732,340.068126
7733,340.084937
7734,340.097062
7735,340.104919
7736,340.108790
7737,340.108845
7738,340.105156
7739,340.097700
7740,340.086349
7741,340.070852
7742,340.050781
7743,340.025407
7744,338.768266
7745,338.790925
7746,338.813745
7747,338.836780
7748,338.860111
7749,338.883838
7750,338.908091
7751,338.933022
7752,338.958814
7753,338.985686
7754,339.013898
7755,339.043760
7756,339.075649
7757,339.110018
7758,339.147417
7759,339.188513
7760,339.234115
7761,339.285203
7762,339.342952
7763,339.408731
7764,339.484024
7765,339.570056
7766,339.649269
7767,339.715409
7768,339.770990
7769,339.817618
7770,339.856429
7771,339.888234
7772,339.913586
7773,339.932808
7774,339.946008
7775,339.953079
7776,339.953702
7777,339.947326
7778,339.933145
7779,339.910045
7780,339.876474
7781,339.830098
7782,339.787399
7783,339.756128
7784,339.735324
7785,339.723930
7786,339.721103
7787,339.726309
7788,339.739349
7789,339.760411
7790,339.790136
7791,339.829758
7792,339.881304
7793,339.921086
7794,339.952705
7795,339.977939
7796,339.997829
7797,340.013065
7798,340.024124
7799,340.031346
7800,340.034965
7801,340.035124
7802,340.031888
7803,340.025244
7804,340.015094
7805,340.001236
7806,339.983325
7807,339.960747
7808,338.766696
7809,338.789184
7810,338.811752
7811,338.834463
7812,338.857407
7813,338.880698
7814,338.904471
7815,338.928890
7816,338.954144
7817,338.980455
7818,339.008089
7819,339.037361
7820,339.068647
7821,339.102404
7822,339.139182
7823,339.179649
7824,339.224615
7825,339.275059
7826,339.332156
7827,339.397276
7828,339.471904
7829,339.557270
7830,339.635826
7831,339.701313
7832,339.756239
7833,339.802208
7834,339.840355
7835,339.871488
7836,339.896160
7837,339.914690
7838,339.927181
7839,339.933527
7840,339.933403
7841,339.926253
7842,339.911265
7843,339.887311
7844,339.852825
7845,339.805440
7846,339.761617
7847,339.729089
7848,339.706854
7849,339.693790
7850,339.688971
7851,339.691737
7852,339.701711
7853,339.718804
7854,339.743224
7855,339.775491
7856,339.816406
7857,339.849335
7858,339.876257
7859,339.898163
7860,339.915676
7861,339.929235
7862,339.939169
7863,339.945720
7864,339.949062
7865,339.949309
7866,339.946518
7867,339.940690
7868,339.931762
7869,339.919598
7870,339.903957
7871,339.884424
7872,338.765365
7873,338.787667
7874,338.809945
7875,338.832275
7876,338.854765
7877,338.877541
7878,338.900753
7879,338.924570
7880,338.949188
7881,338.974835
7882,339.001777
7883,339.030330
7884,339.060872
7885,339.093856
7886,339.129832
7887,339.169465
7888,339.213562
7889,339.263104
7890,339.319264
7891,339.383419
7892,339.457065
7893,339.541446
7894,339.619044
7895,339.683604
7896,339.737633
7897,339.782743
7898,339.820068
7899,339.850419
7900,339.874344
7901,339.892163
7902,339.903975
7903,339.909670
7904,339.908919
7905,339.901161
7906,339.885573
7907,339.861012
7908,339.825887
7909,339.777791
7910,339.733156
7911,339.699681
7912,339.676308
7913,339.661846
7914,339.655274
7915,339.655803
7916,339.662857
7917,339.676033
7918,339.694981
7919,339.719119
7920,339.746732
7921,339.772096
7922,339.794094
7923,339.812590
7924,339.827691
7925,339.839562
7926,339.848362
7927,339.854233
7928,339.857288
7929,339.857610
7930,339.855248
7931,339.850219
7932,339.842503
7933,339.832036
7934,339.818697
7935,339.802305
7936,338.764386
7937,338.786480
7938,338.808414
7939,338.830292
7940,338.852244
7941,338.874418
7942,338.896974
7943,338.920093
7944,338.943974
7945,338.968848
7946,338.994981
7947,339.022687
7948,339.052340
7949,339.084391
7950,339.119382
7951,339.157972
7952,339.200965
7953,339.249336
7954,339.304262
7955,339.367129
7956,339.439452
7957,339.522507
7958,339.598826
7959,339.662164
7960,339.715042
7961,339.759082
7962,339.795423
7963,339.824876
7964,339.847990
7965,339.865079
7966,339.876241
7967,339.881364
7968,339.880113
7969,339.871923
7970,339.855960
7971,339.831060
7972,339.795599
7973,339.747122
7974,339.702024
7975,339.667956
7976,339.643793
7977,339.628270
7978,339.620277
7979,339.618911
7980,339.623436
7981,339.633215
7982,339.647574
7983,339.665576
7984,339.685624
7985,339.705177
7986,339.722955
7987,339.738402
7988,339.751311
7989,339.761631
7990,339.769385
7991,339.774625
7992,339.777407
7993,339.777788
7994,339.775815
7995,339.771522
7996,339.764933
7997,339.756061
7998,339.744908
7999,339.731470
8000,338.763914
8001,338.785761
8002,338.807270
8003,338.828598
8004,338.849911
8005,338.871379
8006,338.893178
8007,338.915495
8008,338.938533
8009,338.962522
8010,338.987727
8011,339.014456
8012,339.043077
8013,339.074031
8014,339.107852
8015,339.145189
8016,339.186832
8017,339.233751
8018,339.287119
8019,339.348335
8020,339.418946
8021,339.500289
8022,339.574959
8023,339.636740
8024,339.688182
8025,339.730922
8026,339.766105
8027,339.794542
8028,339.816776
8029,339.833118
8030,339.843664
8031,339.848297
8032,339.846684
8033,339.838255
8034,339.822166
8035,339.797234
8036,339.761792
8037,339.713317
8038,339.668169
8039,339.633930
8040,339.609390
8041,339.593212
8042,339.584217
8043,339.581416
8044,339.583971
8045,339.591117
8046,339.602054
8047,339.615822
8048,339.631172
8049,339.646641
8050,339.661184
8051,339.674170
8052,339.685253
8053,339.694257
8054,339.701110
8055,339.705798
8056,339.708337
8057,339.708762
8058,339.707118
8059,339.703459
8060,339.697850
8061,339.690377
8062,339.681149
8063,339.670308
8064,338.764174
8065,338.785686
8066,338.806642
8067,338.827284
8068,338.847830
8069,338.868474
8070,338.889403
8071,338.910809
8072,338.932895
8073,338.955888
8074,338.980045
8075,339.005667
8076,339.033112
8077,339.062808
8078,339.095273
8079,339.131138
8080,339.171178
8081,339.216343
8082,339.267797
8083,339.326940
8084,339.395364
8085,339.474511
8086,339.547072
8087,339.606889
8088,339.656562
8089,339.697746
8090,339.731584
8091,339.758876
8092,339.780159
8093,339.795735
8094,339.805698
8095,339.809931
8096,339.808103
8097,339.799648
8098,339.783722
8099,339.759127
8100,339.724148
8101,339.676154
8102,339.631472
8103,339.597579
8104,339.573153
8105,339.556793
8106,339.547277
8107,339.543574
8108,339.544799
8109,339.550137
8110,339.558769
8111,339.569797
8112,339.582213
8113,339.594982
8114,339.607256
8115,339.618435
8116,339.628130
8117,339.636108
8118,339.642244
8119,339.646483
8120,339.648816
8121,339.649265
8122,339.647874
8123,339.644713
8124,339.639879
8125,339.633519
8126,339.625845
8127,339.617160
8128,338.765516
8129,338.786478
8130,338.806660
8131,338.826433
8132,338.846057
8133,338.865744
8134,338.885685
8135,338.906067
8136,338.927091
8137,338.948975
8138,338.971966
8139,338.996354
8140,339.022482
8141,339.050759
8142,339.081683
8143,339.115860
8144,339.154035
8145,339.197126
8146,339.246267
8147,339.302838
8148,339.368449
8149,339.444699
8150,339.514497
8151,339.571823
8152,339.619332
8153,339.658667
8154,339.690950
8155,339.716959
8156,339.737211
8157,339.752000
8158,339.761413
8159,339.765338
8160,339.763454
8161,339.755208
8162,339.739774
8163,339.715966
8164,339.682046
8165,339.635236
8166,339.591746
8167,339.558855
8168,339.535115
8169,339.519098
8170,339.509582
8171,339.505542
8172,339.506094
8173,339.510430
8174,339.517754
8175,339.527232
8176,339.537992
8177,339.549177
8178,339.560055
8179,339.570069
8180,339.578831
8181,339.586094
8182,339.591713
8183,339.595619
8184,339.597789
8185,339.598238
8186,339.597011
8187,339.594183
8188,339.589871
8189,339.584257
8190,339.577631
8191,339.570489
8192,338.775107
8193,338.796467
8194,338.816529
8195,338.835682
8196,338.854174
8197,338.872181
8198,338.889835
8199,338.907242
8200,338.924490
8201,338.941654
8202,338.958800
8203,338.975988
8204,338.993272
8205,339.010702
8206,339.028326
8207,339.046188
8208,339.064331
8209,339.082795
8210,339.101617
8211,339.120832
8212,339.140472
8213,339.160562
8214,339.181124
8215,339.202169
8216,339.223700
8217,339.245705
8218,339.268153
8219,339.290992
8220,339.314137
8221,339.337464
8222,339.360800
8223,339.383904
8224,339.406454
8225,339.428027
8226,339.448312
8227,339.467076
8228,339.484143
8229,339.499381
8230,339.512692
8231,339.524005
8232,339.533275
8233,339.540477
8234,339.545610
8235,339.548699
8236,339.549796
8237,339.548992
8238,339.546422
8239,339.542285
8240,339.536859
8241,339.530542
8242,339.523631
8243,339.516353
8244,339.508876
8245,339.501325
8246,339.493800
8247,339.486381
8248,339.479138
8249,339.472143
8250,339.465474
8251,339.459226
8252,339.453522
8253,339.448532
8254,339.444507
8255,339.441850
8256,338.771335
8257,338.793185
8258,338.813976
8259,338.833947
8260,338.853293
8261,338.872170
8262,338.890700
8263,338.908987
8264,338.927118
8265,338.945169
8266,338.963207
8267,338.981293
8268,338.999483
8269,339.017828
8270,339.036379
8271,339.055182
8272,339.074280
8273,339.093716
8274,339.113528
8275,339.133753
8276,339.154423
8277,339.175566
8278,339.197203
8279,339.219347
8280,339.242001
8281,339.265151
8282,339.288766
8283,339.312789
8284,339.337132
8285,339.361665
8286,339.386204
8287,339.410500
8288,339.434214
8289,339.456905
8290,339.478250
8291,339.498002
8292,339.515979
8293,339.532039
8294,339.546081
8295,339.558030
8296,339.567837
8297,339.575476
8298,339.580947
8299,339.584273
8300,339.585510
8301,339.584752
8302,339.582141
8303,339.577883
8304,339.572270
8305,339.565712
8306,339.558521
8307,339.550933
8308,339.543122
8309,339.535221
8310,339.527330
8311,339.519532
8312,339.511900
8313,339.504505
8314,339.497424
8315,339.490746
8316,339.484587
8317,339.479094
8318,339.474461
8319,339.470932
8320,338.768908
8321,338.791010
8322,338.812290
8323,338.832884
8324,338.852930
8325,338.872550
8326,338.891852
8327,338.910930
8328,338.929866
8329,338.948733
8330,338.967598
8331,338.986521
8332,339.005558
8333,339.024762
8334,339.044184
8335,339.063870
8336,339.083865
8337,339.104214
8338,339.124955
8339,339.146126
8340,339.167761
8341,339.189887
8342,339.212527
8343,339.235695
8344,339.259391
8345,339.283602
8346,339.308295
8347,339.333411
8348,339.358858
8349,339.384500
8350,339.410147
8351,339.435537
8352,339.460322
8353,339.484049
8354,339.506382
8355,339.527066
8356,339.545909
8357,339.562766
8358,339.577528
8359,339.590119
8360,339.600485
8361,339.608601
8362,339.614462
8363,339.618095
8364,339.619554
8365,339.618936
8366,339.616388
8367,339.612122
8368,339.606437
8369,339.599753
8370,339.592391
8371,339.584591
8372,339.576534
8373,339.568354
8374,339.560155
8375,339.552019
8376,339.544016
8377,339.536215
8378,339.528686
8379,339.521510
8380,339.514782
8381,339.508618
8382,339.503150
8383,339.498515
8384,338.767440
8385,338.789704
8386,338.811337
8387,338.832418
8388,338.853039
8389,338.873295
8390,338.893274
8391,338.913059
8392,338.932724
8393,338.952338
8394,338.971964
8395,338.991662
8396,339.011487
8397,339.031492
8398,339.051725
8399,339.072236
8400,339.093070
8401,339.114270
8402,339.135878
8403,339.157930
8404,339.180461
8405,339.203499
8406,339.227068
8407,339.251179
8408,339.275835
8409,339.301021
8410,339.326702
8411,339.352818
8412,339.379272
8413,339.405926
8414,339.432581
8415,339.458970
8416,339.484737
8417,339.509417
8418,339.532668
8419,339.554227
8420,339.573894
8421,339.591521
8422,339.606995
8423,339.620234
8424,339.631184
8425,339.639816
8426,339.646124
8427,339.650133
8428,339.651899
8429,339.651519
8430,339.649141
8431,339.644981
8432,339.639341
8433,339.632647
8434,339.625223
8435,339.617314
8436,339.609103
8437,339.600723
8438,339.592277
8439,339.583846
8440,339.575497
8441,339.567292
8442,339.559293
8443,339.551569
8444,339.544194
8445,339.537253
8446,339.530834
8447,339.525013
8448,338.766686
8449,338.789078
8450,338.810987
8451,338.832461
8452,338.853563
8453,338.874364
8454,338.894937
8455,338.915351
8456,338.935674
8457,338.955968
8458,338.976293
8459,338.996705
8460,339.017258
8461,339.038004
8462,339.058992
8463,339.080269
8464,339.101880
8465,339.123870
8466,339.146279
8467,339.169146
8468,339.192503
8469,339.216381
8470,339.240800
8471,339.265775
8472,339.291307
8473,339.317379
8474,339.343957
8475,339.370977
8476,339.398342
8477,339.425909
8478,339.453476
8479,339.480770
8480,339.507428
8481,339.532982
8482,339.557081
8483,339.579458
8484,339.599909
8485,339.618281
8486,339.634457
8487,339.648353
8488,339.659913
8489,339.669103
8490,339.675917
8491,339.680377
8492,339.682537
8493,339.682493
8494,339.680393
8495,339.676454
8496,339.670979
8497,339.664392
8498,339.657020
8499,339.649108
8500,339.640836
8501,339.632338
8502,339.623714
8503,339.615039
8504,339.606376
8505,339.597779
8506,339.589303
8507,339.581001
8508,339.572931
8509,339.565155
8510,339.557731
8511,339.550701
8512,338.766478
8513,338.788984
8514,338.811123
8515,338.832925
8516,338.854436
8517,338.875710
8518,338.896805
8519,338.917780
8520,338.938695
8521,338.959606
8522,338.980568
8523,339.001635
8524,339.022858
8525,339.044287
8526,339.065970
8527,339.087954
8528,339.110282
8529,339.133000
8530,339.156146
8531,339.179759
8532,339.203872
8533,339.228515
8534,339.253708
8535,339.279466
8536,339.305787
8537,339.332657
8538,339.360038
8539,339.387868
8540,339.416046
8541,339.444428
8542,339.472809
8543,339.500915
8544,339.528377
8545,339.554725
8546,339.579605
8547,339.602745
8548,339.623940
8549,339.643033
8550,339.659904
8551,339.674468
8552,339.686663
8553,339.696456
8554,339.703836
8555,339.708823
8556,339.711466
8557,339.711861
8558,339.710151
8559,339.706551
8560,339.701360
8561,339.695001
8562,339.687798
8563,339.679992
8564,339.671759
8565,339.663230
8566,339.654500
8567,339.645638
8568,339.636701
8569,339.627737
8570,339.618788
8571,339.609899
8572,339.601113
8573,339.592474
8574,339.584020
8575,339.575782
8576,338.766693
8577,338.789306
8578,338.811645
8579,338.833731
8580,338.855596
8581,338.877284
8582,338.898840
8583,338.920316
8584,338.941763
8585,338.963232
8586,338.984774
8587,339.006438
8588,339.028274
8589,339.050329
8590,339.072650
8591,339.095281
8592,339.118266
8593,339.141649
8594,339.165467
8595,339.189759
8596,339.214558
8597,339.239891
8598,339.265781
8599,339.292238
8600,339.319264
8601,339.346842
8602,339.374935
8603,339.403478
8604,339.432373
8605,339.461471
8606,339.490571
8607,339.519395
8608,339.547575
8609,339.574639
8610,339.600232
8611,339.624082
8612,339.645982
8613,339.665772
8614,339.683333
8615,339.698575
8616,339.711436
8617,339.721878
8618,339.729887
8619,339.735479
8620,339.738699
8621,339.739637
8622,339.738431
8623,339.735290
8624,339.730508
8625,339.724502
8626,339.717587
8627,339.710000
8628,339.701911
8629,339.693444
8630,339.684685
8631,339.675701
8632,339.666539
8633,339.657239
8634,339.647836
8635,339.638365
8636,339.628857
8637,339.619346
8638,339.609858
8639,339.600417
8640,338.767233
8641,338.789952
8642,338.812473
8643,338.834808
8644,338.856986
8645,338.879037
8646,338.901004
8647,338.922927
8648,338.944852
8649,338.966825
8650,338.988892
8651,339.011100
8652,339.033494
8653,339.056119
8654,339.079021
8655,339.102242
8656,339.125825
8657,339.149810
8658,339.174237
8659,339.199141
8660,339.224555
8661,339.250505
8662,339.277013
8663,339.304090
8664,339.331735
8665,339.359932
8666,339.388643
8667,339.417805
8668,339.447318
8669,339.477037
8670,339.506759
8671,339.536209
8672,339.565021
8673,339.592723
8674,339.618963
8675,339.643469
8676,339.666035
8677,339.686501
8678,339.704746
8679,339.720680
8680,339.734237
8681,339.745376
8682,339.754081
8683,339.760359
8684,339.764252
8685,339.765841
8686,339.765258
8687,339.762701
8688,339.758457
8689,339.752930
8690,339.746429
8691,339.739180
8692,339.731343
8693,339.723034
8694,339.714333
8695,339.705296
8696,339.695964
8697,339.686370
8698,339.676541
8699,339.666503
8700,339.656281
8701,339.645900
8702,339.635383
8703,339.624747
8704,338.768025
8705,338.790849
8706,338.813536
8707,338.836096
8708,338.858551
8709,338.880927
8710,338.903259
8711,338.925582
8712,338.947936
8713,338.970364
8714,338.992906
8715,339.015605
8716,339.038505
8717,339.061647
8718,339.085075
8719,339.108830
8720,339.132952
8721,339.157480
8722,339.182452
8723,339.207902
8724,339.233862
8725,339.260357
8726,339.287407
8727,339.315022
8728,339.343202
8729,339.371930
8730,339.401169
8731,339.430855
8732,339.460890
8733,339.491132
8734,339.521381
8735,339.551364
8736,339.580721
8737,339.608984
8738,339.635804
8739,339.660913
8740,339.684107
8741,339.705227
8742,339.724153
8743,339.740793
8744,339.755079
8745,339.766967
8746,339.776434
8747,339.783484
8748,339.788149
8749,339.790502
8750,339.790664
8751,339.788821
8752,339.785247
8753,339.780335
8754,339.774378
8755,339.767589
8756,339.760118
8757,339.752070
8758,339.743515
8759,339.734501
8760,339.725061
8761,339.715220
8762,339.705000
8763,339.694420
8764,339.683499
8765,339.672258
8766,339.660717
8767,339.648895
8768,338.769006
8769,338.791935
8770,338.814777
8771,338.837542
8772,338.860246
8773,338.882913
8774,338.905571
8775,338.928253
8776,338.950993
8777,338.973828
8778,338.996798
8779,339.019941
8780,339.043296
8781,339.066905
8782,339.090807
8783,339.115040
8784,339.139645
8785,339.164657
8786,339.190113
8787,339.216046
8788,339.242484
8789,339.269453
8790,339.296970
8791,339.325046
8792,339.353679
8793,339.382851
8794,339.412527
8795,339.442643
8796,339.473105
8797,339.503773
8798,339.534452
8799,339.564876
8800,339.594691
8801,339.623437
8802,339.650770
8803,339.676429
8804,339.700213
8805,339.721967
8806,339.741571
8807,339.758932
8808,339.773981
8809,339.786670
8810,339.796971
8811,339.804879
8812,339.810420
8813,339.813653
8814,339.814687
8815,339.813694
8816,339.810930
8817,339.806771
8818,339.801493
8819,339.795294
8820,339.788308
8821,339.780628
8822,339.772313
8823,339.763401
8824,339.753920
8825,339.743885
8826,339.733314
8827,339.722220
8828,339.710620
8829,339.698532
8830,339.685976
8831,339.672973
8832,338.770127
8833,338.793160
8834,338.816148
8835,338.839100
8836,338.862029
8837,338.884958
8838,338.907909
8839,338.930913
8840,338.953999
8841,338.977201
8842,339.000554
8843,339.024095
8844,339.047860
8845,339.071886
8846,339.096211
8847,339.120872
8848,339.145905
8849,339.171345
8850,339.197226
8851,339.223579
8852,339.250430
8853,339.277805
8854,339.305718
8855,339.334179
8856,339.363184
8857,339.392717
8858,339.422741
8859,339.453196
8860,339.483990
8861,339.514988
8862,339.546001
8863,339.576773
8864,339.606957
8865,339.636106
8866,339.663886
8867,339.690041
8868,339.714378
8869,339.736746
8870,339.757025
8871,339.775124
8872,339.790971
8873,339.804515
8874,339.815721
8875,339.824579
8876,339.831102
8877,339.835336
8878,339.837376
8879,339.837373
8880,339.835565
8881,339.832305
8882,339.827847
8883,339.822370
8884,339.815992
8885,339.808790
8886,339.800812
8887,339.792087
8888,339.782633
8889,339.772460
8890,339.761581
8891,339.750006
8892,339.737749
8893,339.724828
8894,339.711264
8895,339.697083
8896,338.771347
8897,338.794483
8898,338.817608
8899,338.840732
8900,338.863867
8901,338.887031
8902,338.910246
8903,338.933538
8904,338.956934
8905,338.980464
8906,339.004161
8907,339.028057
8908,339.052187
8909,339.076585
8910,339.101286
8911,339.126325
8912,339.151735
8913,339.177549
8914,339.203798
8915,339.230512
8916,339.257716
8917,339.285431
8918,339.313671
8919,339.342443
8920,339.371745
8921,339.401557
8922,339.431846
8923,339.462551
8924,339.493584
8925,339.524817
8926,339.556069
8927,339.587093
8928,339.617559
8929,339.647031
8930,339.675188
8931,339.701786
8932,339.726639
8933,339.749599
8934,339.770552
8935,339.789406
8936,339.806088
8937,339.820541
8938,339.832728
8939,339.842627
8940,339.850240
8941,339.855601
8942,339.858784
8943,339.859919
8944,339.859218
8945,339.857007
8946,339.853516
8947,339.848899
8948,339.843255
8949,339.836645
8950,339.829103
8951,339.820649
8952,339.811292
8953,339.801039
8954,339.789897
8955,339.777874
8956,339.764983
8957,339.751242
8958,339.736677
8959,339.721317
8960,338.772632
8961,338.795868
8962,338.819123
8963,338.842405
8964,338.865727
8965,338.889105
8966,338.912557
8967,338.936107
8968,338.959780
8969,338.983604
8970,339.007607
8971,339.031820
8972,339.056274
8973,339.081001
8974,339.106033
8975,339.131402
8976,339.157140
8977,339.183278
8978,339.209843
8979,339.236862
8980,339.264359
8981,339.292353
8982,339.320855
8983,339.349871
8984,339.379397
8985,339.409413
8986,339.439885
8987,339.470756
8988,339.501940
8989,339.533315
8990,339.564710
8991,339.595894
8992,339.626551
8993,339.656265
8994,339.684731
8995,339.711718
8996,339.737050
8997,339.760585
8998,339.782211
8999,339.801836
9000,339.819388
9001,339.834807
9002,339.848047
9003,339.859079
9004,339.867895
9005,339.874509
9006,339.878976
9007,339.881400
9008,339.881964
9009,339.880959
9010,339.878584
9011,339.874967
9012,339.870184
9013,339.864278
9014,339.857271
9015,339.849172
9016,339.839985
9017,339.829709
9018,339.818348
9019,339.805910
9020,339.792407
9021,339.777861
9022,339.762298
9023,339.745754
9024,338.773952
9025,338.797286
9026,338.820663
9027,338.844093
9028,338.867585
9029,338.891155
9030,338.914821
9031,338.938602
9032,338.962523
9033,338.986607
9034,339.010882
9035,339.035375
9036,339.060115
9037,339.085131
9038,339.110452
9039,339.136109
9040,339.162130
9041,339.188543
9042,339.215374
9043,339.242647
9044,339.270383
9045,339.298598
9046,339.327303
9047,339.356500
9048,339.386183
9049,339.416333
9050,339.446915
9051,339.477872
9052,339.509123
9053,339.540552
9054,339.572000
9055,339.603249
9056,339.634008
9057,339.663884
9058,339.692592
9059,339.719918
9060,339.745693
9061,339.769784
9062,339.792082
9063,339.812497
9064,339.830955
9065,339.847391
9066,339.861757
9067,339.874014
9068,339.884140
9069,339.892135
9070,339.898028
9071,339.901897
9072,339.903886
9073,339.904246
9074,339.903139
9075,339.900660
9076,339.896864
9077,339.891773
9078,339.885398
9079,339.877737
9080,339.868786
9081,339.858543
9082,339.847007
9083,339.834186
9084,339.820093
9085,339.804751
9086,339.788192
9087,339.770459
9088,338.775285
9089,338.798713
9090,338.822206
9091,338.845770
9092,338.869418
9093,338.893162
9094,338.917019
9095,338.941008
9096,338.965149
9097,338.989465
9098,339.013980
9099,339.038719
9100,339.063710
9101,339.088977
9102,339.114550
9103,339.140453
9104,339.166715
9105,339.193360
9106,339.220411
9107,339.247890
9108,339.275815
9109,339.304200
9110,339.333052
9111,339.362373
9112,339.392154
9113,339.422374
9114,339.452998
9115,339.483971
9116,339.515214
9117,339.546618
9118,339.578033
9119,339.609260
9120,339.640034
9121,339.669994
9122,339.698881
9123,339.726498
9124,339.752686
9125,339.777318
9126,339.800288
9127,339.821509
9128,339.840905
9129,339.858410
9130,339.873969
9131,339.887536
9132,339.899077
9133,339.908575
9134,339.916035
9135,339.921502
9136,339.925077
9137,339.926961
9138,339.927269
9139,339.926064
9140,339.923373
9141,339.919203
9142,339.913550
9143,339.906404
9144,339.897755
9145,339.887596
9146,339.875926
9147,339.862752
9148,339.848088
9149,339.831961
9150,339.814407
9151,339.795475
9152,338.776610
9153,338.800129
9154,338.823729
9155,338.847419
9156,338.871208
9157,338.895110
9158,338.919138
9159,338.943312
9160,338.967648
9161,338.992168
9162,339.016894
9163,339.041850
9164,339.067058
9165,339.092543
9166,339.118331
9167,339.144444
9168,339.170908
9169,339.197744
9170,339.224973
9171,339.252615
9172,339.280684
9173,339.309191
9174,339.338143
9175,339.367537
9176,339.397364
9177,339.427600
9178,339.458210
9179,339.489139
9180,339.520311
9181,339.551621
9182,339.582931
9183,339.614058
9184,339.644765
9185,339.674741
9186,339.703755
9187,339.731623
9188,339.758198
9189,339.783359
9190,339.807002
9191,339.829044
9192,339.849406
9193,339.868024
9194,339.884838
9195,339.899793
9196,339.912844
9197,339.923956
9198,339.933113
9199,339.940324
9200,339.945642
9201,339.949199
9202,339.951059
9203,339.951251
9204,339.949775
9205,339.946621
9206,339.941773
9207,339.935212
9208,339.926922
9209,339.916895
9210,339.905128
9211,339.891627
9212,339.876411
9213,339.859506
9214,339.840956
9215,339.820816
9216,338.777911
9217,338.801516
9218,338.825217
9219,338.849022
9220,338.872940
9221,338.896983
9222,338.921165
9223,338.945502
9224,338.970011
9225,338.994711
9226,339.019622
9227,339.044765
9228,339.070162
9229,339.095834
9230,339.121803
9231,339.148092
9232,339.174722
9233,339.201713
9234,339.229083
9235,339.256849
9236,339.285022
9237,339.313611
9238,339.342620
9239,339.372044
9240,339.401872
9241,339.432079
9242,339.462629
9243,339.493467
9244,339.524520
9245,339.555688
9246,339.586840
9247,339.617810
9248,339.648389
9249,339.678332
9250,339.707435
9251,339.735528
9252,339.762473
9253,339.788153
9254,339.812471
9255,339.835345
9256,339.856699
9257,339.876467
9258,339.894584
9259,339.910991
9260,339.925631
9261,339.938454
9262,339.949417
9263,339.958496
9264,339.965695
9265,339.971052
9266,339.974582
9267,339.976274
9268,339.976106
9269,339.974049
9270,339.970075
9271,339.964158
9272,339.956279
9273,339.946425
9274,339.934594
9275,339.920792
9276,339.905038
9277,339.887365
9278,339.867819
9279,339.846462
9280,338.779174
9281,338.802861
9282,338.826655
9283,338.850565
9284,338.874600
9285,338.898770
9286,338.923089
9287,338.947572
9288,338.972233
9289,338.997090
9290,339.022162
9291,339.047467
9292,339.073024
9293,339.098854
9294,339.124976
9295,339.151411
9296,339.178176
9297,339.205289
9298,339.232766
9299,339.260620
9300,339.288862
9301,339.317498
9302,339.346528
9303,339.375947
9304,339.405739
9305,339.435882
9306,339.466337
9307,339.497052
9308,339.527955
9309,339.558953
9310,339.589925
9311,339.620723
9312,339.651169
9313,339.681070
9314,339.710249
9315,339.738555
9316,339.765859
9317,339.792054
9318,339.817048
9319,339.840762
9320,339.863123
9321,339.884065
9322,339.903521
9323,339.921427
9324,339.937715
9325,339.952318
9326,339.965166
9327,339.976195
9328,339.985352
9329,339.992593
9330,339.997875
9331,340.001146
9332,340.002356
9333,340.001459
9334,339.998415
9335,339.993190
9336,339.985762
9337,339.976116
9338,339.964249
9339,339.950168
9340,339.933894
9341,339.915462
9342,339.894922
9343,339.872342
9344,338.780387
9345,338.804151
9346,338.828032
9347,338.852038
9348,338.876178
9349,338.900463
9350,338.924904
9351,338.949514
9352,338.974309
9353,338.999303
9354,339.024513
9355,339.049956
9356,339.075650
9357,339.101612
9358,339.127861
9359,339.154412
9360,339.181284
9361,339.208490
9362,339.236045
9363,339.263959
9364,339.292240
9365,339.320891
9366,339.349913
9367,339.379297
9368,339.409027
9369,339.439079
9370,339.469416
9371,339.499986
9372,339.530724
9373,339.561542
9374,339.592333
9375,339.622967
9376,339.653296
9377,339.683165
9378,339.712423
9379,339.740940
9380,339.768601
9381,339.795307
9382,339.820976
9383,339.845531
9384,339.868904
9385,339.891031
9386,339.911844
9387,339.931275
9388,339.949246
9389,339.965671
9390,339.980454
9391,339.993485
9392,340.004649
9393,340.013829
9394,340.020917
9395,340.025819
9396,340.028454
9397,340.028759
9398,340.026681
9399,340.022183
9400,340.015235
9401,340.005824
9402,339.993945
9403,339.979606
9404,339.962829
9405,339.943649
9406,339.922123
9407,339.898322
9408,338.781542
9409,338.805377
9410,338.829338
9411,338.853432
9412,338.877667
9413,338.902053
9414,338.926601
9415,338.951324
9416,338.976235
9417,339.001347
9418,339.026676
9419,339.052237
9420,339.078045
9421,339.104117
9422,339.130467
9423,339.157112
9424,339.184065
9425,339.211339
9426,339.238945
9427,339.266893
9428,339.295187
9429,339.323831
9430,339.352820
9431,339.382146
9432,339.411793
9433,339.441736
9434,339.471939
9435,339.502355
9436,339.532923
9437,339.563563
9438,339.594183
9439,339.624671
9440,339.654906
9441,339.684760
9442,339.714109
9443,339.742841
9444,339.770857
9445,339.798071
9446,339.824406
9447,339.849794
9448,339.874173
9449,339.897479
9450,339.919647
9451,339.940605
9452,339.960266
9453,339.978528
9454,339.995267
9455,340.010328
9456,340.023531
9457,340.034679
9458,340.043599
9459,340.050154
9460,340.054235
9461,340.055761
9462,340.054669
9463,340.050915
9464,340.044468
9465,340.035311
9466,340.023439
9467,340.008862
9468,339.991600
9469,339.971692
9470,339.949194
9471,339.924184
9472,338.782630
9473,338.806532
9474,338.830566
9475,338.854739
9476,338.879059
9477,338.903535
9478,338.928178
9479,338.952999
9480,338.978010
9481,339.003224
9482,339.028654
9483,339.054313
9484,339.080216
9485,339.106377
9486,339.132808
9487,339.159524
9488,339.186537
9489,339.213856
9490,339.241492
9491,339.269452
9492,339.297738
9493,339.326353
9494,339.355290
9495,339.384541
9496,339.414090
9497,339.443912
9498,339.473974
9499,339.504233
9500,339.534632
9501,339.565104
9502,339.595568
9503,339.625932
9504,339.656094
9505,339.685951
9506,339.715402
9507,339.744354
9508,339.772722
9509,339.800432
9510,339.827419
9511,339.853622
9512,339.878983
9513,339.903445
9514,339.926943
9515,339.949403
9516,339.970731
9517,339.990813
9518,340.009496
9519,340.026587
9520,340.041836
9521,340.054952
9522,340.065699
9523,340.073899
9524,340.079419
9525,340.082161
9526,340.082053
9527,340.079045
9528,340.073105
9529,340.064214
9530,340.052366
9531,340.037570
9532,340.019848
9533,339.999238
9534,339.975796
9535,339.949603
9536,338.783646
9537,338.807610
9538,338.831710
9539,338.855954
9540,338.880350
9541,338.904906
9542,338.929631
9543,338.954537
9544,338.979635
9545,339.004934
9546,339.030449
9547,339.056190
9548,339.082170
9549,339.108401
9550,339.134895
9551,339.161664
9552,339.188716
9553,339.216063
9554,339.243710
9555,339.271663
9556,339.299924
9557,339.328493
9558,339.357364
9559,339.386528
9560,339.415968
9561,339.445662
9562,339.475579
9563,339.505681
9564,339.535919
9565,339.566233
9566,339.596557
9567,339.626813
9568,339.656921
9569,339.686796
9570,339.716357
9571,339.745527
9572,339.774239
9573,339.802429
9574,339.830043
9575,339.857028
9576,339.883334
9577,339.908907
9578,339.933685
9579,339.957593
9580,339.980532
9581,340.002375
9582,340.022949
9583,340.042023
9584,340.059287
9585,340.074329
9586,340.086856
9587,340.096657
9588,340.103575
9589,340.107500
9590,340.108353
9591,340.106079
9592,340.100641
9593,340.092020
9594,340.080210
9595,340.065217
9596,340.047065
9597,340.025788
9598,340.001446
9599,339.974118
9600,338.784585
9601,338.808605
9602,338.832765
9603,338.857073
9604,338.881535
9605,338.906161
9606,338.930959
9607,338.955938
9608,338.981108
9609,339.006481
9610,339.032065
9611,339.057873
9612,339.083915
9613,339.110200
9614,339.136741
9615,339.163545
9616,339.190622
9617,339.217979
9618,339.245621
9619,339.273553
9620,339.301774
9621,339.330285
9622,339.359078
9623,339.388144
9624,339.417469
9625,339.447031
9626,339.476803
9627,339.506751
9628,339.536833
9629,339.567001
9630,339.597197
9631,339.627361
9632,339.657426
9633,339.687327
9634,339.716998
9635,339.746381
9636,339.775418
9637,339.804062
9638,339.832266
9639,339.859987
9640,339.887182
9641,339.913801
9642,339.939785
9643,339.965057
9644,339.989515
9645,340.013018
9646,340.035373
9647,340.056313
9648,340.075469
9649,340.092326
9650,340.106533
9651,340.117847
9652,340.126092
9653,340.131144
9654,340.132914
9655,340.131342
9656,340.126391
9657,340.118038
9658,340.106277
9659,340.091112
9660,340.072565
9661,340.050673
9662,340.025491
9663,339.997102
9664,338.785443
9665,338.809514
9666,338.833728
9667,338.858091
9668,338.882613
9669,338.907299
9670,338.932159
9671,338.957200
9672,338.982433
9673,339.007865
9674,339.033508
9675,339.059369
9676,339.085458
9677,339.111785
9678,339.138357
9679,339.165184
9680,339.192271
9681,339.219624
9682,339.247248
9683,339.275146
9684,339.303316
9685,339.331758
9686,339.360464
9687,339.389426
9688,339.418630
9689,339.448058
9690,339.477685
9691,339.507482
9692,339.537415
9693,339.567444
9694,339.597522
9695,339.627601
9696,339.657629
9697,339.687556
9698,339.717331
9699,339.746909
9700,339.776247
9701,339.805306
9702,339.834052
9703,339.862449
9704,339.890459
9705,339.918039
9706,339.945131
9707,339.971656
9708,339.997506
9709,340.022528
9710,340.046507
9711,340.069140
9712,340.090004
9713,340.108508
9714,340.124252
9715,340.136958
9716,340.146428
9717,340.152524
9718,340.155149
9719,340.154237
9720,340.149747
9721,340.141655
9722,340.129952
9723,340.114642
9724,340.095745
9725,340.073297
9726,340.047355
9727,340.018001
9728,338.786218
9729,338.810334
9730,338.834595
9731,338.859008
9732,338.883580
9733,338.908319
9734,338.933232
9735,338.958326
9736,338.983610
9737,339.009092
9738,339.034780
9739,339.060683
9740,339.086809
9741,339.113164
9742,339.139756
9743,339.166593
9744,339.193678
9745,339.221017
9746,339.248612
9747,339.276465
9748,339.304575
9749,339.332940
9750,339.361552
9751,339.390405
9752,339.419485
9753,339.448776
9754,339.478258
9755,339.507907
9756,339.537694
9757,339.567587
9758,339.597551
9759,339.627547
9760,339.657537
9761,339.687482
9762,339.717345
9763,339.747093
9764,339.776695
9765,339.806123
9766,339.835349
9767,339.864348
9768,339.893086
9769,339.921524
9770,339.949604
9771,339.977247
9772,340.004337
9773,340.030708
9774,340.056122
9775,340.080245
9776,340.102607
9777,340.122564
9778,340.139673
9779,340.153622
9780,340.164193
9781,340.171233
9782,340.174636
9783,340.174330
9784,340.170268
9785,340.162424
9786,340.150788
9787,340.135363
9788,340.116166
9789,340.093235
9790,340.066624
9791,340.036421
9792,338.786907
9793,338.811063
9794,338.835365
9795,338.859821
9796,338.884437
9797,338.909220
9798,338.934177
9799,338.959316
9800,338.984642
9801,339.010164
9802,339.035889
9803,339.061823
9804,339.087974
9805,339.114348
9806,339.140950
9807,339.167786
9808,339.194860
9809,339.222174
9810,339.249731
9811,339.277532
9812,339.305574
9813,339.333855
9814,339.362369
9815,339.391107
9816,339.420059
9817,339.449212
9818,339.478549
9819,339.508049
9820,339.537691
9821,339.567449
9822,339.597297
9823,339.627206
9824,339.657147
9825,339.687095
9826,339.717022
9827,339.746906
9828,339.776727
9829,339.806464
9830,339.836100
9831,339.865614
9832,339.894977
9833,339.924154
9834,339.953088
9835,339.981695
9836,340.009853
9837,340.037383
9838,340.064027
9839,340.089422
9840,340.113063
9841,340.134265
9842,340.152549
9843,340.167578
9844,340.179111
9845,340.186982
9846,340.191073
9847,340.191308
9848,340.187636
9849,340.180025
9850,340.168465
9851,340.152956
9852,340.133516
9853,340.110180
9854,340.083006
9855,340.052082
9856,338.787508
9857,338.811699
9858,338.836037
9859,338.860530
9860,338.885183
9861,338.910003
9862,338.934997
9863,338.960171
9864,338.985532
9865,339.011085
9866,339.036837
9867,339.062795
9868,339.088962
9869,339.115346
9870,339.141949
9871,339.168776
9872,339.195830
9873,339.223113
9874,339.250625
9875,339.278366
9876,339.306334
9877,339.334526
9878,339.362936
9879,339.391556
9880,339.420379
9881,339.449391
9882,339.478580
9883,339.507929
9884,339.537423
9885,339.567042
9886,339.596766
9887,339.626577
9888,339.656454
9889,339.686380
9890,339.716340
9891,339.746317
9892,339.776302
9893,339.806282
9894,339.836245
9895,339.866176
9896,339.896053
9897,339.925838
9898,339.955476
9899,339.984881
9900,340.013923
9901,340.042411
9902,340.070070
9903,340.096514
9904,340.121210
9905,340.143443
9906,340.162707
9907,340.178640
9908,340.190986
9909,340.199565
9910,340.204250
9911,340.204956
9912,340.201629
9913,340.194234
9914,340.182758
9915,340.167199
9916,340.147576
9917,340.123923
9918,340.096298
9919,340.064792
9920,338.788021
9921,338.812241
9922,338.836609
9923,338.861133
9924,338.885817
9925,338.910668
9926,338.935692
9927,338.960894
9928,338.986282
9929,339.011859
9930,339.037632
9931,339.063604
9932,339.089781
9933,339.116167
9934,339.142764
9935,339.169576
9936,339.196604
9937,339.223848
9938,339.251310
9939,339.278986
9940,339.306875
9941,339.334974
9942,339.363275
9943,339.391775
9944,339.420463
9945,339.449331
9946,339.478368
9947,339.507563
9948,339.536902
9949,339.566373
9950,339.595963
9951,339.625659
9952,339.655449
9953,339.685323
9954,339.715275
9955,339.745296
9956,339.775383
9957,339.805530
9958,339.835731
9959,339.865974
9960,339.896240
9961,339.926495
9962,339.956681
9963,339.986708
9964,340.016442
9965,340.045681
9966,340.074136
9967,340.101405
9968,340.126931
9969,340.149980
9970,340.170024
9971,340.186684
9972,340.199689
9973,340.208847
9974,340.214024
9975,340.215129
9976,340.212101
9977,340.204903
9978,340.193519
9979,340.177948
9980,340.158205
9981,340.134324
9982,340.106367
9983,340.074425
9984,338.788445
9985,338.812689
9986,338.837082
9987,338.861630
9988,338.886339
9989,338.911214
9990,338.936262
9991,338.961487
9992,338.986895
9993,339.012490
9994,339.038276
9995,339.064258
9996,339.090438
9997,339.116820
9998,339.143406
9999,339.170197
10000,339.197193
10001,339.224395
10002,339.251800
10003,339.279408
10004,339.307215
10005,339.335216
10006,339.363406
10007,339.391780
10008,339.420331
10009,339.449050
10010,339.477931
10011,339.506963
10012,339.536139
10013,339.565450
10014,339.594888
10015,339.624447
10016,339.654122
10017,339.683909
10018,339.713807
10019,339.743816
10020,339.773936
10021,339.804168
10022,339.834510
10023,339.864954
10024,339.895482
10025,339.926060
10026,339.956631
10027,339.987102
10028,340.017331
10029,340.047111
10030,340.076144
10031,340.104012
10032,340.130148
10033,340.153799
10034,340.174425
10035,340.191633
10036,340.205141
10037,340.214749
10038,340.220315
10039,340.221742
10040,340.218966
10041,340.211946
10042,340.200664
10043,340.185117
10044,340.165319
10045,340.141305
10046,340.113136
10047,340.080906
10048,338.788778
10049,338.813041
10050,338.837453
10051,338.862021
10052,338.886749
10053,338.911644
10054,338.936710
10055,338.961952
10056,338.987374
10057,339.012981
10058,339.038775
10059,339.064761
10060,339.090939
10061,339.117313
10062,339.143882
10063,339.170648
10064,339.197609
10065,339.224765
10066,339.252112
10067,339.279648
10068,339.307368
10069,339.335269
10070,339.363345
10071,339.391591
10072,339.419999
10073,339.448565
10074,339.477281
10075,339.506142
10076,339.535142
10077,339.564277
10078,339.593544
10079,339.622940
10080,339.652467
10081,339.682125
10082,339.711920
10083,339.741854
10084,339.771935
10085,339.802166
10086,339.832549
10087,339.863077
10088,339.893735
10089,339.924489
10090,339.955279
10091,339.986010
10092,340.016539
10093,340.046652
10094,340.076044
10095,340.104291
10096,340.130816
10097,340.154858
10098,340.175869
10099,340.193448
10100,340.207305
10101,340.217233
10102,340.223085
10103,340.224760
10104,340.222189
10105,340.215329
10106,340.204158
10107,340.188673
10108,340.168886
10109,340.144834
10110,340.116577
10111,340.084210
10112,338.789021
10113,338.813298
10114,338.837724
10115,338.862306
10116,338.887048
10117,338.911957
10118,338.937035
10119,338.962289
10120,338.987721
10121,339.013335
10122,339.039133
10123,339.065118
10124,339.091291
10125,339.117653
10126,339.144203
10127,339.170941
10128,339.197864
10129,339.224971
10130,339.252257
10131,339.279719
10132,339.307352
10133,339.335151
10134,339.363109
10135,339.391222
10136,339.419484
10137,339.447889
10138,339.476433
10139,339.505111
10140,339.533922
10141,339.562862
10142,339.591934
10143,339.621138
10144,339.650480
10145,339.679965
10146,339.709601
10147,339.739397
10148,339.769362
10149,339.799504
10150,339.829824
10151,339.860319
10152,339.890974
10153,339.921753
10154,339.952597
10155,339.983410
10156,340.014043
10157,340.044282
10158,340.073818
10159,340.102226
10160,340.128924
10161,340.153152
10162,340.174355
10163,340.192130
10164,340.206184
10165,340.216305
10166,340.222343
10167,340.224191
10168,340.221779
10169,340.215061
10170,340.204013
10171,340.188628
10172,340.168920
10173,340.144924
10174,340.116701
10175,340.084347
10176,338.789173
10177,338.813458
10178,338.837893
10179,338.862484
10180,338.887236
10181,338.912153
10182,338.937240
10183,338.962500
10184,338.987938
10185,339.013555
10186,339.039353
10187,339.065334
10188,339.091499
10189,339.117846
10190,339.144375
10191,339.171083
10192,339.197967
10193,339.225024
10194,339.252249
10195,339.279636
10196,339.307180
10197,339.334874
10198,339.362713
10199,339.390690
10200,339.418800
10201,339.447038
10202,339.475400
10203,339.503883
10204,339.532487
10205,339.561213
10206,339.590064
10207,339.619044
10208,339.648161
10209,339.677426
10210,339.706847
10211,339.736438
10212,339.766209
10213,339.796170
10214,339.826325
10215,339.856670
10216,339.887189
10217,339.917847
10218,339.948583
10219,339.979298
10220,340.009845
10221,340.040008
10222,340.069478
10223,340.097833
10224,340.124495
10225,340.148704
10226,340.169911
10227,340.187714
10228,340.201818
10229,340.212009
10230,340.218136
10231,340.220088
10232,340.217792
10233,340.211199
10234,340.200283
10235,340.185038
10236,340.165475
10237,340.141629
10238,340.113561
10239,340.081368
10240,338.789232
10241,338.813521
10242,338.837961
10243,338.862556
10244,338.887312
10245,338.912233
10246,338.937324
10247,338.962587
10248,338.988026
10249,339.013643
10250,339.039438
10251,339.065413
10252,339.091567
10253,339.117898
10254,339.144404
10255,339.171082
10256,339.197928
10257,339.224935
10258,339.252098
10259,339.279410
10260,339.306865
10261,339.334454
10262,339.362171
10263,339.390009
10264,339.417962
10265,339.446026
10266,339.474196
10267,339.502471
10268,339.530851
10269,339.559340
10270,339.587942
10271,339.616664
10272,339.645516
10273,339.674510
10274,339.703659
10275,339.732977
10276,339.762476
10277,339.792167
10278,339.822055
10279,339.852134
10280,339.882389
10281,339.912784
10282,339.943254
10283,339.973702
10284,340.003978
10285,340.033868
10286,340.063069
10287,340.091162
10288,340.117581
10289,340.141577
10290,340.162607
10291,340.180274
10292,340.194287
10293,340.204432
10294,340.210555
10295,340.212545
10296,340.210325
10297,340.203844
10298,340.193073
10299,340.178006
10300,340.158652
10301,340.135047
10302,340.107252
10303,340.075362
10304,338.789199
10305,338.813487
10306,338.837925
10307,338.862520
10308,338.887276
10309,338.912197
10310,338.937287
10311,338.962550
10312,338.987987
10313,339.013600
10314,339.039390
10315,339.065357
10316,339.091499
10317,339.117813
10318,339.144297
10319,339.170945
10320,339.197752
10321,339.224711
10322,339.251814
10323,339.279053
10324,339.306419
10325,339.333903
10326,339.361498
10327,339.389194
10328,339.416986
10329,339.444867
10330,339.472835
10331,339.500888
10332,339.529026
10333,339.557254
10334,339.585578
10335,339.614007
10336,339.642552
10337,339.671227
10338,339.700045
10339,339.729023
10340,339.758174
10341,339.787508
10342,339.817029
10343,339.846734
10344,339.876602
10345,339.906597
10346,339.936653
10347,339.966671
10348,339.996501
10349,340.025931
10350,340.054666
10351,340.082298
10352,340.108276
10353,340.131868
10354,340.152547
10355,340.169925
10356,340.183715
10357,340.193707
10358,340.199743
10359,340.201711
10360,340.199531
10361,340.193149
10362,340.182537
10363,340.167685
10364,340.148603
10365,340.125325
10366,340.097914
10367,340.066466
10368,338.789073
10369,338.813354
10370,338.837787
10371,338.862376
10372,338.887127
10373,338.912044
10374,338.937129
10375,338.962388
10376,338.987820
10377,339.013427
10378,339.039210
10379,339.065168
10380,339.091297
10381,339.117595
10382,339.144058
10383,339.170678
10384,339.197448
10385,339.224361
10386,339.251406
10387,339.278574
10388,339.305854
10389,339.333234
10390,339.360705
10391,339.388258
10392,339.415884
10393,339.443577
10394,339.471332
10395,339.499148
10396,339.527026
10397,339.554971
10398,339.582988
10399,339.611088
10400,339.639284
10401,339.667589
10402,339.696020
10403,339.724593
10404,339.753320
10405,339.782213
10406,339.811275
10407,339.840501
10408,339.869868
10409,339.899338
10410,339.928843
10411,339.958280
10412,339.987502
10413,340.016299
10414,340.044383
10415,340.071364
10416,340.096711
10417,340.119721
10418,340.139887
10419,340.156835
10420,340.170284
10421,340.180025
10422,340.185900
10423,340.187793
10424,340.185623
10425,340.179333
10426,340.168893
10427,340.154291
10428,340.135539
10429,340.112670
10430,340.085748
10431,340.054867
10432,338.788852
10433,338.813121
10434,338.837543
10435,338.862122
10436,338.886864
10437,338.911772
10438,338.936850
10439,338.962100
10440,338.987525
10441,339.013124
10442,339.038899
10443,339.064846
10444,339.090963
10445,339.117246
10446,339.143688
10447,339.170282
10448,339.197020
10449,339.223890
10450,339.250882
10451,339.277982
10452,339.305178
10453,339.332458
10454,339.359807
10455,339.387215
10456,339.414672
10457,339.442170
10458,339.469703
10459,339.497269
10460,339.524868
10461,339.552505
10462,339.580186
10463,339.607922
10464,339.635727
10465,339.663615
10466,339.691603
10467,339.719707
10468,339.747940
10469,339.776314
10470,339.804830
10471,339.833481
10472,339.862243
10473,339.891075
10474,339.919905
10475,339.948630
10476,339.977100
10477,340.005108
10478,340.032375
10479,340.058529
10480,340.083070
10481,340.105334
10482,340.124842
10483,340.141236
10484,340.154242
10485,340.163649
10486,340.169301
10487,340.171077
10488,340.168893
10489,340.162691
10490,340.152437
10491,340.138119
10492,340.119750
10493,340.097363
10494,340.071022
10495,340.040824
10496,338.788534
10497,338.812787
10498,338.837193
10499,338.861758
10500,338.886485
10501,338.911381
10502,338.936446
10503,338.961686
10504,338.987100
10505,339.012689
10506,339.038454
10507,339.064390
10508,339.090496
10509,339.116764
10510,339.143189
10511,339.169761
10512,339.196470
10513,339.223303
10514,339.250246
10515,339.277284
10516,339.304402
10517,339.331584
10518,339.358814
10519,339.386078
10520,339.413364
10521,339.440661
10522,339.467963
10523,339.495265
10524,339.522568
10525,339.549874
10526,339.577191
10527,339.604529
10528,339.631902
10529,339.659326
10530,339.686817
10531,339.714392
10532,339.742065
10533,339.769846
10534,339.797736
10535,339.825727
10536,339.853793
10537,339.881888
10538,339.909939
10539,339.937840
10540,339.965437
10541,339.992528
10542,340.018839
10543,340.044015
10544,340.067593
10545,340.088972
10546,340.107704
10547,340.123445
10548,340.135927
10549,340.144938
10550,340.150319
10551,340.151947
10552,340.149733
10553,340.143617
10554,340.133564
10555,340.119561
10556,340.101620
10557,340.079778
10558,340.054099
10559,340.024682
10560,338.788120
10561,338.812351
10562,338.836736
10563,338.861280
10564,338.885989
10565,338.910867
10566,338.935917
10567,338.961142
10568,338.986543
10569,339.012120
10570,339.037873
10571,339.063799
10572,339.089893
10573,339.116150
10574,339.142560
10575,339.169114
10576,339.195799
10577,339.222601
10578,339.249502
10579,339.276485
10580,339.303531
10581,339.330621
10582,339.357735
10583,339.384858
10584,339.411972
10585,339.439065
10586,339.466127
10587,339.493154
10588,339.520142
10589,339.547096
10590,339.574020
10591,339.600927
10592,339.627830
10593,339.654744
10594,339.681688
10595,339.708677
10596,339.735728
10597,339.762849
10598,339.790043
10599,339.817298
10600,339.844588
10601,339.871865
10602,339.899053
10603,339.926042
10604,339.952679
10605,339.978759
10606,340.004014
10607,340.028103
10608,340.050601
10609,340.070995
10610,340.088871
10611,340.103894
10612,340.115798
10613,340.124372
10614,340.129451
10615,340.130911
10616,340.128659
10617,340.122633
10618,340.112796
10619,340.099135
10620,340.081662
10621,340.060415
10622,340.035462
10623,340.006902
10624,338.787606
10625,338.811809
10626,338.836168
10627,338.860687
10628,338.885373
10629,338.910229
10630,338.935258
10631,338.960465
10632,338.985849
10633,339.011412
10634,339.037152
10635,339.063067
10636,339.089151
10637,339.115398
10638,339.141798
10639,339.168339
10640,339.195006
10641,339.221783
10642,339.248650
10643,339.275586
10644,339.302568
10645,339.329574
10646,339.356579
10647,339.383563
10648,339.410506
10649,339.437392
10650,339.464209
10651,339.490948
10652,339.517607
10653,339.544187
10654,339.570693
10655,339.597137
10656,339.623531
10657,339.649893
10658,339.676241
10659,339.702593
10660,339.728964
10661,339.755365
10662,339.781798
10663,339.808253
10664,339.834702
10665,339.861096
10666,339.887358
10667,339.913376
10668,339.938996
10669,339.964015
10670,339.988170
10671,340.011137
10672,340.032527
10673,340.051910
10674,340.068901
10675,340.083181
10676,340.094484
10677,340.102602
10678,340.107367
10679,340.108652
10680,340.106362
10681,340.100434
10682,340.090828
10683,340.077532
10684,340.060558
10685,340.039945
10686,340.015762
10687,339.988111
10688,338.786990
10689,338.811160
10690,338.835487
10691,338.859976
10692,338.884633
10693,338.909462
10694,338.934466
10695,338.959650
10696,338.985015
10697,339.010560
10698,339.036286
10699,339.062189
10700,339.088264
10701,339.114503
10702,339.140895
10703,339.167428
10704,339.194085
10705,339.220846
10706,339.247688
10707,339.274587
10708,339.301515
10709,339.328445
10710,339.355349
10711,339.382200
10712,339.408975
10713,339.435653
10714,339.462219
10715,339.488662
10716,339.514976
10717,339.541162
10718,339.567225
10719,339.593175
10720,339.619025
10721,339.644795
10722,339.670501
10723,339.696166
10724,339.721805
10725,339.747431
10726,339.773049
10727,339.798648
10728,339.824204
10729,339.849666
10730,339.874959
10731,339.899972
10732,339.924551
10733,339.948497
10734,339.971560
10735,339.993431
10736,340.013756
10737,340.032158
10738,340.048286
10739,340.061832
10740,340.072543
10741,340.080208
10742,340.084662
10743,340.085777
10744,340.083458
10745,340.077639
10746,340.068279
10747,340.055367
10748,340.038915
10749,340.018962
10750,339.995578
10751,339.968864
10752,338.786272
10753,338.810403
10754,338.834692
10755,338.859144
10756,338.883766
10757,338.908562
10758,338.933537
10759,338.958693
10760,338.984033
10761,339.009558
10762,339.035267
10763,339.061157
10764,339.087222
10765,339.113455
10766,339.139843
10767,339.166374
10768,339.193027
10769,339.219780
10770,339.246608
10771,339.273481
10772,339.300367
10773,339.327233
10774,339.354045
10775,339.380771
10776,339.407382
10777,339.433853
10778,339.460164
10779,339.486302
10780,339.512259
10781,339.538033
10782,339.563629
10783,339.589056
10784,339.614329
10785,339.639466
10786,339.664490
10787,339.689421
10788,339.714279
10789,339.739082
10790,339.763835
10791,339.788533
10792,339.813153
10793,339.837648
10794,339.861946
10795,339.885939
10796,339.909478
10797,339.932371
10798,339.954380
10799,339.975215
10800,339.994549
10801,340.012037
10802,340.027352
10803,340.040205
10804,340.050349
10805,340.057584
10806,340.061745
10807,340.062706
10808,340.060371
10809,340.054675
10810,340.045578
10811,340.033066
10812,340.017153
10813,339.997876
10814,339.975305
10815,339.949537
10816,338.785448
10817,338.809534
10818,338.833779
10819,338.858189
10820,338.882770
10821,338.907527
10822,338.932465
10823,338.957587
10824,338.982898
10825,339.008397
10826,339.034086
10827,339.059960
10828,339.086014
10829,339.112242
10830,339.138629
10831,339.165162
10832,339.191818
10833,339.218573
10834,339.245398
10835,339.272257
10836,339.299115
10837,339.325930
10838,339.352662
10839,339.379272
10840,339.405725
10841,339.431991
10842,339.458046
10843,339.483872
10844,339.509459
10845,339.534804
10846,339.559910
10847,339.584787
10848,339.609451
10849,339.633920
10850,339.658220
10851,339.682374
10852,339.706407
10853,339.730340
10854,339.754186
10855,339.777943
10856,339.801594
10857,339.825098
10858,339.848388
10859,339.871360
10860,339.893875
10861,339.915752
10862,339.936763
10863,339.956638
10864,339.975067
10865,339.991720
10866,340.006290
10867,340.018502
10868,340.028124
10869,340.034961
10870,340.038855
10871,340.039684
10872,340.037353
10873,340.031797
10874,340.022978
10875,340.010881
10876,339.995519
10877,339.976928
10878,339.955174
10879,339.930352
10880,338.784517
10881,338.808551
10882,338.832746
10883,338.857106
10884,338.881638
10885,338.906349
10886,338.931243
10887,338.956326
10888,338.981600
10889,339.007068
10890,339.032731
10891,339.058585
10892,339.084627
10893,339.110848
10894,339.137236
10895,339.163774
10896,339.190440
10897,339.217206
10898,339.244039
10899,339.270898
10900,339.297741
10901,339.324520
10902,339.351186
10903,339.377691
10904,339.403995
10905,339.430059
10906,339.455856
10907,339.481364
10908,339.506571
10909,339.531471
10910,339.556067
10911,339.580368
10912,339.604392
10913,339.628159
10914,339.651696
10915,339.675033
10916,339.698199
10917,339.721221
10918,339.744119
10919,339.766901
10920,339.789556
10921,339.812052
10922,339.834326
10923,339.856286
10924,339.877801
10925,339.898701
10926,339.918774
10927,339.937764
10928,339.955373
10929,339.971273
10930,339.985167
10931,339.996797
10932,340.005944
10933,340.012422
10934,340.016082
10935,340.016805
10936,340.014500
10937,340.009103
10938,340.000578
10939,339.988909
10940,339.974107
10941,339.956208
10942,339.935273
10943,339.911392
10944,338.783477
10945,338.807454
10946,338.831590
10947,338.855893
10948,338.880369
10949,338.905025
10950,338.929867
10951,338.954901
10952,338.980131
10953,339.005560
10954,339.031189
10955,339.057018
10956,339.083042
10957,339.109254
10958,339.135642
10959,339.162188
10960,339.188868
10961,339.215653
10962,339.242504
10963,339.269378
10964,339.296222
10965,339.322980
10966,339.349594
10967,339.376007
10968,339.402169
10969,339.428036
10970,339.453575
10971,339.478760
10972,339.503576
10973,339.528016
10974,339.552082
10975,339.575784
10976,339.599140
10977,339.622172
10978,339.644912
10979,339.667393
10980,339.689651
10981,339.711723
10982,339.733638
10983,339.755414
10984,339.777050
10985,339.798523
10986,339.819780
10987,339.840738
10988,339.861277
10989,339.881238
10990,339.900423
10991,339.918589
10992,339.935448
10993,339.950660
10994,339.963939
10995,339.975042
10996,339.983760
10997,339.989920
10998,339.993379
10999,339.994023
11000,339.991767
11001,339.986549
11002,339.978333
11003,339.967104
11004,339.952872
11005,339.935670
11006,339.915554
11007,339.892609
11008,338.782327
11009,338.806239
11010,338.830310
11011,338.854547
11012,338.878958
11013,338.903550
11014,338.928330
11015,338.953305
11016,338.978479
11017,339.003859
11018,339.029446
11019,339.055241
11020,339.081241
11021,339.107438
11022,339.133822
11023,339.160374
11024,339.187071
11025,339.213880
11026,339.240759
11027,339.267659
11028,339.294519
11029,339.321273
11030,339.347850
11031,339.374184
11032,339.400212
11033,339.425886
11034,339.451165
11035,339.476022
11036,339.500437
11037,339.524404
11038,339.547923
11039,339.571004
11040,339.593666
11041,339.615934
11042,339.637843
11043,339.659432
11044,339.680745
11045,339.701830
11046,339.722728
11047,339.743469
11048,339.764066
11049,339.784505
11050,339.804745
11051,339.824711
11052,339.844293
11053,339.863346
11054,339.881680
11055,339.899062
11056,339.915210
11057,339.929780
11058,339.942492
11059,339.953113
11060,339.961444
11061,339.967321
11062,339.970610
11063,339.971203
11064,339.969019
11065,339.964000
11066,339.956109
11067,339.945334
11068,339.931681
11069,339.915181
11070,339.895887
11071,339.873878
11072,338.781067
11073,338.804907
11074,338.828904
11075,338.853067
11076,338.877402
11077,338.901919
11078,338.926625
11079,338.951528
11080,338.976636
11081,339.001954
11082,339.027487
11083,339.053236
11084,339.079200
11085,339.105374
11086,339.131746
11087,339.158300
11088,339.185011
11089,339.211845
11090,339.238758
11091,339.265693
11092,339.292583
11093,339.319348
11094,339.345903
11095,339.372167
11096,339.398069
11097,339.423552
11098,339.448569
11099,339.473091
11100,339.497096
11101,339.520576
11102,339.543532
11103,339.565972
11104,339.587918
11105,339.609396
11106,339.630444
11107,339.651109
11108,339.671443
11109,339.691505
11110,339.711354
11111,339.731035
11112,339.750575
11113,339.769972
11114,339.789194
11115,339.808176
11116,339.826819
11117,339.844984
11118,339.862493
11119,339.879119
11120,339.894584
11121,339.908544
11122,339.920724
11123,339.930898
11124,339.938876
11125,339.944502
11126,339.947650
11127,339.948218
11128,339.946128
11129,339.941326
11130,339.933777
11131,339.923467
11132,339.910405
11133,339.894616
11134,339.876150
11135,339.855082
11136,338.779696
11137,338.803457
11138,338.827372
11139,338.851450
11140,338.875699
11141,338.900128
11142,338.924746
11143,338.949564
11144,338.974590
11145,338.999831
11146,339.025293
11147,339.050981
11148,339.076895
11149,339.103031
11150,339.129379
11151,339.155925
11152,339.182642
11153,339.209497
11154,339.236443
11155,339.263418
11156,339.290346
11157,339.317134
11158,339.343678
11159,339.369880
11160,339.395658
11161,339.420947
11162,339.445699
11163,339.469878
11164,339.493463
11165,339.516443
11166,339.538820
11167,339.560603
11168,339.581813
11169,339.602480
11170,339.622644
11171,339.642357
11172,339.661681
11173,339.680690
11174,339.699462
11175,339.718062
11176,339.736532
11177,339.754880
11178,339.773086
11179,339.791093
11180,339.808808
11181,339.826103
11182,339.842805
11183,339.858695
11184,339.873496
11185,339.886868
11186,339.898542
11187,339.908296
11188,339.915949
11189,339.921351
11190,339.924382
11191,339.924946
11192,339.922971
11193,339.918404
11194,339.911212
11195,339.901384
11196,339.888924
11197,339.873858
11198,339.856231
11199,339.836113
11200,338.778219
11201,338.801892
11202,338.825716
11203,338.849697
11204,338.873846
11205,338.898173
11206,338.922689
11207,338.947404
11208,338.972330
11209,338.997475
11210,339.022849
11211,339.048456
11212,339.074300
11213,339.100379
11214,339.126685
11215,339.153204
11216,339.179913
11217,339.206776
11218,339.233745
11219,339.260756
11220,339.287723
11221,339.314538
11222,339.341074
11223,339.367213
11224,339.392863
11225,339.417951
11226,339.442426
11227,339.466251
11228,339.489404
11229,339.511873
11230,339.533659
11231,339.554772
11232,339.575232
11233,339.595072
11234,339.614335
11235,339.633077
11236,339.651370
11237,339.669302
11238,339.686976
11239,339.704481
11240,339.721873
11241,339.739173
11242,339.756367
11243,339.773406
11244,339.790207
11245,339.806644
11246,339.822554
11247,339.837720
11248,339.851873
11249,339.864675
11250,339.875862
11251,339.885217
11252,339.892564
11253,339.897763
11254,339.900698
11255,339.901278
11256,339.899435
11257,339.895120
11258,339.888302
11259,339.878970
11260,339.867127
11261,339.852797
11262,339.836023
11263,339.816870
11264,338.776636
11265,338.800215
11266,338.823937
11267,338.847810
11268,338.871845
11269,338.896054
11270,338.920449
11271,338.945042
11272,338.969847
11273,338.994874
11274,339.020135
11275,339.045638
11276,339.071388
11277,339.097385
11278,339.123624
11279,339.150093
11280,339.176768
11281,339.203616
11282,339.230587
11283,339.257613
11284,339.284603
11285,339.311437
11286,339.337954
11287,339.364015
11288,339.389520
11289,339.414391
11290,339.438575
11291,339.462032
11292,339.484738
11293,339.506684
11294,339.527867
11295,339.548299
11296,339.568002
11297,339.587009
11298,339.605364
11299,339.623130
11300,339.640384
11301,339.657228
11302,339.673798
11303,339.690208
11304,339.706526
11305,339.722784
11306,339.738976
11307,339.755059
11308,339.770955
11309,339.786547
11310,339.801675
11311,339.816130
11312,339.829645
11313,339.841889
11314,339.852601
11315,339.861572
11316,339.868631
11317,339.873642
11318,339.876497
11319,339.877109
11320,339.875414
11321,339.871367
11322,339.864939
11323,339.856118
11324,339.844908
11325,339.831332
11326,339.815428
11327,339.797259
11328,338.774955
11329,338.798431
11330,338.822040
11331,338.845792
11332,338.869698
11333,338.893771
11334,338.918024
11335,338.942473
11336,338.967132
11337,338.992016
11338,339.017137
11339,339.042506
11340,339.068132
11341,339.094017
11342,339.120157
11343,339.146542
11344,339.173151
11345,339.199950
11346,339.226887
11347,339.253891
11348,339.280864
11349,339.307670
11350,339.334128
11351,339.360077
11352,339.385408
11353,339.410036
11354,339.433906
11355,339.456976
11356,339.479221
11357,339.500630
11358,339.521202
11359,339.540948
11360,339.559891
11361,339.578065
11362,339.595518
11363,339.612317
11364,339.628548
11365,339.644327
11366,339.659815
11367,339.675148
11368,339.690411
11369,339.705643
11370,339.720847
11371,339.735988
11372,339.750992
11373,339.765750
11374,339.780107
11375,339.793859
11376,339.806745
11377,339.818439
11378,339.828686
11379,339.837283
11380,339.844064
11381,339.848900
11382,339.851687
11383,339.852345
11384,339.850812
11385,339.847047
11386,339.841023
11387,339.832729
11388,339.822170
11389,339.809366
11390,339.794354
11391,339.777192
11392,338.773184
11393,338.796549
11394,338.820034
11395,338.843650
11396,338.867409
11397,338.891325
11398,338.915414
11399,338.939693
11400,338.964179
11401,338.988889
11402,339.013838
11403,339.039041
11404,339.064508
11405,339.090243
11406,339.116246
11407,339.142507
11408,339.169007
11409,339.195711
11410,339.222567
11411,339.249498
11412,339.276398
11413,339.303120
11414,339.329463
11415,339.355254
11416,339.380369
11417,339.404722
11418,339.428249
11419,339.450909
11420,339.472675
11421,339.493535
11422,339.513488
11423,339.532546
11424,339.550732
11425,339.568082
11426,339.584648
11427,339.600501
11428,339.615737
11429,339.630486
11430,339.644928
11431,339.659217
11432,339.673451
11433,339.687682
11434,339.701919
11435,339.716134
11436,339.730262
11437,339.744198
11438,339.757792
11439,339.770847
11440,339.783110
11441,339.794260
11442,339.804048
11443,339.812276
11444,339.818787
11445,339.823456
11446,339.826185
11447,339.826898
11448,339.825540
11449,339.822069
11450,339.816463
11451,339.808713
11452,339.798822
11453,339.786811
11454,339.772714
11455,339.756586
11456,338.771333
11457,338.794579
11458,338.817929
11459,338.841393
11460,338.864986
11461,338.888723
11462,338.912622
11463,338.936702
11464,338.960983
11465,338.985486
11466,339.010228
11467,339.035225
11468,339.060492
11469,339.086035
11470,339.111855
11471,339.137946
11472,339.164286
11473,339.190843
11474,339.217560
11475,339.244358
11476,339.271122
11477,339.297695
11478,339.323862
11479,339.349439
11480,339.374292
11481,339.398328
11482,339.421481
11483,339.443705
11484,339.464973
11485,339.485272
11486,339.504600
11487,339.522969
11488,339.540405
11489,339.556945
11490,339.572645
11491,339.587582
11492,339.601859
11493,339.615619
11494,339.629056
11495,339.642339
11496,339.655580
11497,339.668839
11498,339.682134
11499,339.695445
11500,339.708713
11501,339.721837
11502,339.734678
11503,339.747043
11504,339.758685
11505,339.769293
11506,339.778625
11507,339.786488
11508,339.792732
11509,339.797240
11510,339.799917
11511,339.800693
11512,339.799517
11513,339.796352
11514,339.791177
11515,339.783985
11516,339.774781
11517,339.763585
11518,339.750429
11519,339.735365
11520,338.769419
11521,338.792537
11522,338.815739
11523,338.839035
11524,338.862440
11525,338.885973
11526,338.909653
11527,338.933502
11528,338.957544
11529,338.981801
11530,339.006295
11531,339.031044
11532,339.056065
11533,339.081368
11534,339.106956
11535,339.132821
11536,339.158946
11537,339.185295
11538,339.211811
11539,339.238410
11540,339.264970
11541,339.291325
11542,339.317252
11543,339.342556
11544,339.367096
11545,339.390772
11546,339.413514
11547,339.435275
11548,339.456024
11549,339.475748
11550,339.494446
11551,339.512130
11552,339.528826
11553,339.544574
11554,339.559434
11555,339.573487
11556,339.586845
11557,339.599660
11558,339.612136
11559,339.624456
11560,339.636742
11561,339.649063
11562,339.661446
11563,339.673876
11564,339.686300
11565,339.698627
11566,339.710721
11567,339.722400
11568,339.733424
11569,339.743491
11570,339.752365
11571,339.759863
11572,339.765842
11573,339.770189
11574,339.772817
11575,339.773662
11576,339.772675
11577,339.769824
11578,339.765091
11579,339.758472
11580,339.749974
11581,339.739614
11582,339.727427
11583,339.713459
11584,338.767461
11585,338.790443
11586,338.813484
11587,338.836593
11588,338.859787
11589,338.883087
11590,338.906516
11591,338.930099
11592,338.953862
11593,338.977832
11594,339.002033
11595,339.026487
11596,339.051213
11597,339.076223
11598,339.101521
11599,339.127104
11600,339.152951
11601,339.179028
11602,339.205276
11603,339.231605
11604,339.257891
11605,339.283960
11606,339.309580
11607,339.334550
11608,339.358722
11609,339.381993
11610,339.404287
11611,339.425554
11612,339.445764
11613,339.464901
11614,339.482965
11615,339.499967
11616,339.515935
11617,339.530912
11618,339.544960
11619,339.558165
11620,339.570644
11621,339.582558
11622,339.594121
11623,339.605523
11624,339.616895
11625,339.628316
11626,339.639817
11627,339.651391
11628,339.662991
11629,339.674533
11630,339.685889
11631,339.696885
11632,339.707291
11633,339.716814
11634,339.725228
11635,339.732359
11636,339.738070
11637,339.742257
11638,339.744837
11639,339.745752
11640,339.744958
11641,339.742427
11642,339.738146
11643,339.732112
11644,339.724335
11645,339.714835
11646,339.703645
11647,339.690808
11648,338.765483
11649,338.788323
11650,338.811187
11651,338.834089
11652,338.857046
11653,338.880082
11654,338.903224
11655,338.926501
11656,338.949943
11657,338.973580
11658,338.997439
11659,339.021547
11660,339.045923
11661,339.070582
11662,339.095533
11663,339.120769
11664,339.146274
11665,339.172011
11666,339.197920
11667,339.223908
11668,339.249848
11669,339.275559
11670,339.300806
11671,339.325380
11672,339.349131
11673,339.371948
11674,339.393755
11675,339.414499
11676,339.434148
11677,339.452686
11678,339.470112
11679,339.486438
11680,339.501692
11681,339.515920
11682,339.529185
11683,339.541578
11684,339.553222
11685,339.564281
11686,339.574977
11687,339.585508
11688,339.596010
11689,339.606569
11690,339.617222
11691,339.627968
11692,339.638765
11693,339.649536
11694,339.660162
11695,339.670477
11696,339.680263
11697,339.689238
11698,339.697188
11699,339.703947
11700,339.709388
11701,339.713411
11702,339.715942
11703,339.716926
11704,339.716326
11705,339.714119
11706,339.710295
11707,339.704856
11708,339.697816
11709,339.689196
11710,339.679029
11711,339.667360
11712,338.763519
11713,338.786208
11714,338.808881
11715,338.831552
11716,338.854242
11717,338.876979
11718,338.899795
11719,338.922723
11720,338.945796
11721,338.969050
11722,338.992515
11723,339.016219
11724,339.040188
11725,339.064437
11726,339.088976
11727,339.113801
11728,339.138895
11729,339.164221
11730,339.189718
11731,339.215293
11732,339.240814
11733,339.266097
11734,339.290903
11735,339.315020
11736,339.338293
11737,339.360610
11738,339.381890
11739,339.402081
11740,339.421148
11741,339.439074
11742,339.455859
11743,339.471514
11744,339.486070
11745,339.499572
11746,339.512085
11747,339.523705
11748,339.534555
11749,339.544806
11750,339.554684
11751,339.564391
11752,339.574069
11753,339.583807
11754,339.593649
11755,339.603597
11756,339.613615
11757,339.623631
11758,339.633534
11759,339.643171
11760,339.652335
11761,339.660757
11762,339.668237
11763,339.674620
11764,339.679785
11765,339.683640
11766,339.686119
11767,339.687170
11768,339.686762
11769,339.684877
11770,339.681512
11771,339.676673
11772,339.670380
11773,339.662658
11774,339.653542
11775,339.643077
11776,338.761607
11777,338.784139
11778,338.806604
11779,338.829017
11780,338.851407
11781,338.873806
11782,338.896250
11783,338.918780
11784,338.941434
11785,338.964250
11786,338.987263
11787,339.010507
11788,339.034006
11789,339.057781
11790,339.081842
11791,339.106186
11792,339.130799
11793,339.155642
11794,339.180654
11795,339.205742
11796,339.230770
11797,339.255555
11798,339.279853
11799,339.303451
11800,339.326191
11801,339.347959
11802,339.368674
11803,339.388280
11804,339.406744
11805,339.424047
11806,339.440188
11807,339.455180
11808,339.469053
11809,339.481852
11810,339.493647
11811,339.504530
11812,339.514632
11813,339.524122
11814,339.533231
11815,339.542163
11816,339.551065
11817,339.560028
11818,339.569098
11819,339.578281
11820,339.587546
11821,339.596826
11822,339.606019
11823,339.614980
11824,339.623519
11825,339.631384
11826,339.638390
11827,339.644391
11828,339.649276
11829,339.652960
11830,339.655380
11831,339.656493
11832,339.656271
11833,339.654704
11834,339.651794
11835,339.647556
11836,339.642014
11837,339.635202
11838,339.627160
11839,339.617933
11840,338.759800
11841,338.782167
11842,338.804402
11843,338.826528
11844,338.848578
11845,338.870592
11846,338.892616
11847,338.914694
11848,338.936871
11849,338.959191
11850,338.981693
11851,339.004413
11852,339.027378
11853,339.050612
11854,339.074126
11855,339.097921
11856,339.121979
11857,339.146265
11858,339.170718
11859,339.195243
11860,339.219706
11861,339.243921
11862,339.267644
11863,339.290661
11864,339.312813
11865,339.333985
11866,339.354095
11867,339.373087
11868,339.390926
11869,339.407594
11870,339.423090
11871,339.437426
11872,339.450632
11873,339.462755
11874,339.473862
11875,339.484050
11876,339.493447
11877,339.502226
11878,339.510617
11879,339.518826
11880,339.527002
11881,339.535237
11882,339.543580
11883,339.552037
11884,339.560581
11885,339.569150
11886,339.577647
11887,339.585939
11888,339.593853
11889,339.601160
11890,339.607689
11891,339.613307
11892,339.617910
11893,339.621418
11894,339.623775
11895,339.624941
11896,339.624896
11897,339.623636
11898,339.621170
11899,339.617523
11900,339.612729
11901,339.606832
11902,339.599879
11903,339.591922
11904,338.758161
11905,338.780354
11906,338.802335
11907,338.824135
11908,338.845798
11909,338.867376
11910,338.888921
11911,338.910488
11912,338.932127
11913,338.953889
11914,338.975815
11915,338.997945
11916,339.020310
11917,339.042935
11918,339.065832
11919,339.089003
11920,339.112433
11921,339.136088
11922,339.159905
11923,339.183793
11924,339.207616
11925,339.231191
11926,339.254272
11927,339.276647
11928,339.298155
11929,339.318684
11930,339.338150
11931,339.356497
11932,339.373691
11933,339.389713
11934,339.404562
11935,339.418250
11936,339.430807
11937,339.442278
11938,339.452733
11939,339.462265
11940,339.471004
11941,339.479122
11942,339.486848
11943,339.494390
11944,339.501894
11945,339.509454
11946,339.517118
11947,339.524894
11948,339.532757
11949,339.540646
11950,339.548472
11951,339.556110
11952,339.563405
11953,339.570159
11954,339.576217
11955,339.581456
11956,339.585778
11957,339.589109
11958,339.591395
11959,339.592605
11960,339.592722
11961,339.591751
11962,339.589711
11963,339.586636
11964,339.582574
11965,339.577583
11966,339.571726
11967,339.565063
11968,338.756773
11969,338.778780
11970,338.800473
11971,338.821899
11972,338.843118
11973,338.864196
11974,338.885198
11975,338.906188
11976,338.927223
11977,338.948359
11978,338.969642
11979,338.991115
11980,339.012810
11981,339.034755
11982,339.056963
11983,339.079438
11984,339.102166
11985,339.125113
11986,339.148220
11987,339.171394
11988,339.194504
11989,339.217366
11990,339.239738
11991,339.261408
11992,339.282218
11993,339.302056
11994,339.320839
11995,339.338512
11996,339.355040
11997,339.370405
11998,339.384606
11999,339.397655
12000,339.409580
12001,339.420428
12002,339.430264
12003,339.439184
12004,339.447313
12005,339.454822
12006,339.461940
12007,339.468871
12008,339.475761
12009,339.482703
12010,339.489743
12011,339.496890
12012,339.504120
12013,339.511374
12014,339.518567
12015,339.525584
12016,339.532284
12017,339.538506
12018,339.544112
12019,339.548984
12020,339.553032
12021,339.556185
12022,339.558396
12023,339.559636
12024,339.559898
12025,339.559190
12026,339.557544
12027,339.555007
12028,339.551645
12029,339.547534
12030,339.542761
12031,339.537405
12032,338.755745
12033,338.777545
12034,338.798903
12035,338.819891
12036,338.840594
12037,338.861097
12038,338.881482
12039,338.901821
12040,338.922181
12041,338.942620
12042,338.963190
12043,338.983935
12044,339.004890
12045,339.026083
12046,339.047530
12047,339.069235
12048,339.091185
12049,339.113349
12050,339.135669
12051,339.158054
12052,339.180375
12053,339.202453
12054,339.224049
12055,339.244952
12056,339.265009
12057,339.284108
12058,339.302169
12059,339.319137
12060,339.334980
12061,339.349679
12062,339.363231
12063,339.375650
12064,339.386963
12065,339.397214
12066,339.406468
12067,339.414818
12068,339.422387
12069,339.429343
12070,339.435910
12071,339.442292
12072,339.448630
12073,339.455015
12074,339.461492
12075,339.468070
12076,339.474724
12077,339.481399
12078,339.488014
12079,339.494463
12080,339.500622
12081,339.506356
12082,339.511541
12083,339.516069
12084,339.519856
12085,339.522836
12086,339.524966
12087,339.526222
12088,339.526601
12089,339.526123
12090,339.524827
12091,339.522776
12092,339.520056
12093,339.516773
12094,339.513047
12095,339.508994
12096,338.755224
12097,338.776781
12098,338.797728
12099,338.818187
12100,338.838281
12101,338.858122
12102,338.877804
12103,338.897414
12104,338.917021
12105,338.936690
12106,338.956475
12107,338.976420
12108,338.996564
12109,339.016933
12110,339.037547
12111,339.058408
12112,339.079506
12113,339.100811
12114,339.122266
12115,339.143786
12116,339.165245
12117,339.186466
12118,339.207217
12119,339.227291
12120,339.246539
12121,339.264851
12122,339.282152
12123,339.298387
12124,339.313524
12125,339.327546
12126,339.340451
12127,339.352250
12128,339.362969
12129,339.372652
12130,339.381362
12131,339.389187
12132,339.396248
12133,339.402707
12134,339.408786
12135,339.414682
12136,339.420533
12137,339.426427
12138,339.432407
12139,339.438481
12140,339.444625
12141,339.450786
12142,339.456889
12143,339.462837
12144,339.468519
12145,339.473818
12146,339.478624
12147,339.482838
12148,339.486383
12149,339.489197
12150,339.491240
12151,339.492494
12152,339.492960
12153,339.492666
12154,339.491660
12155,339.490022
12156,339.487858
12157,339.485311
12158,339.482552
12159,339.479767
12160,338.755424
12161,338.776654
12162,338.797065
12163,338.816868
12164,338.836237
12165,338.855309
12166,338.874196
12167,338.892988
12168,338.911764
12169,338.930587
12170,338.949512
12171,338.968587
12172,338.987848
12173,339.007323
12174,339.027030
12175,339.046975
12176,339.067147
12177,339.087518
12178,339.108034
12179,339.128612
12180,339.149132
12181,339.169424
12182,339.189261
12183,339.208444
12184,339.226827
12185,339.244307
12186,339.260809
12187,339.276282
12188,339.290695
12189,339.304030
12190,339.316287
12191,339.327476
12192,339.337621
12193,339.346766
12194,339.354969
12195,339.362316
12196,339.368922
12197,339.374945
12198,339.380598
12199,339.386075
12200,339.391507
12201,339.396978
12202,339.402530
12203,339.408169
12204,339.413872
12205,339.419591
12206,339.425253
12207,339.430771
12208,339.436045
12209,339.440968
12210,339.445443
12211,339.449378
12212,339.452702
12213,339.455358
12214,339.457309
12215,339.458540
12216,339.459059
12217,339.458894
12218,339.458104
12219,339.456780
12220,339.455049
12221,339.453092
12222,339.451147
12223,339.449524
12224,338.756683
12225,338.777374
12226,338.797033
12227,338.816003
12228,338.834503
12229,338.852688
12230,338.870677
12231,338.888563
12232,338.906424
12233,338.924324
12234,338.942318
12235,338.960451
12236,338.978760
12237,338.997271
12238,339.016003
12239,339.034960
12240,339.054134
12241,339.073496
12242,339.092998
12243,339.112560
12244,339.132067
12245,339.151357
12246,339.170212
12247,339.188440
12248,339.205905
12249,339.222505
12250,339.238170
12251,339.252853
12252,339.266522
12253,339.279163
12254,339.290772
12255,339.301361
12256,339.310953
12257,339.319588
12258,339.327323
12259,339.334238
12260,339.340444
12261,339.346091
12262,339.351385
12263,339.356509
12264,339.361590
12265,339.366708
12266,339.371902
12267,339.377177
12268,339.382513
12269,339.387862
12270,339.393157
12271,339.398318
12272,339.403250
12273,339.407858
12274,339.412050
12275,339.415744
12276,339.418870
12277,339.421377
12278,339.423231
12279,339.424418
12280,339.424948
12281,339.424852
12282,339.424191
12283,339.423061
12284,339.421601
12285,339.420015
12286,339.418606
12287,339.417859
12288,338.363608
12289,339.449447
12290,338.891460
12291,338.820364
12292,338.355724
12293,339.431904
12294,338.879503
12295,338.809267
12296,337.854184
12297,338.903651
12298,338.364962
12299,338.296470
