0,333.032062
1,333.042316
2,333.056660
3,333.073261
4,333.091646
5,333.111776
6,333.133757
7,333.157746
8,333.183917
9,333.212437
10,333.243448
11,333.277050
12,333.313272
13,333.352038
14,333.393034
15,333.435381
16,333.477131
17,333.515490
18,333.549304
19,333.578075
20,333.601461
21,333.619207
22,333.631145
23,333.637182
24,333.637276
25,333.631427
26,333.619674
27,333.602108
28,333.578895
29,333.550289
30,333.516626
31,333.478403
32,333.436768
33,333.394512
34,333.353577
35,333.314834
36,333.278589
37,333.244909
38,333.213751
39,333.185005
40,333.158511
41,333.134082
42,333.111519
43,333.090623
44,333.071201
45,333.053075
46,333.036082
47,333.020075
48,333.004920
49,332.990500
50,332.976711
51,332.963460
52,332.950661
53,332.938241
54,332.926130
55,332.914265
56,332.902587
57,332.891040
58,332.879572
59,332.868138
60,332.856726
61,332.845436
62,332.834749
63,332.826420
64,333.040420
65,333.051073
66,333.065967
67,333.083211
68,333.102324
69,333.123275
70,333.146189
71,333.171247
72,333.198659
73,333.228642
74,333.261421
75,333.297240
76,333.336406
77,333.379350
78,333.426541
79,333.477686
80,333.529475
81,333.574365
82,333.612271
83,333.643830
84,333.669210
85,333.688354
86,333.701187
87,333.707663
88,333.707761
89,333.701482
90,333.688842
91,333.669886
92,333.644689
93,333.613302
94,333.575555
95,333.530807
96,333.479140
97,333.428093
98,333.380969
99,333.338053
100,333.298868
101,333.262973
102,333.230048
103,333.199836
104,333.172096
105,333.146588
106,333.123077
107,333.101337
108,333.081157
109,333.062341
110,333.044714
111,333.028119
112,333.012416
113,332.997480
114,332.983201
115,332.969481
116,332.956234
117,332.943379
118,332.930848
119,332.918574
120,332.906496
121,332.894558
122,332.882707
123,332.870900
124,332.859130
125,332.847504
126,332.836523
127,332.827993
128,333.051132
129,333.062285
130,333.077888
131,333.095975
132,333.116057
133,333.138122
134,333.162322
135,333.188887
136,333.218089
137,333.250251
138,333.285776
139,333.325268
140,333.369814
141,333.421551
142,333.484206
143,333.561482
144,333.647098
145,333.707993
146,333.753993
147,333.790629
148,333.819545
149,333.841139
150,333.855523
151,333.862754
152,333.862859
153,333.855837
154,333.841658
155,333.820266
156,333.791545
157,333.755094
158,333.709265
159,333.648521
160,333.563036
161,333.485867
162,333.423290
163,333.371591
164,333.327035
165,333.287473
166,333.251807
167,333.219418
168,333.189885
169,333.162863
170,333.138051
171,333.115174
172,333.093986
173,333.074266
174,333.055818
175,333.038469
176,333.022065
177,333.006474
178,332.991576
179,332.977267
180,332.963456
181,332.950059
182,332.937003
183,332.924220
184,332.911648
185,332.899228
186,332.886911
187,332.874655
188,332.862458
189,332.850443
190,332.839136
191,332.830392
192,333.062292
193,333.073964
194,333.090316
195,333.109308
196,333.130445
197,333.153738
198,333.179383
199,333.207670
200,333.238967
201,333.273753
202,333.312735
203,333.357210
204,333.410042
205,333.478061
206,333.576501
207,333.730627
208,333.941310
209,334.032872
210,334.090500
211,334.134510
212,334.168750
213,334.194070
214,334.210810
215,334.219183
216,334.219297
217,334.211150
218,334.194633
219,334.169533
220,334.135505
221,334.091697
222,334.034255
223,333.942852
224,333.732298
225,333.578293
226,333.479947
227,333.411981
228,333.359154
229,333.314623
230,333.275510
231,333.240505
232,333.208881
233,333.180136
234,333.153871
235,333.129747
236,333.107470
237,333.086786
238,333.067472
239,333.049334
240,333.032205
241,333.015937
242,333.000405
243,332.985496
244,332.971111
245,332.957164
246,332.943578
247,332.930282
248,332.917213
249,332.904314
250,332.891534
251,332.878837
252,332.866229
253,332.853843
254,332.842229
255,332.833285
256,333.073266
257,333.085453
258,333.102554
259,333.122460
260,333.144676
261,333.169242
262,333.196402
263,333.226523
264,333.260089
265,333.297784
266,333.340743
267,333.391366
268,333.455825
269,333.551583
270,333.727874
271,334.107130
272,334.855284
273,334.950153
274,335.014897
275,335.069317
276,335.112322
277,335.143933
278,335.164656
279,335.174956
280,335.175083
281,335.165038
282,335.144567
283,335.113206
284,335.070443
285,335.016255
286,334.951719
287,334.857007
288,334.108917
289,333.729809
290,333.553638
291,333.457957
292,333.393523
293,333.342862
294,333.299791
295,333.261893
296,333.228012
297,333.197440
298,333.169660
299,333.144254
300,333.120874
301,333.099224
302,333.079051
303,333.060139
304,333.042302
305,333.025380
306,333.009236
307,332.993749
308,332.978815
309,332.964343
310,332.950251
311,332.936469
312,332.922930
313,332.909578
314,332.896364
315,332.883257
316,332.870267
317,332.857539
318,332.845642
319,332.836510
320,333.083817
321,333.096501
322,333.114333
323,333.135138
324,333.158423
325,333.184259
326,333.212947
327,333.244935
328,333.280834
329,333.321550
330,333.368697
331,333.425973
332,333.503836
333,333.636016
334,333.940404
335,334.858012
336,335.052947
337,335.113857
338,335.178572
339,335.234415
340,335.278559
341,335.310966
342,335.332188
343,335.342728
344,335.342857
345,335.332575
346,335.311609
347,335.279456
348,335.235558
349,335.179951
350,335.115447
351,335.054693
352,334.859796
353,333.942475
354,333.638258
355,333.506188
356,333.428377
357,333.371091
358,333.323857
359,333.282962
360,333.246769
361,333.214348
362,333.185052
363,333.158378
364,333.133917
365,333.111330
366,333.090332
367,333.070681
368,333.052173
369,333.034634
370,333.017914
371,333.001887
372,332.986440
373,332.971479
374,332.956917
375,332.942682
376,332.928708
377,332.914937
378,332.901323
379,332.887837
380,332.874496
381,332.861453
382,332.849291
383,332.839980
384,333.093827
385,333.106985
386,333.125517
387,333.147184
388,333.171500
389,333.198569
390,333.228745
391,333.262559
392,333.300743
393,333.344403
394,333.395539
395,333.458722
396,333.546656
397,333.698823
398,334.044151
399,335.008822
400,335.127413
401,335.192867
402,335.262933
403,335.323032
404,335.370268
405,335.404795
406,335.427340
407,335.438517
408,335.438652
409,335.427742
410,335.405463
411,335.371200
412,335.324223
413,335.264372
414,335.194530
415,335.129243
416,335.010684
417,334.046385
418,333.701277
419,333.549255
420,333.461408
421,333.398248
422,333.347061
423,333.303255
424,333.264810
425,333.230592
426,333.199832
427,333.171942
428,333.146453
429,333.122982
430,333.101210
431,333.080870
432,333.061740
433,333.043631
434,333.026382
435,333.009858
436,332.993941
437,332.978530
438,332.963537
439,332.948887
440,332.934513
441,332.920358
442,332.906377
443,332.892543
444,332.878877
445,332.865540
446,332.853128
447,332.843643
448,333.103218
449,333.116821
450,333.136009
451,333.158486
452,333.183771
453,333.211998
454,333.243574
455,333.279104
456,333.319427
457,333.365810
458,333.420519
459,333.488607
460,333.583688
461,333.746681
462,334.106713
463,335.077545
464,335.193831
465,335.264875
466,335.340756
467,335.405583
468,335.456339
469,335.493323
470,335.517417
471,335.529345
472,335.529485
473,335.517838
474,335.494024
475,335.457318
476,335.406835
477,335.342273
478,335.266634
479,335.195772
480,335.079523
481,334.109132
482,333.749367
483,333.586561
484,333.491608
485,333.423586
486,333.368870
487,333.322385
488,333.281845
489,333.245954
490,333.213832
491,333.184816
492,333.158380
493,333.134099
494,333.111620
495,333.090655
496,333.070962
497,333.052338
498,333.034612
499,333.017640
500,333.001298
501,332.985480
502,332.970098
503,332.955071
504,332.940333
505,332.925827
506,332.911509
507,332.897354
508,332.883387
509,332.869773
510,332.857122
511,332.847467
512,333.111930
513,333.125942
514,333.145730
515,333.168948
516,333.195115
517,333.224395
518,333.257241
519,333.294318
520,333.336556
521,333.385344
522,333.443122
523,333.515211
524,333.615616
525,333.785751
526,334.155041
527,335.137452
528,335.254755
529,335.330656
530,335.411819
531,335.481114
532,335.535295
533,335.574715
534,335.600363
535,335.613049
536,335.613196
537,335.600805
538,335.575452
539,335.536326
540,335.482437
541,335.413426
542,335.332526
543,335.256824
544,335.139563
545,334.157662
546,333.788689
547,333.618788
548,333.518560
549,333.446588
550,333.388856
551,333.340023
552,333.297625
553,333.260244
554,333.226909
555,333.196891
556,333.169615
557,333.144616
558,333.121515
559,333.100000
560,333.079811
561,333.060734
562,333.042588
563,333.025221
564,333.008503
565,332.992325
566,332.976594
567,332.961229
568,332.946164
569,332.931339
570,332.916713
571,332.902262
572,332.888013
573,332.874137
574,332.861254
575,332.851432
576,333.119909
577,333.134290
578,333.154615
579,333.178489
580,333.205432
581,333.235632
582,333.269578
583,333.307988
584,333.351859
585,333.402668
586,333.462973
587,333.538246
588,333.642696
589,333.818014
590,334.194150
591,335.186923
592,335.305113
593,335.384691
594,335.470002
595,335.542922
596,335.599952
597,335.641437
598,335.668418
599,335.681759
600,335.681913
601,335.668882
602,335.642210
603,335.601036
604,335.544316
605,335.471701
606,335.386675
607,335.307316
608,335.189174
609,334.196983
610,333.821219
611,333.646188
612,333.541971
613,333.466876
614,333.406682
615,333.355897
616,333.311939
617,333.273299
618,333.238938
619,333.208073
620,333.180086
621,333.154482
622,333.130855
623,333.108876
624,333.088269
625,333.068809
626,333.050305
627,333.032599
628,333.015558
629,332.999067
630,332.983031
631,332.967368
632,332.952009
633,332.936898
634,332.921991
635,332.907266
636,332.892753
637,332.878627
638,332.865520
639,332.855532
640,333.127113
641,333.141817
642,333.162606
643,333.187040
644,333.214636
645,333.245601
646,333.280451
647,333.319943
648,333.365124
649,333.417531
650,333.479798
651,333.557488
652,333.664925
653,333.843981
654,334.225060
655,335.225532
656,335.344359
657,335.426545
658,335.514868
659,335.590479
660,335.649668
661,335.692741
662,335.720759
663,335.734612
664,335.734772
665,335.721241
666,335.693546
667,335.650800
668,335.591940
669,335.516654
670,335.428641
671,335.346694
672,335.227921
673,334.228109
674,333.847463
675,333.668755
676,333.561616
677,333.484175
678,333.422095
679,333.369795
680,333.324616
681,333.284987
682,333.249817
683,333.218284
684,333.189737
685,333.163654
686,333.139613
687,333.117265
688,333.096325
689,333.076556
690,333.057763
691,333.039780
692,333.022470
693,333.005716
694,332.989420
695,332.973498
696,332.957882
697,332.942514
698,332.927352
699,332.912375
700,332.897614
701,332.883249
702,332.869922
703,332.859769
704,333.133511
705,333.148489
706,333.169664
707,333.194550
708,333.222664
709,333.254221
710,333.289757
711,333.330056
712,333.376196
713,333.429756
714,333.493414
715,333.572785
716,333.682258
717,333.863820
718,334.248185
719,335.253764
720,335.373009
721,335.456900
722,335.547216
723,335.624637
724,335.685297
725,335.729462
726,335.758199
727,335.772410
728,335.772575
729,335.758697
730,335.730295
731,335.686470
732,335.626157
733,335.549083
734,335.459098
735,335.375467
736,335.256283
737,334.251449
738,333.867584
739,333.686438
740,333.577337
741,333.498296
742,333.434916
743,333.381561
744,333.335529
745,333.295206
746,333.259469
747,333.227466
748,333.198525
749,333.172106
750,333.147770
751,333.125159
752,333.103978
753,333.083983
754,333.064973
755,333.046778
756,333.029257
757,333.012291
758,332.995780
759,332.979641
760,332.963803
761,332.948209
762,332.932817
763,332.917607
764,332.902613
765,332.888017
766,332.874475
767,332.864157
768,333.139083
769,333.154283
770,333.175759
771,333.200986
772,333.229473
773,333.261437
774,333.297429
775,333.338243
776,333.384977
777,333.439231
778,333.503707
779,333.584046
780,333.694669
781,333.877624
782,334.263795
783,335.272162
784,335.391633
785,335.476448
786,335.567851
787,335.646265
788,335.707736
789,335.752510
790,335.781648
791,335.796058
792,335.796227
793,335.782155
794,335.753361
795,335.708940
796,335.647830
797,335.569783
798,335.478735
799,335.394202
800,335.274798
801,334.267265
802,333.881668
803,333.699204
804,333.589035
805,333.509120
806,333.445026
807,333.391093
808,333.344591
809,333.303889
810,333.267842
811,333.235583
812,333.206427
813,333.179823
814,333.155322
815,333.132561
816,333.111238
817,333.091104
818,333.071954
819,333.053615
820,333.035944
821,333.018821
822,333.002143
823,332.985827
824,332.969802
825,332.954012
826,332.938415
827,332.922992
828,332.907777
829,332.892959
830,332.879204
831,332.868720
832,333.143823
833,333.159192
834,333.180884
835,333.206335
836,333.235042
837,333.267225
838,333.303431
839,333.344461
840,333.391415
841,333.445898
842,333.510619
843,333.591226
844,333.702149
845,333.885448
846,334.272049
847,335.281064
848,335.400588
849,335.485610
850,335.577256
851,335.655890
852,335.717539
853,335.762444
854,335.791668
855,335.806121
856,335.806290
857,335.792179
858,335.763304
859,335.718759
860,335.657483
861,335.579233
862,335.487964
863,335.403245
864,335.283795
865,334.275709
866,333.889761
867,333.707035
868,333.596660
869,333.516583
870,333.452362
871,333.398332
872,333.351758
873,333.311001
874,333.274913
875,333.242621
876,333.213438
877,333.186808
878,333.162281
879,333.139488
880,333.118127
881,333.097946
882,333.078738
883,333.060327
884,333.042570
885,333.025345
886,333.008550
887,332.992100
888,332.975925
889,332.959968
890,332.944189
891,332.928570
892,332.913147
893,332.898112
894,332.884145
895,332.873493
896,333.147737
897,333.163223
898,333.185044
899,333.210601
900,333.239378
901,333.271586
902,333.307765
903,333.348706
904,333.395502
905,333.449748
906,333.514140
907,333.594316
908,333.704691
909,333.887298
910,334.272974
911,335.280536
912,335.399941
913,335.484470
914,335.575528
915,335.653616
916,335.714813
917,335.759374
918,335.788367
919,335.802704
920,335.802871
921,335.788873
922,335.760226
923,335.716028
924,335.655213
925,335.577523
926,335.486862
927,335.402656
928,335.283332
929,334.276798
930,333.891858
931,333.709915
932,333.600191
933,333.520662
934,333.456906
935,333.403266
936,333.357020
937,333.316538
938,333.280683
939,333.248588
940,333.219571
941,333.193080
942,333.168669
943,333.145970
944,333.124681
945,333.104550
946,333.085369
947,333.066963
948,333.049187
949,333.031919
950,333.015057
951,332.998516
952,332.982227
953,332.966133
954,332.950196
955,332.934397
956,332.918776
957,332.903529
958,332.889349
959,332.878525
960,333.150849
961,333.166399
962,333.188264
963,333.213812
964,333.242509
965,333.274551
966,333.310462
967,333.351015
968,333.397276
969,333.450815
970,333.514299
971,333.593332
972,333.702290
973,333.883127
974,334.266461
975,335.270360
976,335.389466
977,335.472761
978,335.562361
979,335.639111
980,335.699204
981,335.742935
982,335.771377
983,335.785437
984,335.785598
985,335.771865
986,335.743762
987,335.700390
988,335.640680
989,335.564339
990,335.475151
991,335.392197
992,335.273179
993,334.270410
994,333.887902
995,333.707825
996,333.599631
997,333.521377
998,333.458681
999,333.405922
1000,333.360406
1001,333.320531
1002,333.285184
1003,333.253516
1004,333.224861
1005,333.198679
1006,333.174531
1007,333.152055
1008,333.130952
1009,333.110972
1010,333.091909
1011,333.073588
1012,333.055863
1013,333.038612
1014,333.021736
1015,333.005149
1016,332.988782
1017,332.972582
1018,332.956508
1019,332.940546
1020,332.924735
1021,332.909279
1022,332.894883
1023,332.883881
1024,333.153193
1025,333.168759
1026,333.190586
1027,333.216014
1028,333.244488
1029,333.276181
1030,333.311593
1031,333.351463
1032,333.396820
1033,333.449186
1034,333.511175
1035,333.588330
1036,333.694947
1037,333.872846
1038,334.252272
1039,335.250047
1040,335.368651
1041,335.449882
1042,335.537065
1043,335.611619
1044,335.669925
1045,335.712322
1046,335.739883
1047,335.753501
1048,335.753651
1049,335.740339
1050,335.713100
1051,335.671049
1052,335.613121
1053,335.538978
1054,335.452220
1055,335.371345
1056,335.252838
1057,334.256293
1058,333.877784
1059,333.700750
1060,333.595021
1061,333.518791
1062,333.457761
1063,333.406370
1064,333.361982
1065,333.323041
1066,333.288472
1067,333.257460
1068,333.229362
1069,333.203658
1070,333.179923
1071,333.157804
1072,333.137007
1073,333.117287
1074,333.098437
1075,333.080284
1076,333.062684
1077,333.045516
1078,333.028680
1079,333.012093
1080,332.995687
1081,332.979409
1082,332.963221
1083,332.947109
1084,332.931116
1085,332.915450
1086,332.900833
1087,332.889645
1088,333.154821
1089,333.170356
1090,333.192070
1091,333.217275
1092,333.245392
1093,333.276566
1094,333.311260
1095,333.350170
1096,333.394268
1097,333.445005
1098,333.504909
1099,333.579417
1100,333.682687
1101,333.856324
1102,334.230056
1103,335.218935
1104,335.336798
1105,335.414986
1106,335.498664
1107,335.570089
1108,335.625886
1109,335.666435
1110,335.692785
1111,335.705799
1112,335.705932
1113,335.693192
1114,335.667135
1115,335.626909
1116,335.571475
1117,335.500456
1118,335.417208
1119,335.339389
1120,335.221629
1121,334.234078
1122,333.861358
1123,333.688697
1124,333.586448
1125,333.513027
1126,333.454272
1127,333.404731
1128,333.361855
1129,333.324161
1130,333.290631
1131,333.260496
1132,333.233148
1133,333.208093
1134,333.184924
1135,333.163301
1136,333.142936
1137,333.123589
1138,333.105054
1139,333.087161
1140,333.069765
1141,333.052748
1142,333.036009
1143,333.019470
1144,333.003063
1145,332.986736
1146,332.970455
1147,332.954206
1148,332.938036
1149,332.922157
1150,332.907309
1151,332.895924
1152,333.155794
1153,333.171257
1154,333.192790
1155,333.217680
1156,333.245321
1157,333.275822
1158,333.309604
1159,333.347301
1160,333.389812
1161,333.438486
1162,333.495721
1163,333.566772
1164,333.665553
1165,333.833330
1166,334.199273
1167,335.176537
1168,335.293395
1169,335.367385
1170,335.446357
1171,335.513688
1172,335.566273
1173,335.604491
1174,335.629329
1175,335.641591
1176,335.641701
1177,335.629666
1178,335.605078
1179,335.567149
1180,335.514902
1181,335.447963
1182,335.369419
1183,335.295805
1184,335.179055
1185,334.203208
1186,333.838371
1187,333.671684
1188,333.574070
1189,333.504282
1190,333.448406
1191,333.401175
1192,333.360172
1193,333.324018
1194,333.291772
1195,333.262724
1196,333.236312
1197,333.212076
1198,333.189630
1199,333.168650
1200,333.148854
1201,333.130005
1202,333.111898
1203,333.094362
1204,333.077255
1205,333.060460
1206,333.043880
1207,333.027437
1208,333.011068
1209,332.994723
1210,332.978368
1211,332.961993
1212,332.945648
1213,332.929551
1214,332.914460
1215,332.902862
1216,333.156187
1217,333.171542
1218,333.192836
1219,333.217333
1220,333.244397
1221,333.274097
1222,333.306799
1223,333.343068
1224,333.383704
1225,333.429925
1226,333.483926
1227,333.550651
1228,333.643521
1229,333.803139
1230,334.158373
1231,335.123595
1232,335.239484
1233,335.308095
1234,335.381279
1235,335.443745
1236,335.492609
1237,335.528176
1238,335.551313
1239,335.562732
1240,335.562811
1241,335.551561
1242,335.528620
1243,335.493295
1244,335.444734
1245,335.382636
1246,335.309870
1247,335.241636
1248,335.125859
1249,334.162116
1250,333.808071
1251,333.649662
1252,333.558113
1253,333.492842
1254,333.440432
1255,333.395930
1256,333.357123
1257,333.322768
1258,333.292026
1259,333.264260
1260,333.238964
1261,333.215717
1262,333.194163
1263,333.173989
1264,333.154921
1265,333.136713
1266,333.119159
1267,333.102090
1268,333.085365
1269,333.068870
1270,333.052513
1271,333.036218
1272,333.019927
1273,333.003592
1274,332.987183
1275,332.970693
1276,332.954172
1277,332.937846
1278,332.922494
1279,332.910665
1280,333.156083
1281,333.171301
1282,333.192310
1283,333.216352
1284,333.242759
1285,333.271557
1286,333.303051
1287,333.337724
1288,333.376261
1289,333.419704
1290,333.469953
1291,333.531390
1292,333.616278
1293,333.763085
1294,334.099380
1295,335.059319
1296,335.182328
1297,335.245366
1298,335.312766
1299,335.370548
1300,335.415923
1301,335.449045
1302,335.470628
1303,335.481279
1304,335.481328
1305,335.470784
1306,335.449340
1307,335.416411
1308,335.371297
1309,335.313854
1310,335.246857
1311,335.184194
1312,335.061294
1313,334.102813
1314,333.767766
1315,333.622284
1316,333.538878
1317,333.479103
1318,333.430699
1319,333.389280
1320,333.352932
1321,333.320593
1322,333.291543
1323,333.265236
1324,333.241230
1325,333.219153
1326,333.198682
1327,333.179523
1328,333.161388
1329,333.144005
1330,333.127159
1331,333.110684
1332,333.094446
1333,333.078336
1334,333.062269
1335,333.046177
1336,333.030004
1337,333.013709
1338,332.997264
1339,332.980665
1340,332.963965
1341,332.947398
1342,332.931761
1343,332.919676
1344,333.155574
1345,333.170633
1346,333.191323
1347,333.214867
1348,333.240563
1349,333.268390
1350,333.298591
1351,333.331560
1352,333.367851
1353,333.408294
1354,333.454381
1355,333.509524
1356,333.583306
1357,333.706183
1358,333.982172
1359,334.786928
1360,335.095649
1361,335.158392
1362,335.221763
1363,335.276011
1364,335.318768
1365,335.350073
1366,335.370508
1367,335.380592
1368,335.380612
1369,335.370581
1370,335.350235
1371,335.319076
1372,335.276542
1373,335.222606
1374,335.159621
1375,335.097249
1376,334.788703
1377,333.985160
1378,333.710432
1379,333.588990
1380,333.516861
1381,333.463603
1382,333.419639
1383,333.381555
1384,333.347853
1385,333.317690
1386,333.290486
1387,333.265793
1388,333.243250
1389,333.222551
1390,333.203429
1391,333.185612
1392,333.168766
1393,333.152493
1394,333.136566
1395,333.120843
1396,333.105212
1397,333.089583
1398,333.073881
1399,333.058047
1400,333.042036
1401,333.025810
1402,333.009347
1403,332.992645
1404,332.975760
1405,332.958931
1406,332.942981
1407,332.930610
1408,333.154756
1409,333.169641
1410,333.189992
1411,333.213013
1412,333.237970
1413,333.264795
1414,333.293668
1415,333.324891
1416,333.358884
1417,333.396252
1418,333.438013
1419,333.486319
1420,333.546671
1421,333.634446
1422,333.792348
1423,334.124869
1424,334.774079
1425,334.881513
1426,334.945080
1427,334.996488
1428,335.036861
1429,335.066465
1430,335.085812
1431,335.095352
1432,335.095337
1433,335.085780
1434,335.066456
1435,335.036939
1436,334.996739
1437,334.945604
1438,334.882400
1439,334.775342
1440,334.126241
1441,333.794652
1442,333.638021
1443,333.551797
1444,333.493277
1445,333.447095
1446,333.407758
1447,333.373116
1448,333.342154
1449,333.314264
1450,333.289016
1451,333.266076
1452,333.245185
1453,333.226150
1454,333.208837
1455,333.193074
1456,333.178386
1457,333.163781
1458,333.149102
1459,333.134345
1460,333.119475
1461,333.104439
1462,333.089187
1463,333.073676
1464,333.057872
1465,333.041747
1466,333.025282
1467,333.008480
1468,332.991399
1469,332.974285
1470,332.957983
1471,332.945287
1472,333.153727
1473,333.168433
1474,333.188438
1475,333.210931
1476,333.235147
1477,333.260974
1478,333.288529
1479,333.318031
1480,333.349777
1481,333.384164
1482,333.421801
1483,333.463819
1484,333.512728
1485,333.574478
1486,333.662227
1487,333.797644
1488,333.981927
1489,334.066883
1490,334.119593
1491,334.159209
1492,334.189778
1493,334.212240
1494,334.226963
1495,334.234167
1496,334.233977
1497,334.226410
1498,334.211384
1499,334.188712
1500,334.158061
1501,334.118522
1502,334.066065
1503,333.981544
1504,333.797877
1505,333.663464
1506,333.577062
1507,333.516994
1508,333.470110
1509,333.430472
1510,333.395582
1511,333.364320
1512,333.336091
1513,333.310507
1514,333.287286
1515,333.266224
1516,333.247216
1517,333.230316
1518,333.215809
1519,333.204054
1520,333.194369
1521,333.182717
1522,333.169856
1523,333.156381
1524,333.142484
1525,333.128196
1526,333.113507
1527,333.098401
1528,333.082862
1529,333.066875
1530,333.050428
1531,333.033526
1532,333.016230
1533,332.998790
1534,332.982081
1535,332.969002
1536,333.152586
1537,333.167114
1538,333.186780
1539,333.208758
1540,333.232257
1541,333.257123
1542,333.283418
1543,333.311284
1544,333.340914
1545,333.372544
1546,333.406491
1547,333.443253
1548,333.483766
1549,333.529885
1550,333.584857
1551,333.651949
1552,333.726027
1553,333.779174
1554,333.818894
1555,333.850156
1556,333.874595
1557,333.892666
1558,333.904525
1559,333.910255
1560,333.909911
1561,333.903519
1562,333.891071
1563,333.872527
1564,333.847778
1565,333.816409
1566,333.776818
1567,333.724068
1568,333.650686
1569,333.584647
1570,333.531105
1571,333.486807
1572,333.448521
1573,333.414409
1574,333.383555
1575,333.355481
1576,333.329894
1577,333.306588
1578,333.285423
1579,333.266354
1580,333.249536
1581,333.235605
1582,333.226207
1583,333.224345
1584,333.230899
1585,333.224959
1586,333.214800
1587,333.203110
1588,333.190546
1589,333.177274
1590,333.163349
1591,333.148794
1592,333.133620
1593,333.117831
1594,333.101427
1595,333.084417
1596,333.066860
1597,333.049014
1598,333.031785
1599,333.018215
1600,333.151430
1601,333.165789
1602,333.185134
1603,333.206629
1604,333.229457
1605,333.253428
1606,333.278555
1607,333.304919
1608,333.332627
1609,333.361798
1610,333.392564
1611,333.425088
1612,333.459606
1613,333.496501
1614,333.536237
1615,333.578708
1616,333.621328
1617,333.657917
1618,333.688415
1619,333.713502
1620,333.733445
1621,333.748279
1622,333.757993
1623,333.762584
1624,333.762070
1625,333.756480
1626,333.745855
1627,333.730252
1628,333.709737
1629,333.684324
1630,333.653791
1631,333.617498
1632,333.575542
1633,333.534141
1634,333.495907
1635,333.460972
1636,333.428891
1637,333.399306
1638,333.372002
1639,333.346846
1640,333.323745
1641,333.302635
1642,333.283513
1643,333.266524
1644,333.252255
1645,333.242577
1646,333.242982
1647,333.267670
1648,333.340798
1649,333.341933
1650,333.335168
1651,333.326203
1652,333.315797
1653,333.304188
1654,333.291510
1655,333.277856
1656,333.263287
1657,333.247837
1658,333.231524
1659,333.214365
1660,333.196418
1661,333.177941
1662,333.159882
1663,333.145501
1664,333.150351
1665,333.164557
1666,333.183610
1667,333.204668
1668,333.226892
1669,333.250059
1670,333.274143
1671,333.299172
1672,333.325190
1673,333.352234
1674,333.380324
1675,333.409456
1676,333.439591
1677,333.470642
1678,333.502404
1679,333.534342
1680,333.565222
1681,333.593203
1682,333.617584
1683,333.638098
1684,333.654557
1685,333.666816
1686,333.674778
1687,333.678398
1688,333.677677
1689,333.672649
1690,333.663385
1691,333.649996
1692,333.632641
1693,333.611529
1694,333.586897
1695,333.559062
1696,333.528765
1697,333.497886
1698,333.467689
1699,333.438737
1700,333.411259
1701,333.385367
1702,333.361130
1703,333.338589
1704,333.317775
1705,333.298735
1706,333.281586
1707,333.266682
1708,333.255154
1709,333.250744
1710,333.266361
1711,333.348589
1712,333.384921
1713,333.381627
1714,333.375261
1715,333.366925
1716,333.357033
1717,333.345818
1718,333.333436
1719,333.319996
1720,333.305571
1721,333.290203
1722,333.273915
1723,333.256724
1724,333.238687
1725,333.220061
1726,333.201795
1727,333.187187
1728,333.149436
1729,333.163509
1730,333.182312
1731,333.202993
1732,333.224694
1733,333.247169
1734,333.270355
1735,333.294242
1736,333.318824
1737,333.344082
1738,333.369971
1739,333.396403
1740,333.423238
1741,333.450262
1742,333.477155
1743,333.503432
1744,333.528397
1745,333.551235
1746,333.571377
1747,333.588436
1748,333.602136
1749,333.612286
1750,333.618766
1751,333.621519
1752,333.620541
1753,333.615875
1754,333.607607
1755,333.595877
1756,333.580880
1757,333.562878
1758,333.542210
1759,333.519317
1760,333.494816
1761,333.469563
1762,333.444287
1763,333.419501
1764,333.395552
1765,333.372680
1766,333.351060
1767,333.330820
1768,333.312069
1769,333.294932
1770,333.279624
1771,333.266661
1772,333.257537
1773,333.257004
1774,333.280858
1775,333.382769
1776,333.397326
1777,333.394413
1778,333.388866
1779,333.381240
1780,333.371905
1781,333.361116
1782,333.349055
1783,333.335849
1784,333.321583
1785,333.306308
1786,333.290052
1787,333.272832
1788,333.254705
1789,333.235923
1790,333.217438
1791,333.202578
1792,333.148763
1793,333.162730
1794,333.181331
1795,333.201707
1796,333.222984
1797,333.244894
1798,333.267346
1799,333.290299
1800,333.313711
1801,333.337523
1802,333.361648
1803,333.385959
1804,333.410280
1805,333.434375
1806,333.457934
1807,333.480567
1808,333.501804
1809,333.521153
1810,333.538190
1811,333.552578
1812,333.564060
1813,333.572457
1814,333.577656
1815,333.579606
1816,333.578309
1817,333.573816
1818,333.566227
1819,333.555690
1820,333.542408
1821,333.526646
1822,333.508734
1823,333.489072
1824,333.468139
1825,333.446470
1826,333.424569
1827,333.402856
1828,333.381664
1829,333.361258
1830,333.341844
1831,333.323595
1832,333.306668
1833,333.291244
1834,333.277606
1835,333.266371
1836,333.259208
1837,333.261169
1838,333.288284
1839,333.392039
1840,333.405821
1841,333.403967
1842,333.399547
1843,333.392879
1844,333.384309
1845,333.374117
1846,333.362512
1847,333.349642
1848,333.335608
1849,333.320472
1850,333.304267
1851,333.287013
1852,333.268764
1853,333.249769
1854,333.230984
1855,333.215803
1856,333.148403
1857,333.162296
1858,333.180753
1859,333.200906
1860,333.221869
1861,333.243354
1862,333.265251
1863,333.287491
1864,333.310004
1865,333.332703
1866,333.355473
1867,333.378165
1868,333.400590
1869,333.422518
1870,333.443669
1871,333.463723
1872,333.482329
1873,333.499132
1874,333.513810
1875,333.526091
1876,333.535765
1877,333.542681
1878,333.546746
1879,333.547924
1880,333.546230
1881,333.541725
1882,333.534519
1883,333.524766
1884,333.512667
1885,333.498473
1886,333.482484
1887,333.465043
1888,333.446534
1889,333.427357
1890,333.407898
1891,333.388504
1892,333.369475
1893,333.351063
1894,333.333484
1895,333.316930
1896,333.301588
1897,333.287673
1898,333.275518
1899,333.265799
1900,333.260272
1901,333.264113
1902,333.293480
1903,333.400002
1904,333.414008
1905,333.413218
1906,333.409979
1907,333.404355
1908,333.396645
1909,333.387137
1910,333.376061
1911,333.363587
1912,333.349831
1913,333.334865
1914,333.318728
1915,333.301442
1916,333.283060
1917,333.263828
1918,333.244716
1919,333.229199
1920,333.148417
1921,333.162273
1922,333.180650
1923,333.200672
1924,333.221442
1925,333.242657
1926,333.264189
1927,333.285949
1928,333.307842
1929,333.329758
1930,333.351560
1931,333.373084
1932,333.394134
1933,333.414487
1934,333.433889
1935,333.452068
1936,333.468740
1937,333.483628
1938,333.496477
1939,333.507074
1940,333.515249
1941,333.520884
1942,333.523912
1943,333.524316
1944,333.522127
1945,333.517420
1946,333.510316
1947,333.500974
1948,333.489596
1949,333.476418
1950,333.461715
1951,333.445785
1952,333.428949
1953,333.411533
1954,333.393855
1955,333.376206
1956,333.358853
1957,333.342030
1958,333.325950
1959,333.310812
1960,333.296819
1961,333.284211
1962,333.273346
1963,333.264942
1964,333.260803
1965,333.266183
1966,333.297400
1967,333.406590
1968,333.420819
1969,333.420932
1970,333.418735
1971,333.414064
1972,333.407159
1973,333.398306
1974,333.387748
1975,333.375667
1976,333.362191
1977,333.347402
1978,333.331342
1979,333.314035
1980,333.295535
1981,333.276087
1982,333.256680
1983,333.240867
1984,333.148856
1985,333.162715
1986,333.181083
1987,333.201077
1988,333.221787
1989,333.242901
1990,333.264273
1991,333.285796
1992,333.307357
1993,333.328822
1994,333.350034
1995,333.370812
1996,333.390951
1997,333.410230
1998,333.428411
1999,333.445251
2000,333.460505
2001,333.473947
2002,333.485369
2003,333.494599
2004,333.501505
2005,333.505999
2006,333.508040
2007,333.507631
2008,333.504824
2009,333.499712
2010,333.492428
2011,333.483144
2012,333.472066
2013,333.459425
2014,333.445477
2015,333.430494
2016,333.414755
2017,333.398541
2018,333.382120
2019,333.365748
2020,333.349659
2021,333.334072
2022,333.319189
2023,333.305208
2024,333.292341
2025,333.280839
2026,333.271079
2027,333.263798
2028,333.260836
2029,333.267500
2030,333.300257
2031,333.411716
2032,333.426130
2033,333.426986
2034,333.425668
2035,333.421820
2036,333.415629
2037,333.407369
2038,333.397287
2039,333.385574
2040,333.372367
2041,333.357752
2042,333.341776
2043,333.324464
2044,333.305870
2045,333.286243
2046,333.266587
2047,333.250527
2048,333.149759
2049,333.163665
2050,333.182104
2051,333.202180
2052,333.222977
2053,333.244172
2054,333.265607
2055,333.287158
2056,333.308690
2057,333.330049
2058,333.351052
2059,333.371497
2060,333.391164
2061,333.409822
2062,333.427239
2063,333.443183
2064,333.457439
2065,333.469807
2066,333.480114
2067,333.488220
2068,333.494023
2069,333.497461
2070,333.498517
2071,333.497219
2072,333.493639
2073,333.487892
2074,333.480133
2075,333.470554
2076,333.459371
2077,333.446823
2078,333.433161
2079,333.418639
2080,333.403513
2081,333.388031
2082,333.372431
2083,333.356936
2084,333.341757
2085,333.327092
2086,333.313132
2087,333.300072
2088,333.288121
2089,333.277536
2090,333.268702
2091,333.262370
2092,333.260395
2093,333.268131
2094,333.302163
2095,333.415498
2096,333.430063
2097,333.431530
2098,333.430946
2099,333.427799
2100,333.422226
2101,333.414490
2102,333.404838
2103,333.393464
2104,333.380508
2105,333.366063
2106,333.350176
2107,333.332875
2108,333.314213
2109,333.294445
2110,333.274590
2111,333.258330
2112,333.151151
2113,333.165153
2114,333.183748
2115,333.204029
2116,333.225074
2117,333.246552
2118,333.268294
2119,333.290162
2120,333.312000
2121,333.333625
2122,333.354825
2123,333.375365
2124,333.394996
2125,333.413470
2126,333.430544
2127,333.445992
2128,333.459609
2129,333.471214
2130,333.480658
2131,333.487824
2132,333.492634
2133,333.495050
2134,333.495078
2135,333.492767
2136,333.488216
2137,333.481568
2138,333.473007
2139,333.462755
2140,333.451054
2141,333.438163
2142,333.424340
2143,333.409834
2144,333.394887
2145,333.379725
2146,333.364561
2147,333.349594
2148,333.335009
2149,333.320988
2150,333.307707
2151,333.295349
2152,333.284121
2153,333.274277
2154,333.266204
2155,333.260657
2156,333.259505
2157,333.268128
2158,333.303213
2159,333.418094
2160,333.432784
2161,333.434756
2162,333.434785
2163,333.432232
2164,333.427192
2165,333.419915
2166,333.410646
2167,333.399579
2168,333.386859
2169,333.372577
2170,333.356784
2171,333.339509
2172,333.320807
2173,333.300935
2174,333.280925
2175,333.264509
2176,333.153043
2177,333.167192
2178,333.186036
2179,333.206656
2180,333.228125
2181,333.250110
2182,333.272436
2183,333.294950
2184,333.317474
2185,333.339792
2186,333.361647
2187,333.382754
2188,333.402818
2189,333.421556
2190,333.438706
2191,333.454035
2192,333.467341
2193,333.478454
2194,333.487243
2195,333.493608
2196,333.497490
2197,333.498870
2198,333.497774
2199,333.494275
2200,333.488500
2201,333.480624
2202,333.470873
2203,333.459515
2204,333.446841
2205,333.433147
2206,333.418709
2207,333.403786
2208,333.388609
2209,333.373387
2210,333.358312
2211,333.343556
2212,333.329285
2213,333.315656
2214,333.302831
2215,333.290980
2216,333.280297
2217,333.271033
2218,333.263570
2219,333.258663
2220,333.258185
2221,333.267539
2222,333.303493
2223,333.419649
2224,333.434440
2225,333.436833
2226,333.437376
2227,333.435328
2228,333.430747
2229,333.423872
2230,333.414943
2231,333.404156
2232,333.391654
2233,333.377530
2234,333.361838
2235,333.344604
2236,333.325885
2237,333.305943
2238,333.285821
2239,333.269288
2240,333.155427
2241,333.169778
2242,333.188970
2243,333.210073
2244,333.232163
2245,333.254908
2246,333.278135
2247,333.301683
2248,333.325355
2249,333.348894
2250,333.371975
2251,333.394223
2252,333.415265
2253,333.434765
2254,333.452432
2255,333.468021
2256,333.481331
2257,333.492201
2258,333.500511
2259,333.506176
2260,333.509152
2261,333.509434
2262,333.507065
2263,333.502139
2264,333.494808
2265,333.485284
2266,333.473845
2267,333.460833
2268,333.446631
2269,333.431601
2270,333.416059
2271,333.400270
2272,333.384457
2273,333.368813
2274,333.353500
2275,333.338668
2276,333.324454
2277,333.310992
2278,333.298422
2279,333.286898
2280,333.276601
2281,333.267771
2282,333.260782
2283,333.256384
2284,333.256452
2285,333.266404
2286,333.303071
2287,333.420280
2288,333.435157
2289,333.437901
2290,333.438878
2291,333.437260
2292,333.433076
2293,333.426553
2294,333.417928
2295,333.407395
2296,333.395097
2297,333.381127
2298,333.365539
2299,333.348360
2300,333.329649
2301,333.309668
2302,333.289471
2303,333.272854
2304,333.158274
2305,333.172883
2306,333.192529
2307,333.214272
2308,333.237198
2309,333.260992
2310,333.285497
2311,333.310568
2312,333.336005
2313,333.361511
2314,333.386646
2315,333.410843
2316,333.433571
2317,333.454429
2318,333.473110
2319,333.489365
2320,333.502998
2321,333.513861
2322,333.521847
2323,333.526883
2324,333.528937
2325,333.528012
2326,333.524160
2327,333.517483
2328,333.508149
2329,333.496392
2330,333.482541
2331,333.467060
2332,333.450542
2333,333.433487
2334,333.416255
2335,333.399107
2336,333.382241
2337,333.365814
2338,333.349956
2339,333.334778
2340,333.320387
2341,333.306887
2342,333.294392
2343,333.283036
2344,333.272981
2345,333.264454
2346,333.257819
2347,333.253816
2348,333.254317
2349,333.264753
2350,333.302005
2351,333.420084
2352,333.435031
2353,333.438071
2354,333.439415
2355,333.438165
2356,333.434325
2357,333.428113
2358,333.419761
2359,333.409460
2360,333.397353
2361,333.383534
2362,333.368055
2363,333.350945
2364,333.332262
2365,333.312271
2366,333.292033
2367,333.275363
2368,333.161534
2369,333.176458
2370,333.196664
2371,333.219213
2372,333.243212
2373,333.268389
2374,333.294644
2375,333.321910
2376,333.350071
2377,333.378846
2378,333.407574
2379,333.435138
2380,333.460625
2381,333.483633
2382,333.503924
2383,333.521298
2384,333.535594
2385,333.546686
2386,333.554488
2387,333.558941
2388,333.560019
2389,333.557725
2390,333.552103
2391,333.543241
2392,333.531275
2393,333.516382
2394,333.498849
2395,333.479345
2396,333.459110
2397,333.438954
2398,333.419246
2399,333.400154
2400,333.381783
2401,333.364211
2402,333.347507
2403,333.331734
2404,333.316952
2405,333.303229
2406,333.290650
2407,333.279320
2408,333.269381
2409,333.261042
2410,333.254654
2411,333.250946
2412,333.251785
2413,333.262608
2414,333.300336
2415,333.419133
2416,333.434139
2417,333.437428
2418,333.439086
2419,333.438153
2420,333.434613
2421,333.428676
2422,333.420569
2423,333.410482
2424,333.398557
2425,333.384886
2426,333.369522
2427,333.352493
2428,333.333858
2429,333.313883
2430,333.293633
2431,333.276937
2432,333.165127
2433,333.180420
2434,333.201295
2435,333.224819
2436,333.250151
2437,333.277106
2438,333.305741
2439,333.336258
2440,333.368947
2441,333.403891
2442,333.440029
2443,333.474228
2444,333.504410
2445,333.530719
2446,333.553381
2447,333.572414
2448,333.587749
2449,333.599319
2450,333.607068
2451,333.610959
2452,333.610964
2453,333.607073
2454,333.599294
2455,333.587650
2456,333.572119
2457,333.552520
2458,333.528538
2459,333.501018
2460,333.473826
2461,333.448503
2462,333.425085
2463,333.403288
2464,333.382900
2465,333.363812
2466,333.345976
2467,333.329375
2468,333.314010
2469,333.299903
2470,333.287098
2471,333.275671
2472,333.265739
2473,333.257490
2474,333.251256
2475,333.247758
2476,333.248853
2477,333.259980
2478,333.298094
2479,333.417483
2480,333.432538
2481,333.436038
2482,333.437963
2483,333.437305
2484,333.434028
2485,333.428337
2486,333.420453
2487,333.410566
2488,333.398814
2489,333.385291
2490,333.370047
2491,333.353111
2492,333.334542
2493,333.314608
2494,333.294374
2495,333.277676
2496,333.168946
2497,333.184657
2498,333.206300
2499,333.230969
2500,333.257909
2501,333.287120
2502,333.319039
2503,333.354675
2504,333.395866
2505,333.444795
2506,333.500316
2507,333.550582
2508,333.589309
2509,333.620649
2510,333.646703
2511,333.668084
2512,333.684927
2513,333.697262
2514,333.705092
2515,333.708405
2516,333.707169
2517,333.701336
2518,333.690843
2519,333.675560
2520,333.655063
2521,333.627879
2522,333.590373
2523,333.541740
2524,333.498497
2525,333.463319
2526,333.433980
2527,333.408392
2528,333.385389
2529,333.364404
2530,333.345166
2531,333.327530
2532,333.311416
2533,333.296785
2534,333.283636
2535,333.272008
2536,333.261990
2537,333.253746
2538,333.247592
2539,333.244230
2540,333.245511
2541,333.256874
2542,333.295297
2543,333.415172
2544,333.430268
2545,333.433947
2546,333.436103
2547,333.435683
2548,333.432640
2549,333.427169
2550,333.419491
2551,333.409790
2552,333.398206
2553,333.384830
2554,333.369713
2555,333.352882
2556,333.334397
2557,333.314525
2558,333.294333
2559,333.277656
2560,333.172856
2561,333.189024
2562,333.211520
2563,333.237486
2564,333.266314
2565,333.298345
2566,333.334867
2567,333.379061
2568,333.437974
2569,333.523718
2570,333.642022
2571,333.739581
2572,333.793330
2573,333.831869
2574,333.862751
2575,333.887537
2576,333.906609
2577,333.920133
2578,333.928203
2579,333.930846
2580,333.928016
2581,333.919600
2582,333.905416
2583,333.885138
2584,333.857747
2585,333.818651
2586,333.749024
2587,333.628771
2588,333.541833
2589,333.485648
2590,333.446264
2591,333.415305
2592,333.388989
2593,333.365735
2594,333.344854
2595,333.326009
2596,333.309010
2597,333.293743
2598,333.280156
2599,333.268244
2600,333.258066
2601,333.249759
2602,333.243619
2603,333.240335
2604,333.241745
2605,333.253285
2606,333.291955
2607,333.412228
2608,333.427357
2609,333.431190
2610,333.433544
2611,333.433334
2612,333.430499
2613,333.425228
2614,333.417739
2615,333.408216
2616,333.396795
2617,333.383568
2618,333.368583
2619,333.351870
2620,333.333485
2621,333.313697
2622,333.293570
2623,333.276935
2624,333.176693
2625,333.193343
2626,333.216750
2627,333.244129
2628,333.275087
2629,333.310526
2630,333.353355
2631,333.411729
2632,333.507772
2633,333.694552
2634,334.048008
2635,334.304114
2636,334.369239
2637,334.415709
2638,334.454016
2639,334.484489
2640,334.507358
2641,334.522957
2642,334.531534
2643,334.533185
2644,334.527839
2645,334.515256
2646,334.495073
2647,334.466919
2648,334.430423
2649,334.380863
2650,334.240448
2651,333.830119
2652,333.619069
2653,333.518157
2654,333.462017
2655,333.423676
2656,333.393340
2657,333.367496
2658,333.344788
2659,333.324607
2660,333.306624
2661,333.290641
2662,333.276545
2663,333.264289
2664,333.253893
2665,333.245471
2666,333.239297
2667,333.236042
2668,333.237533
2669,333.249204
2670,333.288068
2671,333.408666
2672,333.423822
2673,333.427785
2674,333.430311
2675,333.430286
2676,333.427637
2677,333.422550
2678,333.415238
2679,333.405884
2680,333.394624
2681,333.381548
2682,333.366703
2683,333.350119
2684,333.331851
2685,333.312167
2686,333.292128
2687,333.275555
2688,333.180277
2689,333.197411
2690,333.221749
2691,333.250592
2692,333.283807
2693,333.323023
2694,333.373489
2695,333.451721
2696,333.612053
2697,334.039598
2698,334.406831
2699,334.513920
2700,334.564550
2701,334.612025
2702,334.652148
2703,334.684007
2704,334.707791
2705,334.723888
2706,334.732592
2707,334.734018
2708,334.728084
2709,334.714519
2710,334.692902
2711,334.662842
2712,334.624505
2713,334.579984
2714,334.516136
2715,334.245490
2716,333.736213
2717,333.558966
2718,333.479835
2719,333.432692
2720,333.397922
2721,333.369318
2722,333.344687
2723,333.323102
2724,333.304081
2725,333.287337
2726,333.272690
2727,333.260049
2728,333.249399
2729,333.240824
2730,333.234577
2731,333.231315
2732,333.232851
2733,333.244614
2734,333.283628
2735,333.404489
2736,333.419669
2737,333.423743
2738,333.426419
2739,333.426557
2740,333.424077
2741,333.419158
2742,333.412013
2743,333.402823
2744,333.391722
2745,333.378799
2746,333.364102
2747,333.347658
2748,333.329524
2749,333.309964
2750,333.290035
2751,333.273543
2752,333.183410
2753,333.201011
2754,333.226251
2755,333.256520
2756,333.291924
2757,333.334727
2758,333.392100
2759,333.486978
2760,333.696475
2761,334.289796
2762,334.506384
2763,334.574996
2764,334.625897
2765,334.675867
2766,334.718119
2767,334.751501
2768,334.776275
2769,334.792914
2770,334.801763
2771,334.802960
2772,334.796412
2773,334.781807
2774,334.758653
2775,334.726468
2776,334.685488
2777,334.639179
2778,334.586026
2779,334.462082
2780,333.815535
2781,333.591931
2782,333.495718
2783,333.441012
2784,333.402086
2785,333.370791
2786,333.344254
2787,333.321266
2788,333.301203
2789,333.283686
2790,333.268476
2791,333.255433
2792,333.244507
2793,333.235757
2794,333.229414
2795,333.226118
2796,333.227670
2797,333.239495
2798,333.278623
2799,333.399696
2800,333.414894
2801,333.419064
2802,333.421869
2803,333.422152
2804,333.419824
2805,333.415061
2806,333.408075
2807,333.399044
2808,333.388102
2809,333.375336
2810,333.360795
2811,333.344504
2812,333.326519
2813,333.307103
2814,333.287306
2815,333.270913
2816,333.185897
2817,333.203921
2818,333.229989
2819,333.261566
2820,333.298928
2821,333.344729
2822,333.407052
2823,333.510886
2824,333.736359
2825,334.343443
2826,334.545990
2827,334.614960
2828,334.669442
2829,334.723003
2830,334.768087
2831,334.803501
2832,334.829612
2833,334.846987
2834,334.856036
2835,334.856920
2836,334.849536
2837,334.833523
2838,334.808304
2839,334.773291
2840,334.728687
2841,334.678379
2842,334.622061
2843,334.505868
2844,333.851545
2845,333.613240
2846,333.507862
2847,333.447706
2848,333.405268
2849,333.371525
2850,333.343200
2851,333.318878
2852,333.297815
2853,333.279552
2854,333.263791
2855,333.250350
2856,333.239147
2857,333.230212
2858,333.223759
2859,333.220411
2860,333.221959
2861,333.233822
2862,333.273034
2863,333.394272
2864,333.409485
2865,333.413736
2866,333.416653
2867,333.417064
2868,333.414874
2869,333.410256
2870,333.403420
2871,333.394545
2872,333.383761
2873,333.371158
2874,333.356780
2875,333.340655
2876,333.322836
2877,333.303584
2878,333.283941
2879,333.267667
2880,333.187549
2881,333.205934
2882,333.232719
2883,333.265424
2884,333.304445
2885,333.352648
2886,333.418506
2887,333.527650
2888,333.760774
2889,334.376605
2890,334.580287
2891,334.651794
2892,334.709882
2893,334.767076
2894,334.815108
2895,334.852688
2896,334.880242
2897,334.898418
2898,334.907679
2899,334.908211
2900,334.899900
2901,334.882340
2902,334.854885
2903,334.816875
2904,334.768537
2905,334.714200
2906,334.654220
2907,334.537093
2908,333.873745
2909,333.627633
2910,333.516547
2911,333.452377
2912,333.407058
2913,333.371189
2914,333.341265
2915,333.315733
2916,333.293754
2917,333.274803
2918,333.258530
2919,333.244716
2920,333.233247
2921,333.224132
2922,333.217565
2923,333.214156
2924,333.215685
2925,333.227565
2926,333.266835
2927,333.388199
2928,333.403424
2929,333.407741
2930,333.410754
2931,333.411276
2932,333.409210
2933,333.404726
2934,333.398034
2935,333.389310
2936,333.378687
2937,333.366250
2938,333.352045
2939,333.336099
2940,333.318463
2941,333.299395
2942,333.279928
2943,333.263791
2944,333.188198
2945,333.206864
2946,333.234225
2947,333.267847
2948,333.308202
2949,333.358275
2950,333.426729
2951,333.539483
2952,333.777695
2953,334.401322
2954,334.606881
2955,334.680553
2956,334.741498
2957,334.801653
2958,334.852158
2959,334.891594
2960,334.920401
2961,334.939271
2962,334.948706
2963,334.948907
2964,334.939753
2965,334.920810
2966,334.891386
2967,334.850796
2968,334.799333
2969,334.741732
2970,334.678829
2971,334.560610
2972,333.888801
2973,333.637150
2974,333.522007
2975,333.454789
2976,333.407155
2977,333.369512
2978,333.338227
2979,333.311652
2980,333.288877
2981,333.269322
2982,333.252599
2983,333.238452
2984,333.226745
2985,333.217464
2986,333.210787
2987,333.207312
2988,333.208812
2989,333.220694
2990,333.259998
2991,333.381448
2992,333.396681
2993,333.401051
2994,333.404142
2995,333.404760
2996,333.402803
2997,333.398443
2998,333.391887
2999,333.383312
3000,333.372848
3001,333.360583
3002,333.346561
3003,333.330806
3004,333.313371
3005,333.294509
3006,333.275241
3007,333.259262
3008,333.187697
3009,333.206554
3010,333.234332
3011,333.268636
3012,333.309989
3013,333.361449
3014,333.431780
3015,333.547075
3016,333.788887
3017,334.418445
3018,334.625438
3019,334.700663
3020,334.763671
3021,334.826014
3022,334.878385
3023,334.919244
3024,334.949018
3025,334.968420
3026,334.977970
3027,334.977879
3028,334.968025
3029,334.947954
3030,334.916958
3031,334.874347
3032,334.820497
3033,334.760462
3034,334.695428
3035,334.576391
3036,333.898066
3037,333.642364
3038,333.524261
3039,333.454756
3040,333.405330
3041,333.366285
3042,333.333907
3043,333.306485
3044,333.283060
3045,333.263010
3046,333.245915
3047,333.231491
3048,333.219582
3049,333.210157
3050,333.203382
3051,333.199843
3052,333.201306
3053,333.213174
3054,333.252487
3055,333.373982
3056,333.389221
3057,333.393627
3058,333.396777
3059,333.397472
3060,333.395610
3061,333.391361
3062,333.384933
3063,333.376503
3064,333.366200
3065,333.354112
3066,333.340282
3067,333.324734
3068,333.307518
3069,333.288883
3070,333.269839
3071,333.254039
3072,333.185930
3073,333.204879
3074,333.232902
3075,333.267641
3076,333.309655
3077,333.362044
3078,333.433631
3079,333.550614
3080,333.794826
3081,334.428389
3082,334.636337
3083,334.712583
3084,334.776960
3085,334.840775
3086,334.894418
3087,334.936253
3088,334.966687
3089,334.986439
3090,334.996039
3091,334.995703
3092,334.985305
3093,334.964388
3094,334.932232
3095,334.888162
3096,334.832621
3097,334.770895
3098,334.704403
3099,334.584805
3100,333.901942
3101,333.643432
3102,333.523265
3103,333.452139
3104,333.401422
3105,333.361351
3106,333.328166
3107,333.300116
3108,333.276205
3109,333.255785
3110,333.238409
3111,333.223776
3112,333.211711
3113,333.202172
3114,333.195312
3115,333.191712
3116,333.193131
3117,333.204968
3118,333.244264
3119,333.365756
3120,333.380996
3121,333.385421
3122,333.388608
3123,333.389360
3124,333.387573
3125,333.383421
3126,333.377112
3127,333.368821
3128,333.358680
3129,333.346773
3130,333.333146
3131,333.317819
3132,333.300842
3133,333.282459
3134,333.263665
3135,333.248066
3136,333.182812
3137,333.201748
3138,333.229837
3139,333.264758
3140,333.307096
3141,333.359974
3142,333.432246
3143,333.550169
3144,333.795730
3145,334.431559
3146,334.640044
3147,334.716864
3148,334.782013
3149,334.846661
3150,334.901024
3151,334.943405
3152,334.974197
3153,334.994118
3154,335.003700
3155,335.003164
3156,334.992382
3157,334.970894
3158,334.937982
3159,334.892979
3160,334.836377
3161,334.773607
3162,334.706226
3163,334.586285
3164,333.900649
3165,333.640419
3166,333.518981
3167,333.446848
3168,333.395322
3169,333.354604
3170,333.320908
3171,333.292459
3172,333.268240
3173,333.247585
3174,333.230030
3175,333.215262
3176,333.203093
3177,333.193472
3178,333.186545
3179,333.182887
3180,333.184253
3181,333.196040
3182,333.235283
3183,333.356713
3184,333.371949
3185,333.376371
3186,333.379568
3187,333.380349
3188,333.378617
3189,333.374545
3190,333.368342
3191,333.360185
3192,333.350204
3193,333.338484
3194,333.325069
3195,333.309979
3196,333.293262
3197,333.275156
3198,333.256640
3199,333.241268
3200,333.178285
3201,333.197102
3202,333.225074
3203,333.259923
3204,333.302251
3205,333.355191
3206,333.427607
3207,333.545775
3208,333.791728
3209,334.428247
3210,334.636897
3211,334.713895
3212,334.779281
3213,334.844180
3214,334.898747
3215,334.941266
3216,334.972122
3217,334.992032
3218,335.001531
3219,335.000838
3220,334.989828
3221,334.968039
3222,334.934755
3223,334.889315
3224,334.832232
3225,334.769001
3226,334.701233
3227,334.581147
3228,333.894328
3229,333.633367
3230,333.511391
3231,333.438833
3232,333.386965
3233,333.345977
3234,333.312070
3235,333.283458
3236,333.259117
3237,333.238369
3238,333.220743
3239,333.205918
3240,333.193700
3241,333.184031
3242,333.177054
3243,333.173339
3244,333.174639
3245,333.186347
3246,333.225494
3247,333.346784
3248,333.362010
3249,333.366401
3250,333.369573
3251,333.370351
3252,333.368644
3253,333.364630
3254,333.358519
3255,333.350488
3256,333.340666
3257,333.329137
3258,333.315945
3259,333.301109
3260,333.284674
3261,333.266873
3262,333.248667
3263,333.233549
3264,333.172324
3265,333.190915
3266,333.218587
3267,333.253110
3268,333.295095
3269,333.347676
3270,333.419709
3271,333.537450
3272,333.782877
3273,334.418585
3274,334.627047
3275,334.703849
3276,334.768964
3277,334.833553
3278,334.887827
3279,334.930084
3280,334.960716
3281,334.980438
3282,334.989787
3283,334.988982
3284,334.977896
3285,334.956071
3286,334.922790
3287,334.877393
3288,334.820387
3289,334.757249
3290,334.689572
3291,334.569525
3292,333.883037
3293,333.622293
3294,333.500486
3295,333.428070
3296,333.376324
3297,333.335440
3298,333.301623
3299,333.273088
3300,333.248811
3301,333.228115
3302,333.210528
3303,333.195727
3304,333.183515
3305,333.173833
3306,333.166820
3307,333.163045
3308,333.164257
3309,333.175849
3310,333.214838
3311,333.335886
3312,333.351092
3313,333.355414
3314,333.358516
3315,333.359249
3316,333.357533
3317,333.353551
3318,333.347513
3319,333.339597
3320,333.329931
3321,333.318597
3322,333.305639
3323,333.291075
3324,333.274947
3325,333.257482
3326,333.239619
3327,333.224785
3328,333.164933
3329,333.183190
3330,333.210382
3331,333.244325
3332,333.285637
3333,333.337437
3334,333.408558
3335,333.525195
3336,333.769164
3337,334.402535
3338,334.610449
3339,334.686672
3340,334.750997
3341,334.814710
3342,334.868186
3343,334.909779
3344,334.939896
3345,334.959254
3346,334.968386
3347,334.967510
3348,334.956502
3349,334.934904
3350,334.902003
3351,334.857133
3352,334.800768
3353,334.738289
3354,334.671190
3355,334.551371
3356,333.866754
3357,333.607188
3358,333.486266
3359,333.414563
3360,333.363403
3361,333.322998
3362,333.289570
3363,333.261350
3364,333.237324
3365,333.216824
3366,333.199385
3367,333.184687
3368,333.172536
3369,333.162872
3370,333.155833
3371,333.151986
3372,333.153081
3373,333.164503
3374,333.203252
3375,333.323919
3376,333.339094
3377,333.343297
3378,333.346269
3379,333.346902
3380,333.345133
3381,333.341148
3382,333.335162
3383,333.327347
3384,333.317833
3385,333.306700
3386,333.293987
3387,333.279713
3388,333.263918
3389,333.246821
3390,333.229341
3391,333.214824
3392,333.156146
3393,333.173965
3394,333.200498
3395,333.233612
3396,333.273920
3397,333.324513
3398,333.394173
3399,333.508993
3400,333.750510
3401,334.379898
3402,334.586870
3403,334.662094
3404,334.725065
3405,334.787292
3406,334.839440
3407,334.879954
3408,334.909260
3409,334.928074
3410,334.936922
3411,334.936018
3412,334.925240
3413,334.904138
3414,334.872005
3415,334.828166
3416,334.773043
3417,334.711834
3418,334.645847
3419,334.526462
3420,333.845378
3421,333.588019
3422,333.468739
3423,333.398343
3424,333.348239
3425,333.308688
3426,333.275946
3427,333.248274
3428,333.224680
3429,333.204517
3430,333.187332
3431,333.172813
3432,333.160773
3433,333.151154
3434,333.144094
3435,333.140157
3436,333.141090
3437,333.152270
3438,333.190669
3439,333.310768
3440,333.325897
3441,333.329912
3442,333.332676
3443,333.333140
3444,333.331262
3445,333.327237
3446,333.321274
3447,333.313548
3448,333.304181
3449,333.293250
3450,333.280795
3451,333.266830
3452,333.251395
3453,333.234703
3454,333.217646
3455,333.203486
3456,333.146025
3457,333.163306
3458,333.189010
3459,333.221053
3460,333.260029
3461,333.308977
3462,333.376590
3463,333.488807
3464,333.726767
3465,334.350364
3466,334.555948
3467,334.629682
3468,334.690653
3469,334.750720
3470,334.800970
3471,334.839970
3472,334.868164
3473,334.886255
3474,334.894752
3475,334.893861
3476,334.883466
3477,334.863131
3478,334.832165
3479,334.789894
3480,334.736671
3481,334.677424
3482,334.613167
3483,334.494454
3484,333.818742
3485,333.564735
3486,333.447929
3487,333.379473
3488,333.330911
3489,333.292588
3490,333.260821
3491,333.233919
3492,333.210931
3493,333.191236
3494,333.174403
3495,333.160135
3496,333.148253
3497,333.138701
3498,333.131617
3499,333.127560
3500,333.128271
3501,333.139114
3502,333.177021
3503,333.296321
3504,333.311382
3505,333.315119
3506,333.317572
3507,333.317781
3508,333.315730
3509,333.311617
3510,333.305650
3511,333.297995
3512,333.288769
3513,333.278046
3514,333.265859
3515,333.252223
3516,333.237176
3517,333.220925
3518,333.204336
3519,333.190574
3520,333.134663
3521,333.151314
3522,333.176029
3523,333.206771
3524,333.244092
3525,333.290940
3526,333.355856
3527,333.464534
3528,333.697646
3529,334.313638
3530,334.517377
3531,334.589046
3532,334.647273
3533,334.704437
3534,334.752196
3535,334.789251
3536,334.816046
3537,334.833247
3538,334.841331
3539,334.840494
3540,334.830624
3541,334.811313
3542,334.781907
3543,334.741755
3544,334.691142
3545,334.634642
3546,334.572853
3547,334.455071
3548,333.786578
3549,333.537229
3550,333.423874
3551,333.358061
3552,333.311547
3553,333.274819
3554,333.244300
3555,333.218375
3556,333.196149
3557,333.177041
3558,333.160651
3559,333.146698
3560,333.135015
3561,333.125548
3562,333.118432
3563,333.114216
3564,333.114625
3565,333.125003
3566,333.162251
3567,333.280531
3568,333.295501
3569,333.298836
3570,333.300853
3571,333.300706
3572,333.298409
3573,333.294162
3574,333.288161
3575,333.280562
3576,333.271472
3577,333.260957
3578,333.249049
3579,333.235759
3580,333.221125
3581,333.205348
3582,333.189269
3583,333.175950
3584,333.122178
3585,333.138119
3586,333.161705
3587,333.190937
3588,333.226293
3589,333.270553
3590,333.331964
3591,333.435761
3592,333.662147
3593,334.269489
3594,334.471507
3595,334.540617
3596,334.595326
3597,334.648876
3598,334.693622
3599,334.728383
3600,334.753560
3601,334.769750
3602,334.777382
3603,334.776630
3604,334.767393
3605,334.749305
3606,334.721778
3607,334.684220
3608,334.636885
3609,334.583936
3610,334.525392
3611,334.408604
3612,333.748109
3613,333.505127
3614,333.396570
3615,333.334259
3616,333.290329
3617,333.255552
3618,333.226528
3619,333.201761
3620,333.180433
3621,333.162016
3622,333.146145
3623,333.132565
3624,333.121116
3625,333.111750
3626,333.104588
3627,333.100160
3628,333.100152
3629,333.109876
3630,333.146272
3631,333.263637
3632,333.278513
3633,333.281303
3634,333.282744
3635,333.282141
3636,333.279534
3637,333.275112
3638,333.269053
3639,333.261497
3640,333.252537
3641,333.242230
3642,333.230602
3643,333.217664
3644,333.203452
3645,333.188168
3646,333.172628
3647,333.159786
3648,333.108713
3649,333.123880
3650,333.146225
3651,333.173773
3652,333.206876
3653,333.248004
3654,333.304729
3655,333.400970
3656,333.615550
3657,334.213263
3658,334.420891
3659,334.488369
3660,334.539212
3661,334.588873
3662,334.630480
3663,334.662913
3664,334.686478
3665,334.701676
3666,334.708874
3667,334.708220
3668,334.699626
3669,334.682778
3670,334.657176
3671,334.622332
3672,334.578527
3673,334.529514
3674,334.474378
3675,334.354685
3676,333.699382
3677,333.466966
3678,333.365821
3679,333.308255
3680,333.267512
3681,333.235012
3682,333.207691
3683,333.184226
3684,333.163903
3685,333.146260
3686,333.130972
3687,333.117811
3688,333.106630
3689,333.097376
3690,333.090154
3691,333.085442
3692,333.084827
3693,333.093490
3694,333.128533
3695,333.246492
3696,333.261824
3697,333.263964
3698,333.264751
3699,333.263651
3700,333.260716
3701,333.256109
3702,333.249984
3703,333.242460
3704,333.233616
3705,333.223498
3706,333.212127
3707,333.199511
3708,333.185690
3709,333.170862
3710,333.155833
3711,333.143459
3712,333.094434
3713,333.108782
3714,333.129811
3715,333.155553
3716,333.186170
3717,333.223580
3718,333.273820
3719,333.356369
3720,333.538217
3721,334.063908
3722,334.352272
3723,334.430984
3724,334.478849
3725,334.525001
3726,334.563815
3727,334.594222
3728,334.616407
3729,334.630767
3730,334.637603
3731,334.637038
3732,334.629000
3733,334.613225
3734,334.589305
3735,334.556878
3736,334.516278
3737,334.470656
3738,334.415015
3739,334.228380
3740,333.620592
3741,333.418471
3742,333.331165
3743,333.280329
3744,333.243437
3745,333.213489
3746,333.188014
3747,333.165946
3748,333.146700
3749,333.129887
3750,333.115231
3751,333.102528
3752,333.091644
3753,333.082520
3754,333.075225
3755,333.070135
3756,333.068563
3757,333.075005
3758,333.105412
3759,333.219678
3760,333.245573
3761,333.247180
3762,333.247351
3763,333.245795
3764,333.242566
3765,333.237799
3766,333.231619
3767,333.224122
3768,333.215373
3769,333.205412
3770,333.194252
3771,333.181901
3772,333.168398
3773,333.153947
3774,333.139343
3775,333.127377
3776,333.079525
3777,333.093033
3778,333.112719
3779,333.136618
3780,333.164649
3781,333.197978
3782,333.240116
3783,333.301101
3784,333.409035
3785,333.633582
3786,334.073945
3787,334.305081
3788,334.361461
3789,334.406833
3790,334.444641
3791,334.474290
3792,334.495956
3793,334.510001
3794,334.516702
3795,334.516173
3796,334.508345
3797,334.492975
3798,334.469689
3799,334.438152
3800,334.398513
3801,334.350023
3802,334.227269
3803,333.725846
3804,333.473260
3805,333.356252
3806,333.293167
3807,333.251176
3808,333.218612
3809,333.191344
3810,333.167767
3811,333.147130
3812,333.128990
3813,333.113038
3814,333.099042
3815,333.086828
3816,333.076271
3817,333.067303
3818,333.059942
3819,333.054404
3820,333.051445
3821,333.053428
3822,333.067299
3823,333.111203
3824,333.215502
3825,333.221801
3826,333.222003
3827,333.220299
3828,333.216970
3829,333.212150
3830,333.205955
3831,333.198475
3832,333.189770
3833,333.179874
3834,333.168799
3835,333.156553
3836,333.143174
3837,333.128867
3838,333.114425
3839,333.102620
3840,333.064213
3841,333.076889
3842,333.095264
3843,333.117383
3844,333.142960
3845,333.172534
3846,333.207716
3847,333.252489
3848,333.315819
3849,333.413195
3850,333.550139
3851,333.646756
3852,333.698846
3853,333.736752
3854,333.766980
3855,333.790712
3856,333.808255
3857,333.819779
3858,333.825396
3859,333.825151
3860,333.819013
3861,333.806876
3862,333.788573
3863,333.763830
3864,333.731845
3865,333.688598
3866,333.614214
3867,333.470252
3868,333.366847
3869,333.301431
3870,333.256689
3871,333.222334
3872,333.193759
3873,333.169034
3874,333.147286
3875,333.128043
3876,333.110994
3877,333.095902
3878,333.082578
3879,333.070874
3880,333.060673
3881,333.051899
3882,333.044526
3883,333.038630
3884,333.034522
3885,333.033103
3886,333.036544
3887,333.048714
3888,333.070600
3889,333.074976
3890,333.074176
3891,333.071396
3892,333.067321
3893,333.062117
3894,333.055843
3895,333.048532
3896,333.040201
3897,333.030857
3898,333.020496
3899,333.009118
3900,332.996760
3901,332.983616
3902,332.970427
3903,332.959711
3904,333.048868
3905,333.060750
3906,333.077901
3907,333.098402
3908,333.121829
3909,333.148329
3910,333.178491
3911,333.213592
3912,333.255952
3913,333.308234
3914,333.368333
3915,333.419615
3916,333.458377
3917,333.489475
3918,333.514885
3919,333.535096
3920,333.550200
3921,333.560228
3922,333.565197
3923,333.565113
3924,333.559966
3925,333.549728
3926,333.534364
3927,333.513791
3928,333.487670
3929,333.454580
3930,333.410304
3931,333.351550
3932,333.299567
3933,333.257946
3934,333.223967
3935,333.195040
3936,333.169692
3937,333.147176
3938,333.127076
3939,333.109122
3940,333.093101
3941,333.078835
3942,333.066172
3943,333.054984
3944,333.045163
3945,333.036629
3946,333.029326
3947,333.023243
3948,333.018449
3949,333.015185
3950,333.013950
3951,333.015304
3952,333.018419
3953,333.018156
3954,333.015861
3955,333.012354
3956,333.007892
3957,333.002531
3958,332.996281
3959,332.989140
3960,332.981102
3961,332.972157
3962,332.962294
3963,332.951506
3964,332.939827
3965,332.927443
3966,332.915046
3967,332.904990
3968,333.034346
3969,333.045516
3970,333.061607
3971,333.080750
3972,333.102445
3973,333.126640
3974,333.153465
3975,333.183190
3976,333.216168
3977,333.252413
3978,333.290334
3979,333.325666
3980,333.356452
3981,333.382870
3982,333.405057
3983,333.422949
3984,333.436448
3985,333.445481
3986,333.450010
3987,333.450021
3988,333.445514
3989,333.436508
3990,333.423051
3991,333.405223
3992,333.383084
3993,333.356533
3994,333.325235
3995,333.289918
3996,333.255579
3997,333.224281
3998,333.196115
3999,333.170708
4000,333.147736
4001,333.126971
4002,333.108240
4003,333.091387
4004,333.076268
4005,333.062744
4006,333.050690
4007,333.039993
4008,333.030555
4009,333.022293
4010,333.015136
4011,333.009030
4012,333.003941
4013,332.999865
4014,332.996821
4015,332.994735
4016,332.993101
4017,332.990728
4018,332.987553
4019,332.983646
4020,332.979017
4021,332.973642
4022,332.967493
4023,332.960550
4024,332.952791
4025,332.944200
4026,332.934758
4027,332.924456
4028,332.913325
4029,332.901539
4030,332.889754
4031,332.880198
4032,333.023143
4033,333.033791
4034,333.049134
4035,333.067352
4036,333.087917
4037,333.110692
4038,333.135644
4039,333.162732
4040,333.191810
4041,333.222423
4042,333.253472
4043,333.283191
4044,333.310313
4045,333.334248
4046,333.354637
4047,333.371212
4048,333.383782
4049,333.392232
4050,333.396496
4051,333.396551
4052,333.392402
4053,333.384090
4054,333.371702
4055,333.355390
4056,333.335380
4057,333.311972
4058,333.285620
4059,333.257307
4060,333.228940
4061,333.201785
4062,333.176380
4063,333.152896
4064,333.131355
4065,333.111716
4066,333.093902
4067,333.077812
4068,333.063335
4069,333.050353
4070,333.038756
4071,333.028440
4072,333.019313
4073,333.011292
4074,333.004302
4075,332.998271
4076,332.993131
4077,332.988808
4078,332.985203
4079,332.982146
4080,332.979315
4081,332.976253
4082,332.972755
4083,332.968720
4084,332.964076
4085,332.958766
4086,332.952748
4087,332.945990
4088,332.938466
4089,332.930154
4090,332.921034
4091,332.911096
4092,332.900368
4093,332.889018
4094,332.877674
4095,332.868481
4096,333.020151
4097,333.034093
4098,333.049258
4099,333.065751
4100,333.083696
4101,333.103232
4102,333.124515
4103,333.147709
4104,333.172979
4105,333.200471
4106,333.230288
4107,333.262450
4108,333.296839
4109,333.333131
4110,333.370724
4111,333.408688
4112,333.445802
4113,333.480717
4114,333.512234
4115,333.539438
4116,333.561711
4117,333.578669
4118,333.590095
4119,333.595877
4120,333.595969
4121,333.590370
4122,333.579125
4123,333.562344
4124,333.540240
4125,333.513196
4126,333.481829
4127,333.447047
4128,333.410048
4129,333.372174
4130,333.334643
4131,333.298376
4132,333.263968
4133,333.231733
4134,333.201778
4135,333.174071
4136,333.148494
4137,333.124884
4138,333.103056
4139,333.082822
4140,333.064000
4141,333.046420
4142,333.029927
4143,333.014380
4144,332.999652
4145,332.985630
4146,332.972214
4147,332.959315
4148,332.946853
4149,332.934754
4150,332.922952
4151,332.911388
4152,332.900002
4153,332.888739
4154,332.877543
4155,332.866355
4156,332.855110
4157,332.843728
4158,332.832105
4159,332.820082
4160,333.032094
4161,333.046789
4162,333.062792
4163,333.080214
4164,333.099191
4165,333.119876
4166,333.142447
4167,333.167093
4168,333.194013
4169,333.223394
4170,333.255391
4171,333.290082
4172,333.327412
4173,333.367103
4174,333.408551
4175,333.450719
4176,333.492111
4177,333.530995
4178,333.565929
4179,333.595918
4180,333.620345
4181,333.638866
4182,333.651309
4183,333.657593
4184,333.657691
4185,333.651601
4186,333.639350
4187,333.621016
4188,333.596770
4189,333.566953
4190,333.532177
4191,333.493437
4192,333.452169
4193,333.410100
4194,333.368720
4195,333.329060
4196,333.291715
4197,333.256952
4198,333.224816
4199,333.195213
4200,333.167976
4201,333.142897
4202,333.119757
4203,333.098341
4204,333.078443
4205,333.059878
4206,333.042472
4207,333.026074
4208,333.010547
4209,332.995771
4210,332.981637
4211,332.968050
4212,332.954926
4213,332.942187
4214,332.929763
4215,332.917592
4216,332.905611
4217,332.893765
4218,332.881995
4219,332.870243
4220,332.858446
4221,332.846532
4222,332.834419
4223,332.822005
4224,333.043707
4225,333.059139
4226,333.075973
4227,333.094334
4228,333.114370
4229,333.136262
4230,333.160216
4231,333.186467
4232,333.215269
4233,333.246886
4234,333.281571
4235,333.319528
4236,333.360849
4237,333.405407
4238,333.452684
4239,333.501523
4240,333.549901
4241,333.595127
4242,333.635324
4243,333.669438
4244,333.696953
4245,333.717658
4246,333.731493
4247,333.738457
4248,333.738561
4249,333.731804
4250,333.718173
4251,333.697668
4252,333.670346
4253,333.636416
4254,333.596390
4255,333.551320
4256,333.503079
4257,333.454350
4258,333.407153
4259,333.362635
4260,333.321307
4261,333.283285
4262,333.248465
4263,333.216628
4264,333.187505
4265,333.160812
4266,333.136271
4267,333.113623
4268,333.092628
4269,333.073072
4270,333.054764
4271,333.037533
4272,333.021232
4273,333.005728
4274,332.990907
4275,332.976665
4276,332.962913
4277,332.949569
4278,332.936560
4279,332.923819
4280,332.911284
4281,332.898898
4282,332.886602
4283,332.874342
4284,332.862059
4285,332.849695
4286,332.837189
4287,332.824480
4288,333.054940
4289,333.071091
4290,333.088749
4291,333.108049
4292,333.129165
4293,333.152305
4294,333.177719
4295,333.205699
4296,333.236578
4297,333.270728
4298,333.308550
4299,333.350445
4300,333.396766
4301,333.447704
4302,333.503051
4303,333.561720
4304,333.620899
4305,333.675451
4306,333.722966
4307,333.762570
4308,333.794066
4309,333.817523
4310,333.833088
4311,333.840890
4312,333.841000
4313,333.833419
4314,333.818072
4315,333.794828
4316,333.763539
4317,333.724134
4318,333.676804
4319,333.622424
4320,333.563396
4321,333.504854
4322,333.449601
4323,333.398719
4324,333.352405
4325,333.310458
4326,333.272511
4327,333.238149
4328,333.206952
4329,333.178528
4330,333.152520
4331,333.128605
4332,333.106502
4333,333.085961
4334,333.066766
4335,333.048727
4336,333.031680
4337,333.015481
4338,333.000006
4339,332.985144
4340,332.970799
4341,332.956887
4342,332.943329
4343,332.930057
4344,332.917009
4345,332.904124
4346,332.891348
4347,332.878629
4348,332.865915
4349,332.853159
4350,332.840315
4351,332.827347
4352,333.065739
4353,333.082588
4354,333.101052
4355,333.121285
4356,333.143483
4357,333.167892
4358,333.194810
4359,333.224600
4360,333.257689
4361,333.294584
4362,333.335872
4363,333.382221
4364,333.434370
4365,333.493058
4366,333.558836
4367,333.631434
4368,333.707758
4369,333.775399
4370,333.832330
4371,333.878634
4372,333.914840
4373,333.941495
4374,333.959047
4375,333.967804
4376,333.967922
4377,333.959400
4378,333.942080
4379,333.915653
4380,333.879670
4381,333.833579
4382,333.776851
4383,333.709399
4384,333.633244
4385,333.560792
4386,333.495129
4387,333.436517
4388,333.384396
4389,333.338013
4390,333.296618
4391,333.259527
4392,333.226132
4393,333.195906
4394,333.168394
4395,333.143203
4396,333.119999
4397,333.098492
4398,333.078436
4399,333.059620
4400,333.041861
4401,333.025004
4402,333.008912
4403,332.993468
4404,332.978570
4405,332.964127
4406,332.950059
4407,332.936295
4408,332.922771
4409,332.909429
4410,332.896214
4411,332.883078
4412,332.869976
4413,332.856868
4414,332.843720
4415,332.830509
4416,333.076045
4417,333.093567
4418,333.112812
4419,333.133955
4420,333.157218
4421,333.182887
4422,333.211314
4423,333.242936
4424,333.278287
4425,333.318018
4426,333.362926
4427,333.413986
4428,333.472397
4429,333.539642
4430,333.617564
4431,333.708434
4432,333.814868
4433,333.899431
4434,333.967224
4435,334.020922
4436,334.062226
4437,334.092311
4438,334.111985
4439,334.121760
4440,334.121886
4441,334.112360
4442,334.092934
4443,334.063093
4444,334.022028
4445,333.968561
4446,333.900990
4447,333.816635
4448,333.710393
4449,333.619692
4450,333.541910
4451,333.474766
4452,333.416409
4453,333.365342
4454,333.320353
4455,333.280449
4456,333.244815
4457,333.212774
4458,333.183765
4459,333.157319
4460,333.133042
4461,333.110605
4462,333.089727
4463,333.070175
4464,333.051747
4465,333.034273
4466,333.017607
4467,333.001622
4468,332.986210
4469,332.971276
4470,332.956738
4471,332.942520
4472,332.928559
4473,332.914797
4474,332.901181
4475,332.887665
4476,332.874208
4477,332.860778
4478,332.847347
4479,332.833898
4480,333.085801
4481,333.103961
4482,333.123952
4483,333.145966
4484,333.170256
4485,333.197143
4486,333.227038
4487,333.260452
4488,333.298022
4489,333.340544
4490,333.389020
4491,333.444713
4492,333.509252
4493,333.584768
4494,333.674129
4495,333.781292
4496,333.911791
4497,334.011548
4498,334.089554
4499,334.150332
4500,334.196560
4501,334.229972
4502,334.251710
4503,334.262477
4504,334.262609
4505,334.252108
4506,334.230633
4507,334.197482
4508,334.151511
4509,334.090983
4510,334.013219
4511,333.913693
4512,333.783412
4513,333.676447
4514,333.587255
4515,333.511871
4516,333.447418
4517,333.391751
4518,333.343229
4519,333.300568
4520,333.262747
4521,333.228945
4522,333.198493
4523,333.170846
4524,333.145551
4525,333.122237
4526,333.100592
4527,333.080355
4528,333.061308
4529,333.043266
4530,333.026072
4531,333.009591
4532,332.993709
4533,332.978327
4534,332.963357
4535,332.948724
4536,332.934364
4537,332.920217
4538,332.906233
4539,332.892368
4540,332.878585
4541,332.864854
4542,332.851154
4543,332.837471
4544,333.094947
4545,333.113706
4546,333.134396
4547,333.157227
4548,333.182480
4549,333.210513
4550,333.241789
4551,333.276888
4552,333.316544
4553,333.361682
4554,333.413477
4555,333.473431
4556,333.543490
4557,333.626200
4558,333.724910
4559,333.843933
4560,333.988190
4561,334.099098
4562,334.185490
4563,334.252413
4564,334.303040
4565,334.339473
4566,334.363101
4567,334.374781
4568,334.374921
4569,334.363522
4570,334.340173
4571,334.304018
4572,334.253666
4573,334.187014
4574,334.100886
4575,333.990234
4576,333.846225
4577,333.727431
4578,333.628925
4579,333.546385
4580,333.476452
4581,333.416566
4582,333.364768
4583,333.319535
4584,333.279673
4585,333.244228
4586,333.212435
4587,333.183676
4588,333.157445
4589,333.133328
4590,333.110982
4591,333.090124
4592,333.070517
4593,333.051962
4594,333.034292
4595,333.017364
4596,333.001058
4597,332.985270
4598,332.969910
4599,332.954902
4600,332.940177
4601,332.925680
4602,332.911359
4603,332.897172
4604,332.883086
4605,332.869073
4606,332.855114
4607,332.841197
4608,333.103430
4609,333.122740
4610,333.144072
4611,333.167651
4612,333.193781
4613,333.222856
4614,333.255383
4615,333.292004
4616,333.333534
4617,333.381004
4618,333.435725
4619,333.499372
4620,333.574093
4621,333.662648
4622,333.768545
4623,333.896013
4624,334.049277
4625,334.168139
4626,334.260992
4627,334.332904
4628,334.387226
4629,334.426250
4630,334.451523
4631,334.464002
4632,334.464150
4633,334.451965
4634,334.426988
4635,334.388259
4636,334.334231
4637,334.262611
4638,334.170047
4639,334.051469
4640,333.898486
4641,333.771283
4642,333.665630
4643,333.577288
4644,333.502740
4645,333.439213
4646,333.384542
4647,333.337033
4648,333.295354
4649,333.258444
4650,333.225457
4651,333.195709
4652,333.168646
4653,333.143819
4654,333.120855
4655,333.099450
4656,333.079351
4657,333.060345
4658,333.042256
4659,333.024935
4660,333.008254
4661,332.992105
4662,332.976398
4663,332.961051
4664,332.945999
4665,332.931183
4666,332.916554
4667,332.902071
4668,332.887702
4669,332.873421
4670,332.859210
4671,332.845060
4672,333.111201
4673,333.131010
4674,333.152915
4675,333.177157
4676,333.204060
4677,333.234045
4678,333.267658
4679,333.305591
4680,333.348723
4681,333.398166
4682,333.455329
4683,333.522000
4684,333.600445
4685,333.693520
4686,333.804749
4687,333.938200
4688,334.097654
4689,334.222150
4690,334.319790
4691,334.395544
4692,334.452797
4693,334.493919
4694,334.520540
4695,334.533680
4696,334.533835
4697,334.521004
4698,334.494694
4699,334.453883
4700,334.396944
4701,334.321504
4702,334.224179
4703,334.099997
4704,333.940858
4705,333.807712
4706,333.696773
4707,333.603961
4708,333.525744
4709,333.459253
4710,333.402205
4711,333.352793
4712,333.309583
4713,333.271436
4714,333.237437
4715,333.206852
4716,333.179087
4717,333.153659
4718,333.130175
4719,333.108308
4720,333.087793
4721,333.068405
4722,333.049960
4723,333.032301
4724,333.015296
4725,332.998835
4726,332.982823
4727,332.967178
4728,332.951834
4729,332.936730
4730,332.921820
4731,332.907064
4732,332.892428
4733,332.877891
4734,332.863436
4735,332.849051
4736,333.118219
4737,333.138469
4738,333.160873
4739,333.185681
4740,333.213234
4741,333.243977
4742,333.278483
4743,333.317482
4744,333.361901
4745,333.412909
4746,333.471981
4747,333.540976
4748,333.622221
4749,333.718609
4750,333.833633
4751,333.971230
4752,334.134918
4753,334.263311
4754,334.364346
4755,334.442899
4756,334.502332
4757,334.545042
4758,334.572694
4759,334.586343
4760,334.586504
4761,334.573176
4762,334.545849
4763,334.503468
4764,334.444367
4765,334.366150
4766,334.265456
4767,334.137409
4768,333.974075
4769,333.836828
4770,333.722143
4771,333.626076
4772,333.545122
4773,333.476377
4774,333.417496
4775,333.366602
4776,333.322193
4777,333.283072
4778,333.248276
4779,333.217031
4780,333.188711
4781,333.162810
4782,333.138913
4783,333.116680
4784,333.095833
4785,333.076138
4786,333.057404
4787,333.039468
4788,333.022195
4789,333.005470
4790,332.989197
4791,332.973294
4792,332.957692
4793,332.942333
4794,332.927168
4795,332.912158
4796,332.897273
4797,332.882490
4798,332.867794
4799,332.853175
4800,333.124455
4801,333.145084
4802,333.167903
4803,333.193172
4804,333.221241
4805,333.252571
4806,333.287756
4807,333.327551
4808,333.372914
4809,333.425053
4810,333.485484
4811,333.556103
4812,333.639271
4813,333.737888
4814,333.855417
4815,333.995705
4816,334.162120
4817,334.293036
4818,334.396299
4819,334.476718
4820,334.537626
4821,334.581422
4822,334.609785
4823,334.623788
4824,334.623953
4825,334.610283
4826,334.582256
4827,334.538803
4828,334.478245
4829,334.398185
4830,334.295290
4831,334.164753
4832,333.998732
4833,333.858842
4834,333.741708
4835,333.643476
4836,333.560672
4837,333.490383
4838,333.430234
4839,333.378306
4840,333.333058
4841,333.293254
4842,333.257898
4843,333.226188
4844,333.197478
4845,333.171243
4846,333.147053
4847,333.124558
4848,333.103470
4849,333.083549
4850,333.064597
4851,333.046449
4852,333.028965
4853,333.012029
4854,332.995541
4855,332.979420
4856,332.963596
4857,332.948010
4858,332.932615
4859,332.917372
4860,332.902252
4861,332.887233
4862,332.872299
4863,332.857442
4864,333.129888
4865,333.150832
4866,333.173981
4867,333.199597
4868,333.228039
4869,333.259775
4870,333.295410
4871,333.335715
4872,333.381665
4873,333.434486
4874,333.495717
4875,333.567275
4876,333.651534
4877,333.751394
4878,333.870297
4879,334.012046
4880,334.179933
4881,334.312211
4882,334.416684
4883,334.498123
4884,334.559844
4885,334.604242
4886,334.633001
4887,334.647201
4888,334.647370
4889,334.633510
4890,334.605096
4891,334.561052
4892,334.499696
4893,334.418636
4894,334.314558
4895,334.182694
4896,334.015244
4897,333.873945
4898,333.755498
4899,333.656093
4900,333.572280
4901,333.501146
4902,333.440299
4903,333.387803
4904,333.342094
4905,333.301915
4906,333.266252
4907,333.234289
4908,333.205365
4909,333.178944
4910,333.154590
4911,333.131945
4912,333.110713
4913,333.090653
4914,333.071561
4915,333.053268
4916,333.035633
4917,333.018538
4918,333.001883
4919,332.985585
4920,332.969574
4921,332.953792
4922,332.938191
4923,332.922734
4924,332.907392
4925,332.892143
4926,332.876974
4927,332.861875
4928,333.134514
4929,333.155707
4930,333.179095
4931,333.204943
4932,333.233609
4933,333.265563
4934,333.301412
4935,333.341932
4936,333.388100
4937,333.441150
4938,333.502623
4939,333.574443
4940,333.658988
4941,333.759158
4942,333.878394
4943,334.020486
4944,334.188711
4945,334.321298
4946,334.426042
4947,334.507708
4948,334.569608
4949,334.614136
4950,334.642980
4951,334.657222
4952,334.657392
4953,334.643492
4954,334.614998
4955,334.570831
4956,334.509310
4957,334.428042
4958,334.323719
4959,334.191579
4960,334.023836
4961,333.882249
4962,333.763536
4963,333.663899
4964,333.579891
4965,333.508599
4966,333.447628
4967,333.395036
4968,333.349254
4969,333.309020
4970,333.273314
4971,333.241318
4972,333.212365
4973,333.185917
4974,333.161535
4975,333.138857
4976,333.117586
4977,333.097476
4978,333.078324
4979,333.059958
4980,333.042236
4981,333.025039
4982,333.008265
4983,332.991832
4984,332.975670
4985,332.959721
4986,332.943938
4987,332.928285
4988,332.912732
4989,332.897260
4990,332.881855
4991,332.866509
4992,333.138340
4993,333.159716
4994,333.183254
4995,333.209215
4996,333.237955
4997,333.269937
4998,333.305763
4999,333.346199
5000,333.392215
5001,333.445034
5002,333.506189
5003,333.577595
5004,333.661626
5005,333.761186
5006,333.879727
5007,334.021067
5008,334.188524
5009,334.320389
5010,334.424482
5011,334.505590
5012,334.567037
5013,334.611225
5014,334.639843
5015,334.653970
5016,334.654138
5017,334.640349
5018,334.612080
5019,334.568257
5020,334.507196
5021,334.426502
5022,334.322853
5023,334.191469
5024,334.024540
5025,333.883763
5026,333.765815
5027,333.666876
5028,333.583483
5029,333.512721
5030,333.452202
5031,333.399992
5032,333.354531
5033,333.314567
5034,333.279089
5035,333.247284
5036,333.218493
5037,333.192181
5038,333.167911
5039,333.145323
5040,333.124121
5041,333.104059
5042,333.084932
5043,333.066568
5044,333.048825
5045,333.031582
5046,333.014741
5047,332.998216
5048,332.981939
5049,332.965852
5050,332.949911
5051,332.934077
5052,332.918325
5053,332.902633
5054,332.886991
5055,332.871390
5056,333.141387
5057,333.162881
5058,333.186481
5059,333.212441
5060,333.241106
5061,333.272929
5062,333.308495
5063,333.348551
5064,333.394046
5065,333.446175
5066,333.506448
5067,333.576753
5068,333.659449
5069,333.757441
5070,333.874212
5071,334.013644
5072,334.179156
5073,334.309209
5074,334.411682
5075,334.491415
5076,334.551760
5077,334.595126
5078,334.623198
5079,334.637053
5080,334.637215
5081,334.623688
5082,334.595955
5083,334.552950
5084,334.492994
5085,334.413686
5086,334.311677
5087,334.182137
5088,334.017198
5089,333.878389
5090,333.762288
5091,333.665009
5092,333.583062
5093,333.513532
5094,333.454047
5095,333.402698
5096,333.357953
5097,333.318584
5098,333.283604
5099,333.252218
5100,333.223783
5101,333.197773
5102,333.173760
5103,333.151390
5104,333.130370
5105,333.110455
5106,333.091442
5107,333.073160
5108,333.055465
5109,333.038239
5110,333.021381
5111,333.004808
5112,332.988453
5113,332.972259
5114,332.956181
5115,332.940183
5116,332.924239
5117,332.908330
5118,332.892446
5119,332.876579
5120,333.143690
5121,333.165240
5122,333.188818
5123,333.214667
5124,333.243116
5125,333.274599
5126,333.309676
5127,333.349065
5128,333.393675
5129,333.444660
5130,333.503480
5131,333.571977
5132,333.652473
5133,333.747863
5134,333.861667
5135,333.997876
5136,334.160098
5137,334.287097
5138,334.386869
5139,334.464335
5140,334.522885
5141,334.564925
5142,334.592125
5143,334.605543
5144,334.605694
5145,334.592583
5146,334.565706
5147,334.524014
5148,334.465848
5149,334.388809
5150,334.289518
5151,334.163060
5152,334.001457
5153,333.865932
5154,333.752879
5155,333.658302
5156,333.578676
5157,333.511099
5158,333.453235
5159,333.403225
5160,333.359586
5161,333.321133
5162,333.286917
5163,333.256175
5164,333.228287
5165,333.202747
5166,333.179140
5167,333.157119
5168,333.136399
5169,333.116737
5170,333.097933
5171,333.079815
5172,333.062242
5173,333.045095
5174,333.028275
5175,333.011700
5176,332.995304
5177,332.979032
5178,332.962839
5179,332.946691
5180,332.930562
5181,332.914436
5182,332.898302
5183,332.882154
5184,333.145298
5185,333.166847
5186,333.190324
5187,333.215958
5188,333.244059
5189,333.275034
5190,333.309410
5191,333.347858
5192,333.391237
5193,333.440634
5194,333.497433
5195,333.563397
5196,333.640772
5197,333.732406
5198,333.841845
5199,333.973234
5200,334.130501
5201,334.252936
5202,334.348738
5203,334.422940
5204,334.478947
5205,334.519133
5206,334.545124
5207,334.557939
5208,334.558072
5209,334.545531
5210,334.519834
5211,334.479973
5212,334.424335
5213,334.350557
5214,334.255244
5215,334.133375
5216,333.976769
5217,333.846126
5218,333.737520
5219,333.646806
5220,333.570435
5221,333.505550
5222,333.449895
5223,333.401692
5224,333.359534
5225,333.322305
5226,333.289111
5227,333.259230
5228,333.232079
5229,333.207176
5230,333.184124
5231,333.162589
5232,333.142292
5233,333.122996
5234,333.104500
5235,333.086635
5236,333.069262
5237,333.052261
5238,333.035536
5239,333.019007
5240,333.002608
5241,332.986286
5242,332.969999
5243,332.953713
5244,332.937405
5245,332.921058
5246,332.904662
5247,332.888215
5248,333.146270
5249,333.167766
5250,333.191073
5251,333.216401
5252,333.244036
5253,333.274352
5254,333.307833
5255,333.345095
5256,333.386923
5257,333.434316
5258,333.488547
5259,333.551249
5260,333.624529
5261,333.711111
5262,333.814501
5263,333.939007
5264,334.089091
5265,334.205010
5266,334.295315
5267,334.365126
5268,334.417792
5269,334.455585
5270,334.480031
5271,334.492078
5272,334.492187
5273,334.480365
5274,334.456168
5275,334.418664
5276,334.366340
5277,334.296938
5278,334.207123
5279,334.091789
5280,333.942403
5281,333.818704
5282,333.716234
5283,333.630684
5284,333.558551
5285,333.497102
5286,333.444224
5287,333.398269
5288,333.357945
5289,333.322226
5290,333.290292
5291,333.261480
5292,333.235248
5293,333.211148
5294,333.188804
5295,333.167897
5296,333.148155
5297,333.129343
5298,333.111264
5299,333.093749
5300,333.076658
5301,333.059875
5302,333.043304
5303,333.026869
5304,333.010506
5305,332.994164
5306,332.977803
5307,332.961391
5308,332.944906
5309,332.928330
5310,332.911658
5311,332.894885
5312,333.146678
5313,333.168077
5314,333.191153
5315,333.216097
5316,333.243166
5317,333.272696
5318,333.305119
5319,333.340983
5320,333.380986
5321,333.426009
5322,333.477177
5323,333.535929
5324,333.604137
5325,333.684257
5326,333.779561
5327,333.894375
5328,334.033949
5329,334.140703
5330,334.223672
5331,334.287867
5332,334.336387
5333,334.371266
5334,334.393853
5335,334.404982
5336,334.405056
5337,334.394085
5338,334.371685
5339,334.337041
5340,334.288822
5341,334.225008
5342,334.142519
5343,334.036357
5344,333.897514
5345,333.783565
5346,333.689267
5347,333.610300
5348,333.543392
5349,333.486083
5350,333.436498
5351,333.393184
5352,333.355004
5353,333.321049
5354,333.290591
5355,333.263038
5356,333.237900
5357,333.214767
5358,333.193287
5359,333.173159
5360,333.154114
5361,333.135920
5362,333.118377
5363,333.101316
5364,333.084597
5365,333.068107
5366,333.051754
5367,333.035463
5368,333.019175
5369,333.002842
5370,332.986426
5371,332.969897
5372,332.953234
5373,332.936420
5374,332.919450
5375,332.902320
5376,333.146604
5377,333.167868
5378,333.190664
5379,333.215162
5380,333.241587
5381,333.270232
5382,333.301471
5383,333.335776
5384,333.373740
5385,333.416108
5386,333.463816
5387,333.518048
5388,333.580318
5389,333.652595
5390,333.737507
5391,333.838724
5392,333.961858
5393,334.055799
5394,334.129372
5395,334.186757
5396,334.230405
5397,334.261923
5398,334.282387
5399,334.292468
5400,334.292495
5401,334.282482
5402,334.262120
5403,334.230761
5404,334.187352
5405,334.130305
5406,334.057188
5407,333.963838
5408,333.841457
5409,333.741159
5410,333.657342
5411,333.586342
5412,333.525535
5413,333.472953
5414,333.427078
5415,333.386722
5416,333.350934
5417,333.318953
5418,333.290156
5419,333.264032
5420,333.240151
5421,333.218148
5422,333.197698
5423,333.178511
5424,333.160323
5425,333.142895
5426,333.126023
5427,333.109532
5428,333.093284
5429,333.077169
5430,333.061098
5431,333.045004
5432,333.028830
5433,333.012535
5434,332.996082
5435,332.979444
5436,332.962600
5437,332.945533
5438,332.928238
5439,332.910711
5440,333.146135
5441,333.167236
5442,333.189717
5443,333.213725
5444,333.239452
5445,333.267145
5446,333.297117
5447,333.329758
5448,333.365551
5449,333.405087
5450,333.449093
5451,333.498452
5452,333.554228
5453,333.617686
5454,333.690236
5455,333.773121
5456,333.865973
5457,333.942812
5458,334.005250
5459,334.054929
5460,334.093175
5461,334.121001
5462,334.139139
5463,334.148069
5464,334.148035
5465,334.139051
5466,334.120900
5467,334.093131
5468,334.055038
5469,334.005631
5470,333.943609
5471,333.867349
5472,333.775263
5473,333.693346
5474,333.621979
5475,333.559927
5476,333.505786
5477,333.458299
5478,333.416401
5479,333.379208
5480,333.345986
5481,333.316132
5482,333.289142
5483,333.264593
5484,333.242124
5485,333.221414
5486,333.202170
5487,333.184111
5488,333.166966
5489,333.150480
5490,333.134432
5491,333.118643
5492,333.102974
5493,333.087320
5494,333.071601
5495,333.055756
5496,333.039738
5497,333.023508
5498,333.007035
5499,332.990294
5500,332.973262
5501,332.955924
5502,332.938271
5503,332.920298
5504,333.145363
5505,333.166282
5506,333.188427
5507,333.211920
5508,333.236921
5509,333.263631
5510,333.292301
5511,333.323238
5512,333.356815
5513,333.393471
5514,333.433724
5515,333.478157
5516,333.527398
5517,333.582033
5518,333.642383
5519,333.707893
5520,333.775543
5521,333.836125
5522,333.887475
5523,333.929359
5524,333.962105
5525,333.986153
5526,334.001902
5527,334.009640
5528,334.009526
5529,334.001574
5530,333.985663
5531,333.961536
5532,333.928827
5533,333.887123
5534,333.836124
5535,333.776092
5536,333.709212
5537,333.644713
5538,333.585631
5539,333.532535
5540,333.485113
5541,333.442789
5542,333.404941
5543,333.370990
5544,333.340419
5545,333.312785
5546,333.287706
5547,333.264852
5548,333.243934
5549,333.224685
5550,333.206843
5551,333.190134
5552,333.174262
5553,333.158932
5554,333.143893
5555,333.128955
5556,333.113983
5557,333.098882
5558,333.083585
5559,333.068043
5560,333.052218
5561,333.036081
5562,333.019604
5563,333.002764
5564,332.985538
5565,332.967907
5566,332.949855
5567,332.931376
5568,333.144386
5569,333.165113
5570,333.186912
5571,333.209885
5572,333.234158
5573,333.259887
5574,333.287266
5575,333.316524
5576,333.347929
5577,333.381784
5578,333.418420
5579,333.458171
5580,333.501321
5581,333.547998
5582,333.597960
5583,333.650190
5584,333.702297
5585,333.750291
5586,333.792111
5587,333.826934
5588,333.854551
5589,333.875017
5590,333.888471
5591,333.895046
5592,333.894828
5593,333.887838
5594,333.874031
5595,333.853310
5596,333.825576
5597,333.790808
5598,333.749250
5599,333.701752
5600,333.650404
5601,333.599219
5602,333.550607
5603,333.505603
5604,333.464464
5605,333.427075
5606,333.393164
5607,333.362407
5608,333.334484
5609,333.309100
5610,333.285990
5611,333.264921
5612,333.245682
5613,333.228067
5614,333.211853
5615,333.196772
5616,333.182478
5617,333.168577
5618,333.154767
5619,333.140849
5620,333.126700
5621,333.112246
5622,333.097440
5623,333.082252
5624,333.066658
5625,333.050639
5626,333.034173
5627,333.017238
5628,332.999810
5629,332.981862
5630,332.963370
5631,332.944314
5632,333.143297
5633,333.163831
5634,333.185292
5635,333.207757
5636,333.231324
5637,333.256110
5638,333.282252
5639,333.309911
5640,333.339264
5641,333.370501
5642,333.403803
5643,333.439318
5644,333.477105
5645,333.517046
5646,333.558699
5647,333.601110
5648,333.642653
5649,333.681238
5650,333.715366
5651,333.744186
5652,333.767289
5653,333.784524
5654,333.795867
5655,333.801347
5656,333.801000
5657,333.794850
5658,333.782909
5659,333.765197
5660,333.741780
5661,333.712852
5662,333.678861
5663,333.640692
5664,333.599875
5665,333.558530
5666,333.518303
5667,333.480172
5668,333.444595
5669,333.411710
5670,333.381474
5671,333.353759
5672,333.328403
5673,333.305239
5674,333.284113
5675,333.264887
5676,333.247434
5677,333.231626
5678,333.217304
5679,333.204217
5680,333.191939
5681,333.179829
5682,333.167510
5683,333.154795
5684,333.141597
5685,333.127879
5686,333.113629
5687,333.098841
5688,333.083512
5689,333.067634
5690,333.051193
5691,333.034169
5692,333.016532
5693,332.998248
5694,332.979272
5695,332.959562
5696,333.142190
5697,333.162540
5698,333.183679
5699,333.205668
5700,333.228574
5701,333.252480
5702,333.277476
5703,333.303664
5704,333.331146
5705,333.360021
5706,333.390361
5707,333.422188
5708,333.455433
5709,333.489866
5710,333.525024
5711,333.560132
5712,333.594087
5713,333.625627
5714,333.653703
5715,333.677594
5716,333.696866
5717,333.711285
5718,333.720748
5719,333.725221
5720,333.724711
5721,333.719249
5722,333.708883
5723,333.693703
5724,333.673867
5725,333.649656
5726,333.621552
5727,333.590315
5728,333.557031
5729,333.522992
5730,333.489330
5731,333.456842
5732,333.426016
5733,333.397100
5734,333.370190
5735,333.345289
5736,333.322355
5737,333.301330
5738,333.282158
5739,333.264792
5740,333.249202
5741,333.235359
5742,333.223214
5743,333.212608
5744,333.203057
5745,333.193215
5746,333.182679
5747,333.171346
5748,333.159212
5749,333.146307
5750,333.132665
5751,333.118316
5752,333.103279
5753,333.087561
5754,333.071158
5755,333.054051
5756,333.036206
5757,333.017574
5758,332.998086
5759,332.977649
5760,333.141155
5761,333.161335
5762,333.182183
5763,333.203740
5764,333.226052
5765,333.249167
5766,333.273137
5767,333.298016
5768,333.323847
5769,333.350660
5770,333.378451
5771,333.407164
5772,333.436661
5773,333.466679
5774,333.496797
5775,333.526408
5776,333.554738
5777,333.580950
5778,333.604301
5779,333.624217
5780,333.640308
5781,333.652328
5782,333.660146
5783,333.663701
5784,333.662989
5785,333.658044
5786,333.648941
5787,333.635805
5788,333.618833
5789,333.598328
5790,333.574736
5791,333.548674
5792,333.520929
5793,333.492374
5794,333.463811
5795,333.435874
5796,333.409011
5797,333.383508
5798,333.359531
5799,333.337171
5800,333.316472
5801,333.297463
5802,333.280170
5803,333.264636
5804,333.250929
5805,333.239147
5806,333.229416
5807,333.221853
5808,333.216377
5809,333.209362
5810,333.200866
5811,333.191046
5812,333.180052
5813,333.168007
5814,333.155006
5815,333.141120
5816,333.126394
5817,333.110852
5818,333.094499
5819,333.077319
5820,333.059274
5821,333.040303
5822,333.020306
5823,332.999119
5824,333.140274
5825,333.160309
5826,333.180906
5827,333.202090
5828,333.223887
5829,333.246320
5830,333.269409
5831,333.293165
5832,333.317589
5833,333.342660
5834,333.368323
5835,333.394475
5836,333.420944
5837,333.447472
5838,333.473691
5839,333.499125
5840,333.523210
5841,333.545355
5842,333.565016
5843,333.581750
5844,333.595227
5845,333.605226
5846,333.611614
5847,333.614328
5848,333.613363
5849,333.608761
5850,333.600610
5851,333.589052
5852,333.574297
5853,333.556635
5854,333.536458
5855,333.514265
5856,333.490645
5857,333.466230
5858,333.441616
5859,333.417307
5860,333.393697
5861,333.371071
5862,333.349631
5863,333.329518
5864,333.310840
5865,333.293688
5866,333.278159
5867,333.264375
5868,333.252493
5869,333.242738
5870,333.235426
5871,333.231029
5872,333.230317
5873,333.226265
5874,333.219827
5875,333.211517
5876,333.201656
5877,333.190468
5878,333.178108
5879,333.164686
5880,333.150275
5881,333.134916
5882,333.118622
5883,333.101380
5884,333.083151
5885,333.063861
5886,333.043386
5887,333.021484
5888,333.139624
5889,333.159544
5890,333.179938
5891,333.200821
5892,333.222199
5893,333.244075
5894,333.266442
5895,333.289280
5896,333.312555
5897,333.336209
5898,333.360153
5899,333.384256
5900,333.408333
5901,333.432139
5902,333.455356
5903,333.477605
5904,333.498457
5905,333.517475
5906,333.534250
5907,333.548439
5908,333.559775
5909,333.568070
5910,333.573208
5911,333.575136
5912,333.573857
5913,333.569419
5914,333.561923
5915,333.551517
5916,333.538408
5917,333.522865
5918,333.505229
5919,333.485908
5920,333.465362
5921,333.444072
5922,333.422499
5923,333.401053
5924,333.380075
5925,333.359836
5926,333.340551
5927,333.322390
5928,333.305502
5929,333.290026
5930,333.276114
5931,333.263946
5932,333.253756
5933,333.245853
5934,333.240662
5935,333.238764
5936,333.240890
5937,333.239138
5938,333.234477
5939,333.227533
5940,333.218725
5941,333.208344
5942,333.196595
5943,333.183622
5944,333.169520
5945,333.154343
5946,333.138115
5947,333.120824
5948,333.102424
5949,333.082831
5950,333.061892
5951,333.039310
5952,333.139272
5953,333.159113
5954,333.179363
5955,333.200025
5956,333.221093
5957,333.242551
5958,333.264370
5959,333.286506
5960,333.308898
5961,333.331459
5962,333.354076
5963,333.376599
5964,333.398840
5965,333.420566
5966,333.441500
5967,333.461329
5968,333.479715
5969,333.496321
5970,333.510832
5971,333.522980
5972,333.532553
5973,333.539398
5974,333.543424
5975,333.544594
5976,333.542923
5977,333.538471
5978,333.531346
5979,333.521702
5980,333.509739
5981,333.495707
5982,333.479905
5983,333.462674
5984,333.444389
5985,333.425432
5986,333.406175
5987,333.386958
5988,333.368077
5989,333.349787
5990,333.332300
5991,333.315805
5992,333.300473
5993,333.286479
5994,333.274012
5995,333.263298
5996,333.254618
5997,333.248335
5998,333.244918
5999,333.244957
6000,333.249087
6001,333.249102
6002,333.245911
6003,333.240155
6004,333.232294
6005,333.222657
6006,333.211481
6007,333.198935
6008,333.185131
6009,333.170136
6010,333.153980
6011,333.136651
6012,333.118102
6013,333.098235
6014,333.076879
6015,333.053707
6016,333.139278
6017,333.159082
6018,333.179253
6019,333.199785
6020,333.220662
6021,333.241853
6022,333.263311
6023,333.284973
6024,333.306753
6025,333.328544
6026,333.350210
6027,333.371589
6028,333.392486
6029,333.412679
6030,333.431919
6031,333.449937
6032,333.466456
6033,333.481205
6034,333.493936
6035,333.504437
6036,333.512540
6037,333.518129
6038,333.521136
6039,333.521545
6040,333.519385
6041,333.514733
6042,333.507706
6043,333.498462
6044,333.487201
6045,333.474156
6046,333.459599
6047,333.443825
6048,333.427149
6049,333.409890
6050,333.392357
6051,333.374840
6052,333.357598
6053,333.340867
6054,333.324853
6055,333.309751
6056,333.295747
6057,333.283036
6058,333.271834
6059,333.262394
6060,333.255029
6061,333.250128
6062,333.248176
6063,333.249746
6064,333.255404
6065,333.256806
6066,333.254819
6067,333.250076
6068,333.243047
6069,333.234079
6070,333.223430
6071,333.211282
6072,333.197763
6073,333.182947
6074,333.166868
6075,333.149518
6076,333.130844
6077,333.110742
6078,333.089030
6079,333.065364
6080,333.139690
6081,333.159504
6082,333.179667
6083,333.200171
6084,333.220988
6085,333.242077
6086,333.263376
6087,333.284804
6088,333.306254
6089,333.327599
6090,333.348683
6091,333.369327
6092,333.389329
6093,333.408470
6094,333.426515
6095,333.443224
6096,333.458358
6097,333.471693
6098,333.483024
6099,333.492184
6100,333.499040
6101,333.503507
6102,333.505543
6103,333.505152
6104,333.502385
6105,333.497332
6106,333.490128
6107,333.480940
6108,333.469971
6109,333.457450
6110,333.443630
6111,333.428779
6112,333.413171
6113,333.397083
6114,333.380779
6115,333.364512
6116,333.348512
6117,333.332995
6118,333.318159
6119,333.304197
6120,333.291302
6121,333.279679
6122,333.269561
6123,333.261218
6124,333.254977
6125,333.251241
6126,333.250495
6127,333.253296
6128,333.260165
6129,333.262677
6130,333.261679
6131,333.257792
6132,333.251484
6133,333.243110
6134,333.232936
6135,333.221156
6136,333.207904
6137,333.193263
6138,333.177267
6139,333.159910
6140,333.141139
6141,333.120845
6142,333.098839
6143,333.074770
6144,333.140546
6145,333.160420
6146,333.180657
6147,333.201242
6148,333.222143
6149,333.243309
6150,333.264667
6151,333.286118
6152,333.307537
6153,333.328773
6154,333.349647
6155,333.369959
6156,333.389494
6157,333.408022
6158,333.425314
6159,333.441144
6160,333.455297
6161,333.467576
6162,333.477812
6163,333.485865
6164,333.491636
6165,333.495064
6166,333.496131
6167,333.494865
6168,333.491337
6169,333.485661
6170,333.477991
6171,333.468513
6172,333.457443
6173,333.445014
6174,333.431474
6175,333.417074
6176,333.402067
6177,333.386697
6178,333.371199
6179,333.355793
6180,333.340688
6181,333.326079
6182,333.312153
6183,333.299098
6184,333.287106
6185,333.276387
6186,333.267179
6187,333.259762
6188,333.254469
6189,333.251707
6190,333.251955
6191,333.255757
6192,333.263607
6193,333.267021
6194,333.266841
6195,333.263675
6196,333.257988
6197,333.250136
6198,333.240388
6199,333.228944
6200,333.215942
6201,333.201468
6202,333.185561
6203,333.168215
6204,333.149374
6205,333.128930
6206,333.106688
6207,333.082295
6208,333.141870
6209,333.161861
6210,333.182256
6211,333.203043
6212,333.224186
6213,333.245627
6214,333.267283
6215,333.289040
6216,333.310751
6217,333.332239
6218,333.353296
6219,333.373692
6220,333.393183
6221,333.411524
6222,333.428476
6223,333.443814
6224,333.457336
6225,333.468863
6226,333.478248
6227,333.485377
6228,333.490170
6229,333.492592
6230,333.492647
6231,333.490387
6232,333.485906
6233,333.479348
6234,333.470895
6235,333.460763
6236,333.449190
6237,333.436429
6238,333.422734
6239,333.408352
6240,333.393522
6241,333.378467
6242,333.363399
6243,333.348513
6244,333.333994
6245,333.320020
6246,333.306763
6247,333.294401
6248,333.283122
6249,333.273134
6250,333.264675
6251,333.258026
6252,333.253523
6253,333.251568
6254,333.252637
6255,333.257259
6256,333.265911
6257,333.270068
6258,333.270568
6259,333.268013
6260,333.262860
6261,333.255464
6262,333.246095
6263,333.234956
6264,333.222186
6265,333.207875
6266,333.192062
6267,333.174742
6268,333.155859
6269,333.135303
6270,333.112880
6271,333.088233
6272,333.143672
6273,333.163837
6274,333.184486
6275,333.205606
6276,333.227164
6277,333.249099
6278,333.271320
6279,333.293699
6280,333.316065
6281,333.338209
6282,333.359882
6283,333.380810
6284,333.400707
6285,333.419295
6286,333.436312
6287,333.451527
6288,333.464738
6289,333.475779
6290,333.484517
6291,333.490855
6292,333.494735
6293,333.496138
6294,333.495090
6295,333.491665
6296,333.485989
6297,333.478238
6298,333.468635
6299,333.457440
6300,333.444934
6301,333.431400
6302,333.417113
6303,333.402328
6304,333.387276
6305,333.372166
6306,333.357186
6307,333.342511
6308,333.328302
6309,333.314716
6310,333.301909
6311,333.290047
6312,333.279307
6313,333.269891
6314,333.262033
6315,333.256010
6316,333.252155
6317,333.250866
6318,333.252611
6319,333.257909
6320,333.267223
6321,333.271996
6322,333.273065
6323,333.271027
6324,333.266334
6325,333.259337
6326,333.250306
6327,333.239444
6328,333.226890
6329,333.212737
6330,333.197023
6331,333.179743
6332,333.160844
6333,333.140213
6334,333.117656
6335,333.092816
6336,333.145945
6337,333.166346
6338,333.187347
6339,333.208942
6340,333.231105
6341,333.253778
6342,333.276865
6343,333.300228
6344,333.323669
6345,333.346937
6346,333.369728
6347,333.391699
6348,333.412503
6349,333.431805
6350,333.449312
6351,333.464771
6352,333.477979
6353,333.488776
6354,333.497039
6355,333.502688
6356,333.505676
6357,333.506002
6358,333.503708
6359,333.498892
6360,333.491710
6361,333.482382
6362,333.471188
6363,333.458453
6364,333.444522
6365,333.429732
6366,333.414395
6367,333.398778
6368,333.383112
6369,333.367591
6370,333.352382
6371,333.337634
6372,333.323483
6373,333.310063
6374,333.297510
6375,333.285972
6376,333.275614
6377,333.266627
6378,333.259236
6379,333.253712
6380,333.250382
6381,333.249637
6382,333.251937
6383,333.257792
6384,333.267654
6385,333.272940
6386,333.274490
6387,333.272892
6388,333.268596
6389,333.261949
6390,333.253220
6391,333.242610
6392,333.230259
6393,333.216258
6394,333.200648
6395,333.183424
6396,333.164531
6397,333.143857
6398,333.121210
6399,333.096230
6400,333.148661
6401,333.169360
6402,333.190817
6403,333.213041
6404,333.236015
6405,333.259696
6406,333.283994
6407,333.308760
6408,333.333773
6409,333.358729
6410,333.383242
6411,333.406872
6412,333.429168
6413,333.449718
6414,333.468175
6415,333.484264
6416,333.497777
6417,333.508558
6418,333.516499
6419,333.521528
6420,333.523613
6421,333.522760
6422,333.519023
6423,333.512520
6424,333.503437
6425,333.492048
6426,333.478711
6427,333.463848
6428,333.447907
6429,333.431307
6430,333.414412
6431,333.397513
6432,333.380836
6433,333.364558
6434,333.348818
6435,333.333734
6436,333.319412
6437,333.305956
6438,333.293480
6439,333.282109
6440,333.271992
6441,333.263305
6442,333.256262
6443,333.251126
6444,333.248213
6445,333.247908
6446,333.250662
6447,333.256976
6448,333.267292
6449,333.273009
6450,333.274964
6451,333.273744
6452,333.269793
6453,333.263455
6454,333.254996
6455,333.244616
6456,333.232456
6457,333.218605
6458,333.203104
6459,333.185948
6460,333.167083
6461,333.146397
6462,333.123697
6463,333.098625
6464,333.151769
6465,333.172829
6466,333.194849
6467,333.217858
6468,333.241867
6469,333.266854
6470,333.292750
6471,333.319413
6472,333.346600
6473,333.373942
6474,333.400940
6475,333.426997
6476,333.451503
6477,333.473928
6478,333.493858
6479,333.510993
6480,333.525126
6481,333.536116
6482,333.543869
6483,333.548327
6484,333.549464
6485,333.547289
6486,333.541857
6487,333.533292
6488,333.521808
6489,333.507738
6490,333.491546
6491,333.473804
6492,333.455125
6493,333.436054
6494,333.417027
6495,333.398358
6496,333.380262
6497,333.362884
6498,333.346325
6499,333.330660
6500,333.315957
6501,333.302286
6502,333.289728
6503,333.278385
6504,333.268384
6505,333.259884
6506,333.253086
6507,333.248240
6508,333.245652
6509,333.245697
6510,333.248819
6511,333.255511
6512,333.266206
6513,333.272284
6514,333.274584
6515,333.273689
6516,333.270039
6517,333.263975
6518,333.255760
6519,333.245593
6520,333.233613
6521,333.219910
6522,333.204524
6523,333.187449
6524,333.168632
6525,333.147961
6526,333.125242
6527,333.100120
6528,333.155194
6529,333.176672
6530,333.199359
6531,333.223314
6532,333.248587
6533,333.275201
6534,333.303129
6535,333.332263
6536,333.362358
6537,333.392977
6538,333.423459
6539,333.452951
6540,333.480576
6541,333.505632
6542,333.527631
6543,333.546265
6544,333.561346
6545,333.572765
6546,333.580454
6547,333.584371
6548,333.584492
6549,333.580815
6550,333.573380
6551,333.562295
6552,333.547780
6553,333.530224
6554,333.510231
6555,333.488614
6556,333.466261
6557,333.443913
6558,333.422094
6559,333.401126
6560,333.381190
6561,333.362377
6562,333.344725
6563,333.328255
6564,333.312983
6565,333.298937
6566,333.286160
6567,333.274724
6568,333.264731
6569,333.256321
6570,333.249678
6571,333.245037
6572,333.242694
6573,333.243015
6574,333.246433
6575,333.253434
6576,333.264444
6577,333.270827
6578,333.273422
6579,333.272808
6580,333.269422
6581,333.263603
6582,333.255611
6583,333.245642
6584,333.233835
6585,333.220278
6586,333.205012
6587,333.188031
6588,333.169280
6589,333.148649
6590,333.125944
6591,333.100809
6592,333.158833
6593,333.180779
6594,333.204227
6595,333.229280
6596,333.256043
6597,333.284611
6598,333.315040
6599,333.347299
6600,333.381192
6601,333.416243
6602,333.451570
6603,333.485875
6604,333.517800
6605,333.546405
6606,333.571151
6607,333.591766
6608,333.608129
6609,333.620190
6610,333.627927
6611,333.631319
6612,333.630339
6613,333.624960
6614,333.615173
6615,333.601030
6616,333.582710
6617,333.560619
6618,333.535530
6619,333.508653
6620,333.481389
6621,333.454774
6622,333.429409
6623,333.405581
6624,333.383384
6625,333.362814
6626,333.343822
6627,333.326348
6628,333.310345
6629,333.295787
6630,333.282674
6631,333.271043
6632,333.260968
6633,333.252565
6634,333.246001
6635,333.241495
6636,333.239331
6637,333.239863
6638,333.243518
6639,333.250772
6640,333.262042
6641,333.268683
6642,333.271531
6643,333.271162
6644,333.268010
6645,333.262411
6646,333.254623
6647,333.244840
6648,333.233201
6649,333.219791
6650,333.204652
6651,333.187776
6652,333.169109
6653,333.148541
6654,333.125878
6655,333.100765
6656,333.162554
6657,333.185005
6658,333.209293
6659,333.235573
6660,333.264029
6661,333.294859
6662,333.328254
6663,333.364342
6664,333.403081
6665,333.444058
6666,333.486160
6667,333.527278
6668,333.565054
6669,333.598292
6670,333.626513
6671,333.649595
6672,333.667556
6673,333.680455
6674,333.688337
6675,333.691213
6676,333.689046
6677,333.681761
6678,333.669262
6679,333.651478
6680,333.628444
6681,333.600471
6682,333.568451
6683,333.534287
6684,333.500456
6685,333.468381
6686,333.438651
6687,333.411400
6688,333.386550
6689,333.363940
6690,333.343394
6691,333.324753
6692,333.307887
6693,333.292708
6694,333.279166
6695,333.267258
6696,333.257027
6697,333.248565
6698,333.242016
6699,333.237587
6700,333.235546
6701,333.236237
6702,333.240078
6703,333.247537
6704,333.259025
6705,333.265883
6706,333.268948
6707,333.268794
6708,333.265851
6709,333.260452
6710,333.252853
6711,333.243248
6712,333.231771
6713,333.218510
6714,333.203503
6715,333.186745
6716,333.168179
6717,333.147696
6718,333.125103
6719,333.100044
6720,333.166201
6721,333.189179
6722,333.214356
6723,333.241955
6724,333.272254
6725,333.305593
6726,333.342354
6727,333.382933
6728,333.427630
6729,333.476385
6730,333.528101
6731,333.579159
6732,333.624771
6733,333.663811
6734,333.696205
6735,333.722178
6736,333.742000
6737,333.755893
6738,333.763999
6739,333.766366
6740,333.762942
6741,333.753584
6742,333.738060
6743,333.716085
6744,333.687384
6745,333.651884
6746,333.610247
6747,333.565606
6748,333.523040
6749,333.484190
6750,333.449304
6751,333.418140
6752,333.390317
6753,333.365450
6754,333.343194
6755,333.323266
6756,333.305443
6757,333.289564
6758,333.275525
6759,333.263279
6760,333.252837
6761,333.244263
6762,333.237682
6763,333.233282
6764,333.231319
6765,333.232126
6766,333.236111
6767,333.243735
6768,333.255403
6769,333.262446
6770,333.265700
6771,333.265735
6772,333.262979
6773,333.257763
6774,333.250342
6775,333.240905
6776,333.229589
6777,333.216479
6778,333.201612
6779,333.184983
6780,333.166535
6781,333.146158
6782,333.123660
6783,333.098686
6784,333.169599
6785,333.193102
6786,333.219183
6787,333.248137
6788,333.280352
6789,333.316329
6790,333.356694
6791,333.402208
6792,333.453746
6793,333.512157
6794,333.577633
6795,333.644176
6796,333.699791
6797,333.745591
6798,333.782637
6799,333.811769
6800,333.833610
6801,333.848592
6802,333.856972
6803,333.858842
6804,333.854132
6805,333.842612
6806,333.823879
6807,333.797351
6808,333.762245
6809,333.717567
6810,333.662219
6811,333.601624
6812,333.547920
6813,333.501193
6814,333.460600
6815,333.425219
6816,333.394243
6817,333.366999
6818,333.342950
6819,333.321672
6820,333.302839
6821,333.286215
6822,333.271637
6823,333.259015
6824,333.248324
6825,333.239602
6826,333.232952
6827,333.228545
6828,333.226625
6829,333.227513
6830,333.231608
6831,333.239364
6832,333.251181
6833,333.258380
6834,333.261797
6835,333.262000
6836,333.259413
6837,333.254366
6838,333.247112
6839,333.237839
6840,333.226682
6841,333.213725
6842,333.199006
6843,333.182518
6844,333.164204
6845,333.143955
6846,333.121577
6847,333.096717
6848,333.172560
6849,333.196562
6850,333.223520
6851,333.253800
6852,333.287902
6853,333.326491
6854,333.370438
6855,333.420884
6856,333.479331
6857,333.547769
6858,333.628816
6859,333.713388
6860,333.779424
6861,333.832015
6862,333.873684
6863,333.905946
6864,333.929791
6865,333.945862
6866,333.954530
6867,333.955932
6868,333.949979
6869,333.936350
6870,333.914473
6871,333.883457
6872,333.841969
6873,333.787889
6874,333.717276
6875,333.637958
6876,333.572572
6877,333.517861
6878,333.471545
6879,333.431954
6880,333.397832
6881,333.368219
6882,333.342379
6883,333.319748
6884,333.299900
6885,333.282520
6886,333.267390
6887,333.254375
6888,333.243415
6889,333.234523
6890,333.227779
6891,333.223340
6892,333.221435
6893,333.222376
6894,333.226553
6895,333.234415
6896,333.246353
6897,333.253685
6898,333.257243
6899,333.257594
6900,333.255161
6901,333.250271
6902,333.243175
6903,333.234061
6904,333.223062
6905,333.210263
6906,333.195700
6907,333.179365
6908,333.161202
6909,333.141101
6910,333.118868
6911,333.094150
6912,333.174896
6913,333.199346
6914,333.227110
6915,333.258621
6916,333.294479
6917,333.335488
6918,333.382725
6919,333.437610
6920,333.502028
6921,333.578410
6922,333.669574
6923,333.764653
6924,333.838686
6925,333.897055
6926,333.942827
6927,333.977923
6928,334.003601
6929,334.020674
6930,334.029612
6931,334.030587
6932,334.023493
6933,334.007937
6934,333.983203
6935,333.948169
6936,333.901147
6937,333.839521
6938,333.758916
6939,333.668491
6940,333.594131
6941,333.532592
6942,333.481134
6943,333.437660
6944,333.400594
6945,333.368743
6946,333.341201
6947,333.317278
6948,333.296454
6949,333.278343
6950,333.262675
6951,333.249271
6952,333.238039
6953,333.228967
6954,333.222117
6955,333.217628
6956,333.215719
6957,333.216691
6958,333.220927
6959,333.228869
6960,333.240906
6961,333.248349
6962,333.252029
6963,333.252511
6964,333.250217
6965,333.245473
6966,333.238527
6967,333.229569
6968,333.218730
6969,333.206093
6970,333.191694
6971,333.175525
6972,333.157530
6973,333.137596
6974,333.115533
6975,333.090987
6976,333.176426
6977,333.201250
6978,333.229713
6979,333.262301
6980,333.299697
6981,333.342814
6982,333.392870
6983,333.451458
6984,333.520638
6985,333.602938
6986,333.700971
6987,333.802927
6988,333.882770
6989,333.945684
6990,333.994845
6991,334.032350
6992,334.059612
6993,334.077558
6994,334.086726
6995,334.087317
6996,334.079211
6997,334.061963
6998,334.034758
6999,333.996336
7000,333.944836
7001,333.877501
7002,333.790015
7003,333.692224
7004,333.611288
7005,333.544337
7006,333.488585
7007,333.441759
7008,333.402095
7009,333.368241
7010,333.339159
7011,333.314059
7012,333.292340
7013,333.273556
7014,333.257386
7015,333.243617
7016,333.232126
7017,333.222879
7018,333.215919
7019,333.211371
7020,333.209443
7021,333.210428
7022,333.214704
7023,333.222706
7024,333.234820
7025,333.242354
7026,333.246137
7027,333.246734
7028,333.244565
7029,333.239956
7030,333.233155
7031,333.224349
7032,333.213670
7033,333.201199
7034,333.186974
7035,333.170984
7036,333.153173
7037,333.133430
7038,333.111561
7039,333.087216
7040,333.176987
7041,333.202092
7042,333.231114
7043,333.264584
7044,333.303242
7045,333.348082
7046,333.400407
7047,333.461904
7048,333.534695
7049,333.621282
7050,333.724067
7051,333.830724
7052,333.914713
7053,333.981034
7054,334.032836
7055,334.072266
7056,334.100814
7057,334.119468
7058,334.128812
7059,334.129064
7060,334.120097
7061,334.101431
7062,334.072195
7063,334.031057
7064,333.976094
7065,333.904542
7066,333.812209
7067,333.709303
7068,333.623606
7069,333.552540
7070,333.493386
7071,333.443821
7072,333.401989
7073,333.366435
7074,333.336033
7075,333.309915
7076,333.287417
7077,333.268043
7078,333.251432
7079,333.237338
7080,333.225614
7081,333.216205
7082,333.209139
7083,333.204529
7084,333.202573
7085,333.203558
7086,333.207855
7087,333.215898
7088,333.228068
7089,333.235671
7090,333.239539
7091,333.240234
7092,333.238177
7093,333.233692
7094,333.227028
7095,333.218372
7096,333.207853
7097,333.195555
7098,333.181512
7099,333.165714
7100,333.148106
7101,333.128574
7102,333.106927
7103,333.082813
7104,333.176438
7105,333.201718
7106,333.231139
7107,333.265265
7108,333.304879
7109,333.351022
7110,333.405052
7111,333.468697
7112,333.544090
7113,333.633682
7114,333.739719
7115,333.849579
7116,333.936448
7117,334.005205
7118,334.058945
7119,334.099815
7120,334.129330
7121,334.148513
7122,334.157970
7123,334.157931
7124,334.148264
7125,334.128469
7126,334.097648
7127,334.054438
7128,333.996906
7129,333.922320
7130,333.826587
7131,333.720116
7132,333.631034
7133,333.556956
7134,333.495238
7135,333.443559
7136,333.400020
7137,333.363110
7138,333.331643
7139,333.304697
7140,333.281563
7141,333.261705
7142,333.244729
7143,333.230365
7144,333.218445
7145,333.208897
7146,333.201736
7147,333.197065
7148,333.195075
7149,333.196046
7150,333.200348
7151,333.208410
7152,333.220614
7153,333.228265
7154,333.232196
7155,333.232971
7156,333.231010
7157,333.226638
7158,333.220104
7159,333.211592
7160,333.201236
7161,333.189114
7162,333.175264
7163,333.159673
7164,333.142286
7165,333.122989
7166,333.101591
7167,333.077740
7168,333.174669
7169,333.200004
7170,333.229650
7171,333.264193
7172,333.304439
7173,333.351463
7174,333.406647
7175,333.471739
7176,333.548864
7177,333.640426
7178,333.748572
7179,333.860505
7180,333.949258
7181,334.019632
7182,334.074676
7183,334.116523
7184,334.146693
7185,334.166221
7186,334.175725
7187,334.175441
7188,334.165235
7189,334.144599
7190,334.112620
7191,334.067929
7192,334.008600
7193,333.931936
7194,333.833909
7195,333.725042
7196,333.633663
7197,333.557504
7198,333.493982
7199,333.440789
7200,333.396011
7201,333.358106
7202,333.325852
7203,333.298291
7204,333.274682
7205,333.254461
7206,333.237212
7207,333.222644
7208,333.210573
7209,333.200914
7210,333.193673
7211,333.188944
7212,333.186914
7213,333.187858
7214,333.192144
7215,333.200201
7216,333.212413
7217,333.220087
7218,333.224058
7219,333.224891
7220,333.223009
7221,333.218735
7222,333.212321
7223,333.203950
7224,333.193755
7225,333.181816
7226,333.168168
7227,333.152800
7228,333.135654
7229,333.116617
7230,333.095497
7231,333.071944
7232,333.171594
7233,333.196860
7234,333.226550
7235,333.261260
7236,333.301814
7237,333.349299
7238,333.405113
7239,333.471007
7240,333.549099
7241,333.641761
7242,333.751083
7243,333.864174
7244,333.953981
7245,334.025265
7246,334.081044
7247,334.123435
7248,334.153957
7249,334.173649
7250,334.183135
7251,334.182651
7252,334.172065
7253,334.150864
7254,334.118131
7255,334.072498
7256,334.012048
7257,333.934109
7258,333.834691
7259,333.724378
7260,333.631608
7261,333.554178
7262,333.489542
7263,333.435405
7264,333.389848
7265,333.351314
7266,333.318561
7267,333.290611
7268,333.266701
7269,333.246251
7270,333.228829
7271,333.214129
7272,333.201958
7273,333.192221
7274,333.184917
7275,333.180135
7276,333.178056
7277,333.178956
7278,333.183202
7279,333.191225
7280,333.203413
7281,333.211078
7282,333.215059
7283,333.215924
7284,333.214098
7285,333.209906
7286,333.203600
7287,333.195365
7288,333.185331
7289,333.173580
7290,333.160144
7291,333.145013
7292,333.128129
7293,333.109379
7294,333.088570
7295,333.065353
7296,333.167160
7297,333.192230
7298,333.221777
7299,333.256403
7300,333.296938
7301,333.344474
7302,333.400413
7303,333.466507
7304,333.544868
7305,333.637855
7306,333.747536
7307,333.860984
7308,333.951115
7309,334.022671
7310,334.078657
7311,334.121183
7312,334.151766
7313,334.171446
7314,334.180847
7315,334.180208
7316,334.169395
7317,334.147896
7318,334.114793
7319,334.068719
7320,334.007763
7321,333.929264
7322,333.829248
7323,333.718318
7324,333.624959
7325,333.546992
7326,333.481884
7327,333.427349
7328,333.381464
7329,333.342668
7330,333.309710
7331,333.281602
7332,333.257573
7333,333.237034
7334,333.219544
7335,333.204791
7336,333.192574
7337,333.182793
7338,333.175442
7339,333.170608
7340,333.168469
7341,333.169302
7342,333.173476
7343,333.181427
7344,333.193548
7345,333.201164
7346,333.205117
7347,333.205980
7348,333.204182
7349,333.200052
7350,333.193839
7351,333.185731
7352,333.175858
7353,333.164298
7354,333.151086
7355,333.136210
7356,333.119611
7357,333.101176
7358,333.080713
7359,333.057874
7360,333.161342
7361,333.186086
7362,333.215303
7363,333.249595
7364,333.289787
7365,333.336969
7366,333.392539
7367,333.458247
7368,333.536208
7369,333.628783
7370,333.738050
7371,333.851101
7372,333.940862
7373,334.012081
7374,334.067766
7375,334.110030
7376,334.140389
7377,334.159882
7378,334.169133
7379,334.168381
7380,334.157493
7381,334.135956
7382,334.102856
7383,334.056825
7384,333.995953
7385,333.917573
7386,333.817704
7387,333.706943
7388,333.613756
7389,333.535953
7390,333.470998
7391,333.416597
7392,333.370831
7393,333.332138
7394,333.299269
7395,333.271238
7396,333.247275
7397,333.226789
7398,333.209339
7399,333.194612
7400,333.182404
7401,333.172613
7402,333.165230
7403,333.160341
7404,333.158123
7405,333.158857
7406,333.162915
7407,333.170742
7408,333.182741
7409,333.190253
7410,333.194128
7411,333.194946
7412,333.193142
7413,333.189046
7414,333.182909
7415,333.174919
7416,333.165202
7417,333.153839
7418,333.140862
7419,333.126258
7420,333.109969
7421,333.091881
7422,333.071803
7423,333.049389
7424,333.154143
7425,333.178432
7426,333.207136
7427,333.240843
7428,333.280369
7429,333.326791
7430,333.381496
7431,333.446230
7432,333.523110
7433,333.614524
7434,333.722588
7435,333.834468
7436,333.923153
7437,333.993415
7438,334.048284
7439,334.089884
7440,334.119732
7441,334.138863
7442,334.147899
7443,334.147076
7444,334.136262
7445,334.114949
7446,334.082227
7447,334.036729
7448,333.976537
7449,333.898968
7450,333.800011
7451,333.690219
7452,333.597980
7453,333.521056
7454,333.456882
7455,333.403154
7456,333.357953
7457,333.319728
7458,333.287242
7459,333.259521
7460,333.235807
7461,333.215516
7462,333.198214
7463,333.183591
7464,333.171446
7465,333.161676
7466,333.154271
7467,333.149317
7468,333.146994
7469,333.147582
7470,333.151463
7471,333.159095
7472,333.170894
7473,333.178229
7474,333.181960
7475,333.182679
7476,333.180824
7477,333.176729
7478,333.170647
7479,333.162761
7480,333.153199
7481,333.142037
7482,333.129305
7483,333.114993
7484,333.099039
7485,333.081333
7486,333.061683
7487,333.039749
7488,333.145595
7489,333.169305
7490,333.197312
7491,333.230190
7492,333.268730
7493,333.313984
7494,333.367316
7495,333.430456
7496,333.505530
7497,333.594962
7498,333.700951
7499,333.810805
7500,333.897635
7501,333.966270
7502,334.019777
7503,334.060294
7504,334.089336
7505,334.107928
7506,334.116681
7507,334.115828
7508,334.105241
7509,334.084419
7510,334.052461
7511,334.008010
7512,333.949140
7513,333.873136
7514,333.775936
7515,333.668000
7516,333.577560
7517,333.502284
7518,333.439553
7519,333.387052
7520,333.342870
7521,333.305477
7522,333.273663
7523,333.246481
7524,333.223193
7525,333.203235
7526,333.186185
7527,333.171742
7528,333.159709
7529,333.149987
7530,333.142567
7531,333.137531
7532,333.135061
7533,333.135441
7534,333.139062
7535,333.146397
7536,333.157891
7537,333.164948
7538,333.168448
7539,333.168995
7540,333.167034
7541,333.162902
7542,333.156848
7543,333.149053
7544,333.139640
7545,333.128682
7546,333.116210
7547,333.102208
7548,333.086619
7549,333.069332
7550,333.050159
7551,333.028764
7552,333.135760
7553,333.158770
7554,333.185907
7555,333.217718
7556,333.254956
7557,333.298631
7558,333.350062
7559,333.410946
7560,333.483402
7561,333.569901
7562,333.672776
7563,333.779578
7564,333.863639
7565,333.929884
7566,333.981430
7567,334.020422
7568,334.048352
7569,334.066223
7570,334.074626
7571,334.073786
7572,334.063578
7573,334.043519
7574,334.012734
7575,333.969885
7576,333.913054
7577,333.839493
7578,333.745053
7579,333.640033
7580,333.552389
7581,333.479628
7582,333.419063
7583,333.368368
7584,333.325662
7585,333.289461
7586,333.258601
7587,333.232176
7588,333.209483
7589,333.189988
7590,333.173287
7591,333.159094
7592,333.147220
7593,333.137569
7594,333.130131
7595,333.124988
7596,333.122317
7597,333.122404
7598,333.125648
7599,333.132547
7600,333.143585
7601,333.150225
7602,333.153376
7603,333.153660
7604,333.151527
7605,333.147312
7606,333.141258
7607,333.133538
7608,333.124269
7609,333.113521
7610,333.101319
7611,333.087649
7612,333.072454
7613,333.055626
7614,333.036984
7615,333.016197
7616,333.124724
7617,333.146924
7618,333.173031
7619,333.203552
7620,333.239188
7621,333.280879
7622,333.329869
7623,333.387778
7624,333.456682
7625,333.539090
7626,333.637520
7627,333.739948
7628,333.820102
7629,333.883062
7630,333.931984
7631,333.968980
7632,333.995490
7633,334.012460
7634,334.020447
7635,334.019660
7636,334.009982
7637,333.990961
7638,333.961770
7639,333.921129
7640,333.867161
7641,333.797111
7642,333.706713
7643,333.605973
7644,333.522361
7645,333.453134
7646,333.395526
7647,333.347241
7648,333.306469
7649,333.271804
7650,333.242160
7651,333.216693
7652,333.194750
7653,333.175835
7654,333.159572
7655,333.145692
7656,333.134019
7657,333.124458
7658,333.116997
7659,333.111713
7660,333.108773
7661,333.108456
7662,333.111165
7663,333.117427
7664,333.127790
7665,333.133815
7666,333.136461
7667,333.136368
7668,333.133986
7669,333.129638
7670,333.123553
7671,333.115893
7672,333.106765
7673,333.096232
7674,333.084314
7675,333.070997
7676,333.056226
7677,333.039899
7678,333.021844
7679,333.001743
7680,333.112602
7681,333.133895
7682,333.158832
7683,333.187869
7684,333.221631
7685,333.260961
7686,333.306976
7687,333.361155
7688,333.425438
7689,333.502290
7690,333.594445
7691,333.690637
7692,333.765401
7693,333.824020
7694,333.869602
7695,333.904130
7696,333.928920
7697,333.944822
7698,333.952332
7699,333.951635
7700,333.942627
7701,333.924905
7702,333.897727
7703,333.859930
7704,333.809769
7705,333.744571
7706,333.659971
7707,333.565433
7708,333.487467
7709,333.422971
7710,333.369176
7711,333.323905
7712,333.285497
7713,333.252683
7714,333.224486
7715,333.200150
7716,333.179090
7717,333.160856
7718,333.145107
7719,333.131597
7720,333.120161
7721,333.110706
7722,333.103217
7723,333.097755
7724,333.094468
7725,333.093613
7726,333.095578
7727,333.100906
7728,333.110250
7729,333.115374
7730,333.117311
7731,333.116708
7732,333.113994
7733,333.109463
7734,333.103321
7735,333.095710
7736,333.086723
7737,333.076411
7738,333.064792
7739,333.051849
7740,333.037531
7741,333.021744
7742,333.004333
7743,332.985005
7744,333.099528
7745,333.119836
7746,333.143494
7747,333.170892
7748,333.202565
7749,333.239221
7750,333.281792
7751,333.331511
7752,333.390014
7753,333.459467
7754,333.542601
7755,333.629578
7756,333.696993
7757,333.750089
7758,333.791619
7759,333.823249
7760,333.846061
7761,333.860756
7762,333.867739
7763,333.867163
7764,333.858941
7765,333.842740
7766,333.817950
7767,333.783612
7768,333.738267
7769,333.679594
7770,333.603420
7771,333.518155
7772,333.447975
7773,333.389566
7774,333.340432
7775,333.298720
7776,333.263039
7777,333.232328
7778,333.205760
7779,333.182692
7780,333.162618
7781,333.145146
7782,333.129975
7783,333.116882
7784,333.105715
7785,333.096385
7786,333.088865
7787,333.083195
7788,333.079489
7789,333.077951
7790,333.078909
7791,333.082865
7792,333.090572
7793,333.094371
7794,333.095350
7795,333.094097
7796,333.090973
7797,333.086219
7798,333.080002
7799,333.072436
7800,333.063594
7801,333.053516
7802,333.042212
7803,333.029663
7804,333.015823
7805,333.000611
7806,332.983894
7807,332.965423
7808,333.085655
7809,333.104921
7810,333.127227
7811,333.152892
7812,333.182343
7813,333.216124
7814,333.254932
7815,333.299643
7816,333.351343
7817,333.411331
7818,333.480918
7819,333.552855
7820,333.610559
7821,333.657038
7822,333.693945
7823,333.722355
7824,333.743006
7825,333.756396
7826,333.762818
7827,333.762385
7828,333.755029
7829,333.740508
7830,333.718381
7831,333.687981
7832,333.648347
7833,333.598047
7834,333.534654
7835,333.464606
7836,333.404832
7837,333.353772
7838,333.309962
7839,333.272190
7840,333.239474
7841,333.211023
7842,333.186199
7843,333.164485
7844,333.145466
7845,333.128813
7846,333.114266
7847,333.101630
7848,333.090765
7849,333.081582
7850,333.074041
7851,333.068154
7852,333.063982
7853,333.061647
7854,333.061338
7855,333.063325
7856,333.067958
7857,333.069860
7858,333.069635
7859,333.067620
7860,333.064035
7861,333.059038
7862,333.052743
7863,333.045229
7864,333.036546
7865,333.026719
7866,333.015750
7867,333.003619
7868,332.990281
7869,332.975669
7870,332.959674
7871,332.942117
7872,333.071137
7873,333.089331
7874,333.110257
7875,333.134165
7876,333.161366
7877,333.192237
7878,333.227221
7879,333.266793
7880,333.311382
7881,333.361100
7882,333.414935
7883,333.468422
7884,333.515394
7885,333.554858
7886,333.586950
7887,333.612033
7888,333.630463
7889,333.642515
7890,333.648365
7891,333.648081
7892,333.641621
7893,333.628832
7894,333.609461
7895,333.583162
7896,333.549556
7897,333.508387
7898,333.460132
7899,333.408548
7900,333.360302
7901,333.317006
7902,333.278693
7903,333.244944
7904,333.215241
7905,333.189087
7906,333.166037
7907,333.145706
7908,333.127773
7909,333.111969
7910,333.098078
7911,333.085930
7912,333.075398
7913,333.066392
7914,333.058860
7915,333.052780
7916,333.048159
7917,333.045018
7918,333.043369
7919,333.043119
7920,333.043787
7921,333.043547
7922,333.042044
7923,333.039248
7924,333.035207
7925,333.029983
7926,333.023630
7927,333.016192
7928,333.007693
7929,332.998143
7930,332.987536
7931,332.975849
7932,332.963039
7933,332.949047
7934,332.933792
7935,332.917165
7936,333.056122
7937,333.073239
7938,333.092807
7939,333.115007
7940,333.140045
7941,333.168151
7942,333.199547
7943,333.234396
7944,333.272688
7945,333.314000
7946,333.357068
7947,333.399297
7948,333.437750
7949,333.471070
7950,333.498776
7951,333.520778
7952,333.537132
7953,333.547929
7954,333.553239
7955,333.553093
7956,333.547468
7957,333.536295
7958,333.519475
7959,333.496924
7960,333.468658
7961,333.434984
7962,333.396891
7963,333.356683
7964,333.317490
7965,333.280944
7966,333.247638
7967,333.217642
7968,333.190793
7969,333.166840
7970,333.145508
7971,333.126533
7972,333.109676
7973,333.094726
7974,333.081506
7975,333.069870
7976,333.059703
7977,333.050916
7978,333.043443
7979,333.037237
7980,333.032257
7981,333.028454
7982,333.025733
7983,333.023886
7984,333.022464
7985,333.020684
7986,333.018155
7987,333.014714
7988,333.010304
7989,333.004916
7990,332.998555
7991,332.991232
7992,332.982949
7993,332.973705
7994,332.963483
7995,332.952259
7996,332.939993
7997,332.926636
7998,332.912128
7999,332.896412
8000,333.040737
8001,333.056798
8002,333.075073
8003,333.095681
8004,333.118744
8005,333.144375
8006,333.172642
8007,333.203510
8008,333.236747
8009,333.271783
8010,333.307538
8011,333.342384
8012,333.374615
8013,333.403086
8014,333.427163
8015,333.446542
8016,333.461097
8017,333.470792
8018,333.475622
8019,333.475588
8020,333.470682
8021,333.460896
8022,333.446243
8023,333.426801
8024,333.402794
8025,333.374717
8026,333.343513
8027,333.310694
8028,333.278028
8029,333.246771
8030,333.217616
8031,333.190852
8032,333.166530
8033,333.144570
8034,333.124825
8035,333.107126
8036,333.091300
8037,333.077186
8038,333.064638
8039,333.053532
8040,333.043764
8041,333.035244
8042,333.027900
8043,333.021665
8044,333.016470
8045,333.012224
8046,333.008794
8047,333.005960
8048,333.003388
8049,333.000647
8050,332.997431
8051,332.993553
8052,332.988911
8053,332.983455
8054,332.977156
8055,332.970001
8056,332.961977
8057,332.953070
8058,332.943259
8059,332.932516
8060,332.920804
8061,332.908078
8062,332.894290
8063,332.879398
8064,333.025071
8065,333.040123
8066,333.057208
8067,333.076392
8068,333.097739
8069,333.121283
8070,333.146997
8071,333.174744
8072,333.204206
8073,333.234807
8074,333.265664
8075,333.295633
8076,333.323543
8077,333.348469
8078,333.369782
8079,333.387100
8080,333.400211
8081,333.409004
8082,333.413432
8083,333.413475
8084,333.409135
8085,333.400442
8086,333.387473
8087,333.370391
8088,333.349504
8089,333.325341
8090,333.298715
8091,333.270717
8092,333.242532
8093,333.215127
8094,333.189155
8095,333.164979
8096,333.142755
8097,333.122502
8098,333.104158
8099,333.087615
8100,333.072750
8101,333.059435
8102,333.047550
8103,333.036987
8104,333.027649
8105,333.019451
8106,333.012317
8107,333.006169
8108,333.000925
8109,332.996477
8110,332.992681
8111,332.989339
8112,332.986192
8113,332.982952
8114,332.979376
8115,332.975289
8116,332.970577
8117,332.965167
8118,332.959015
8119,332.952092
8120,332.944374
8121,332.935841
8122,332.926468
8123,332.916225
8124,332.905074
8125,332.892973
8126,332.879871
8127,332.865716
8128,333.009160
8129,333.023281
8130,333.039310
8131,333.057276
8132,333.077204
8133,333.099092
8134,333.122871
8135,333.148366
8136,333.175239
8137,333.202949
8138,333.230733
8139,333.257669
8140,333.282823
8141,333.305400
8142,333.324810
8143,333.340662
8144,333.352714
8145,333.360830
8146,333.364941
8147,333.365020
8148,333.361075
8149,333.353151
8150,333.341349
8151,333.325864
8152,333.307023
8153,333.285337
8154,333.261523
8155,333.236470
8156,333.211114
8157,333.186266
8158,333.162521
8159,333.140253
8160,333.119653
8161,333.100784
8162,333.083622
8163,333.068093
8164,333.054100
8165,333.041537
8166,333.030298
8167,333.020285
8168,333.011410
8169,333.003592
8170,332.996753
8171,332.990815
8172,332.985691
8173,332.981272
8174,332.977416
8175,332.973944
8176,332.970639
8177,332.967269
8178,332.963628
8179,332.959556
8180,332.954939
8181,332.949699
8182,332.943785
8183,332.937161
8184,332.929802
8185,332.921681
8186,332.912775
8187,332.903051
8188,332.892474
8189,332.880999
8190,332.868568
8191,332.855098
8192,332.995518
8193,333.007597
8194,333.019980
8195,333.032680
8196,333.045700
8197,333.059035
8198,333.072670
8199,333.086577
8200,333.100718
8201,333.115036
8202,333.129458
8203,333.143888
8204,333.158209
8205,333.172280
8206,333.185935
8207,333.198986
8208,333.211233
8209,333.222472
8210,333.232507
8211,333.241163
8212,333.248289
8213,333.253764
8214,333.257498
8215,333.259431
8216,333.259532
8217,333.257802
8218,333.254268
8219,333.248992
8220,333.242062
8221,333.233597
8222,333.223748
8223,333.212688
8224,333.200611
8225,333.187719
8226,333.174210
8227,333.160269
8228,333.146059
8229,333.131719
8230,333.117362
8231,333.103080
8232,333.088943
8233,333.075004
8234,333.061299
8235,333.047852
8236,333.034675
8237,333.021775
8238,333.009146
8239,332.996782
8240,332.984669
8241,332.972791
8242,332.961128
8243,332.949658
8244,332.938357
8245,332.927200
8246,332.916157
8247,332.905199
8248,332.894294
8249,332.883404
8250,332.872490
8251,332.861503
8252,332.850386
8253,332.839064
8254,332.827434
8255,332.815340
8256,333.006444
8257,333.019162
8258,333.032208
8259,333.045592
8260,333.059318
8261,333.073380
8262,333.087762
8263,333.102437
8264,333.117364
8265,333.132486
8266,333.147727
8267,333.162988
8268,333.178147
8269,333.193055
8270,333.207534
8271,333.221386
8272,333.234393
8273,333.246333
8274,333.256993
8275,333.266187
8276,333.273754
8277,333.279566
8278,333.283529
8279,333.285580
8280,333.285687
8281,333.283850
8282,333.280101
8283,333.274499
8284,333.267141
8285,333.258151
8286,333.247688
8287,333.235939
8288,333.223114
8289,333.209432
8290,333.195110
8291,333.180343
8292,333.165306
8293,333.150143
8294,333.134975
8295,333.119896
8296,333.104978
8297,333.090275
8298,333.075824
8299,333.061649
8300,333.047764
8301,333.034171
8302,333.020867
8303,333.007843
8304,332.995086
8305,332.982576
8306,332.970295
8307,332.958217
8308,332.946319
8309,332.934573
8310,332.922949
8311,332.911417
8312,332.899942
8313,332.888489
8314,332.877016
8315,332.865476
8316,332.853814
8317,332.841965
8318,332.829846
8319,332.817358
8320,333.016980
8321,333.030311
8322,333.043995
8323,333.058040
8324,333.072450
8325,333.087220
8326,333.102334
8327,333.117767
8328,333.133477
8329,333.149407
8330,333.165480
8331,333.181596
8332,333.197629
8333,333.213423
8334,333.228790
8335,333.243516
8336,333.257360
8337,333.270075
8338,333.281426
8339,333.291211
8340,333.299260
8341,333.305439
8342,333.309651
8343,333.311830
8344,333.311944
8345,333.309992
8346,333.306007
8347,333.300052
8348,333.292224
8349,333.282657
8350,333.271517
8351,333.259008
8352,333.245359
8353,333.230818
8354,333.215622
8355,333.199983
8356,333.184086
8357,333.168082
8358,333.152095
8359,333.136219
8360,333.120530
8361,333.105078
8362,333.089902
8363,333.075023
8364,333.060455
8365,333.046199
8366,333.032250
8367,333.018598
8368,333.005227
8369,332.992119
8370,332.979251
8371,332.966599
8372,332.954137
8373,332.941836
8374,332.929667
8375,332.917597
8376,332.905593
8377,332.893619
8378,332.881635
8379,332.869598
8380,332.857458
8381,332.845163
8382,332.832654
8383,332.819871
8384,333.027096
8385,333.041014
8386,333.055309
8387,333.069990
8388,333.085061
8389,333.100518
8390,333.116347
8391,333.132523
8392,333.149006
8393,333.165742
8394,333.182652
8395,333.199638
8396,333.216571
8397,333.233291
8398,333.249601
8399,333.265267
8400,333.280020
8401,333.293577
8402,333.305676
8403,333.316097
8404,333.324663
8405,333.331234
8406,333.335710
8407,333.338025
8408,333.338145
8409,333.336072
8410,333.331837
8411,333.325504
8412,333.317175
8413,333.306986
8414,333.295114
8415,333.281779
8416,333.267238
8417,333.251774
8418,333.235653
8419,333.219106
8420,333.202326
8421,333.185471
8422,333.168664
8423,333.152001
8424,333.135554
8425,333.119375
8426,333.103498
8427,333.087944
8428,333.072723
8429,333.057835
8430,333.043274
8431,333.029027
8432,333.015077
8433,333.001404
8434,332.987985
8435,332.974793
8436,332.961801
8437,332.948981
8438,332.936301
8439,332.923731
8440,332.911237
8441,332.898784
8442,332.886334
8443,332.873849
8444,332.861287
8445,332.848606
8446,332.835763
8447,332.822724
8448,333.036760
8449,333.051239
8450,333.066118
8451,333.081408
8452,333.097113
8453,333.113232
8454,333.129752
8455,333.146651
8456,333.163891
8457,333.181419
8458,333.199160
8459,333.217017
8460,333.234862
8461,333.252530
8462,333.269817
8463,333.286473
8464,333.302194
8465,333.316643
8466,333.329530
8467,333.340618
8468,333.349722
8469,333.356700
8470,333.361449
8471,333.363905
8472,333.364033
8473,333.361834
8474,333.357340
8475,333.350616
8476,333.341764
8477,333.330925
8478,333.318283
8479,333.304073
8480,333.288584
8481,333.272150
8482,333.255073
8483,333.237599
8484,333.219931
8485,333.202227
8486,333.184612
8487,333.167180
8488,333.150000
8489,333.133121
8490,333.116573
8491,333.100377
8492,333.084537
8493,333.069054
8494,333.053916
8495,333.039111
8496,333.024618
8497,333.010417
8498,332.996481
8499,332.982785
8500,332.969300
8501,332.955996
8502,332.942843
8503,332.929810
8504,332.916863
8505,332.903969
8506,332.891095
8507,332.878204
8508,332.865263
8509,332.852238
8510,332.839097
8511,332.825819
8512,333.045946
8513,333.060958
8514,333.076392
8515,333.092260
8516,333.108569
8517,333.125319
8518,333.142501
8519,333.160093
8520,333.178062
8521,333.196358
8522,333.214910
8523,333.233621
8524,333.252365
8525,333.270977
8526,333.289247
8527,333.306908
8528,333.323627
8529,333.338989
8530,333.352674
8531,333.364436
8532,333.374081
8533,333.381468
8534,333.386492
8535,333.389088
8536,333.389224
8537,333.386899
8538,333.382146
8539,333.375030
8540,333.365654
8541,333.354159
8542,333.340738
8543,333.325636
8544,333.309170
8545,333.291754
8546,333.273719
8547,333.255327
8548,333.236786
8549,333.218256
8550,333.199860
8551,333.181690
8552,333.163810
8553,333.146267
8554,333.129087
8555,333.112287
8556,333.095869
8557,333.079828
8558,333.064154
8559,333.048829
8560,333.033833
8561,333.019141
8562,333.004728
8563,332.990564
8564,332.976622
8565,332.962872
8566,332.949281
8567,332.935820
8568,332.922457
8569,332.909160
8570,332.895897
8571,332.882638
8572,332.869352
8573,332.856013
8574,332.842597
8575,332.829088
8576,333.054626
8577,333.070141
8578,333.086098
8579,333.102511
8580,333.119390
8581,333.136735
8582,333.154540
8583,333.172788
8584,333.191449
8585,333.210474
8586,333.229798
8587,333.249326
8588,333.268932
8589,333.288451
8590,333.307665
8591,333.326293
8592,333.343968
8593,333.360208
8594,333.374665
8595,333.387078
8596,333.397248
8597,333.405029
8598,333.410320
8599,333.413053
8600,333.413196
8601,333.410751
8602,333.405748
8603,333.398253
8604,333.388370
8605,333.376244
8606,333.362072
8607,333.346113
8608,333.328716
8609,333.310359
8610,333.291407
8611,333.272139
8612,333.252768
8613,333.233455
8614,333.214322
8615,333.195458
8616,333.176925
8617,333.158763
8618,333.140997
8619,333.123638
8620,333.106686
8621,333.090133
8622,333.073965
8623,333.058163
8624,333.042704
8625,333.027563
8626,333.012710
8627,332.998118
8628,332.983757
8629,332.969596
8630,332.955604
8631,332.941751
8632,332.928006
8633,332.914339
8634,332.900721
8635,332.887124
8636,332.873522
8637,332.859893
8638,332.846217
8639,332.832483
8640,333.062776
8641,333.078761
8642,333.095207
8643,333.112129
8644,333.129537
8645,333.147435
8646,333.165821
8647,333.184678
8648,333.203980
8649,333.223684
8650,333.243724
8651,333.264010
8652,333.284416
8653,333.304773
8654,333.324856
8655,333.344365
8656,333.362905
8657,333.379946
8658,333.395112
8659,333.408126
8660,333.418783
8661,333.426933
8662,333.432472
8663,333.435332
8664,333.435484
8665,333.432926
8666,333.427691
8667,333.419846
8668,333.409495
8669,333.396787
8670,333.381927
8671,333.365192
8672,333.346957
8673,333.327748
8674,333.307959
8675,333.287886
8676,333.267752
8677,333.247720
8678,333.227912
8679,333.208414
8680,333.189283
8681,333.170558
8682,333.152259
8683,333.134393
8684,333.116958
8685,333.099941
8686,333.083327
8687,333.067094
8688,333.051216
8689,333.035667
8690,333.020417
8691,333.005436
8692,332.990693
8693,332.976158
8694,332.961801
8695,332.947590
8696,332.933496
8697,332.919491
8698,332.905548
8699,332.891640
8700,332.877746
8701,332.863845
8702,332.849922
8703,332.835967
8704,333.070373
8705,333.086795
8706,333.103693
8707,333.121083
8708,333.138977
8709,333.157381
8710,333.176294
8711,333.195705
8712,333.215589
8713,333.235906
8714,333.256593
8715,333.277560
8716,333.298682
8717,333.319785
8718,333.340635
8719,333.360916
8720,333.380207
8721,333.397948
8722,333.413738
8723,333.427285
8724,333.438374
8725,333.446853
8726,333.452613
8727,333.455589
8728,333.455748
8729,333.453091
8730,333.447650
8731,333.439494
8732,333.428729
8733,333.415509
8734,333.400049
8735,333.382640
8736,333.363682
8737,333.343733
8738,333.323212
8739,333.302432
8740,333.281623
8741,333.260955
8742,333.240548
8743,333.220488
8744,333.200828
8745,333.181605
8746,333.162834
8747,333.144520
8748,333.126657
8749,333.109230
8750,333.092221
8751,333.075604
8752,333.059354
8753,333.043441
8754,333.027835
8755,333.012506
8756,332.997421
8757,332.982550
8758,332.967862
8759,332.953327
8760,332.938916
8761,332.924603
8762,332.910361
8763,332.896167
8764,332.882001
8765,332.867844
8766,332.853684
8767,332.839512
8768,333.077400
8769,333.094224
8770,333.111534
8771,333.129348
8772,333.147679
8773,333.166537
8774,333.185921
8775,333.205822
8776,333.226219
8777,333.247072
8778,333.268322
8779,333.289879
8780,333.311616
8781,333.333356
8782,333.354856
8783,333.375786
8784,333.395704
8785,333.414029
8786,333.430343
8787,333.444340
8788,333.455796
8789,333.464554
8790,333.470504
8791,333.473578
8792,333.473744
8793,333.471003
8794,333.465389
8795,333.456971
8796,333.445858
8797,333.432210
8798,333.416250
8799,333.398283
8800,333.378728
8801,333.358165
8802,333.337033
8803,333.315658
8804,333.294281
8805,333.273073
8806,333.252158
8807,333.231619
8808,333.211509
8809,333.191860
8810,333.172687
8811,333.153989
8812,333.135758
8813,333.117978
8814,333.100627
8815,333.083679
8816,333.067105
8817,333.050875
8818,333.034957
8819,333.019320
8820,333.003932
8821,332.988762
8822,332.973778
8823,332.958952
8824,332.944255
8825,332.929661
8826,332.915146
8827,332.900688
8828,332.886268
8829,332.871870
8830,332.857482
8831,332.843096
8832,333.083843
8833,333.101031
8834,333.118712
8835,333.136904
8836,333.155622
8837,333.174875
8838,333.194666
8839,333.214988
8840,333.235820
8841,333.257125
8842,333.278844
8843,333.300889
8844,333.323130
8845,333.345386
8846,333.367408
8847,333.388854
8848,333.409270
8849,333.428059
8850,333.444789
8851,333.459142
8852,333.470891
8853,333.479872
8854,333.485973
8855,333.489127
8856,333.489300
8857,333.486493
8858,333.480742
8859,333.472117
8860,333.460729
8861,333.446745
8862,333.430394
8863,333.411992
8864,333.391972
8865,333.370929
8866,333.349316
8867,333.327472
8868,333.305642
8869,333.284004
8870,333.262681
8871,333.241757
8872,333.221283
8873,333.201288
8874,333.181786
8875,333.162774
8876,333.144241
8877,333.126169
8878,333.108533
8879,333.091306
8880,333.074459
8881,333.057959
8882,333.041774
8883,333.025872
8884,333.010220
8885,332.994787
8886,332.979543
8887,332.964457
8888,332.949504
8889,332.934657
8890,332.919893
8891,332.905191
8892,332.890534
8893,332.875907
8894,332.861299
8895,332.846703
8896,333.089693
8897,333.107208
8898,333.125217
8899,333.143738
8900,333.162788
8901,333.182377
8902,333.202508
8903,333.223174
8904,333.244358
8905,333.266023
8906,333.288111
8907,333.310532
8908,333.333158
8909,333.355803
8910,333.378213
8911,333.400040
8912,333.420820
8913,333.439946
8914,333.456978
8915,333.471592
8916,333.483553
8917,333.492696
8918,333.498908
8919,333.502120
8920,333.502299
8921,333.499446
8922,333.493597
8923,333.484823
8924,333.473240
8925,333.459017
8926,333.442388
8927,333.423677
8928,333.403327
8929,333.381942
8930,333.359985
8931,333.337803
8932,333.315645
8933,333.293693
8934,333.272070
8935,333.250860
8936,333.230115
8937,333.209861
8938,333.190109
8939,333.170857
8940,333.152090
8941,333.133788
8942,333.115927
8943,333.098478
8944,333.081409
8945,333.064688
8946,333.048282
8947,333.032157
8948,333.016281
8949,333.000623
8950,332.985152
8951,332.969839
8952,332.954657
8953,332.939582
8954,332.924592
8955,332.909666
8956,332.894788
8957,332.879944
8958,332.865124
8959,332.850320
8960,333.094948
8961,333.112751
8962,333.131044
8963,333.149845
8964,333.169171
8965,333.189032
8966,333.209432
8967,333.230365
8968,333.251813
8969,333.273741
8970,333.296091
8971,333.318774
8972,333.341659
8973,333.364562
8974,333.387223
8975,333.409292
8976,333.430300
8977,333.449636
8978,333.466853
8979,333.481626
8980,333.493717
8981,333.502959
8982,333.509238
8983,333.512485
8984,333.512668
8985,333.509789
8986,333.503882
8987,333.495022
8988,333.483326
8989,333.468962
8990,333.452171
8991,333.433281
8992,333.412737
8993,333.391150
8994,333.368990
8995,333.346604
8996,333.324248
8997,333.302103
8998,333.280294
8999,333.258904
9000,333.237984
9001,333.217560
9002,333.197641
9003,333.178224
9004,333.159294
9005,333.140830
9006,333.122805
9007,333.105189
9008,333.087952
9009,333.071059
9010,333.054477
9011,333.038172
9012,333.022112
9013,333.006265
9014,332.990601
9015,332.975092
9016,332.959710
9017,332.944433
9018,332.929237
9019,332.914106
9020,332.899021
9021,332.883972
9022,332.868947
9023,332.853940
9024,333.099610
9025,333.117663
9026,333.136196
9027,333.155227
9028,333.174772
9029,333.194841
9030,333.215437
9031,333.236556
9032,333.258179
9033,333.280271
9034,333.302775
9035,333.325601
9036,333.348619
9037,333.371644
9038,333.394417
9039,333.416589
9040,333.437687
9041,333.457102
9042,333.474387
9043,333.489216
9044,333.501351
9045,333.510626
9046,333.516928
9047,333.520188
9048,333.520373
9049,333.517487
9050,333.511565
9051,333.502681
9052,333.490953
9053,333.476551
9054,333.459715
9055,333.440773
9056,333.420173
9057,333.398526
9058,333.376303
9059,333.353853
9060,333.331430
9061,333.309217
9062,333.287337
9063,333.265874
9064,333.244878
9065,333.224376
9066,333.204376
9067,333.184872
9068,333.165851
9069,333.147290
9070,333.129163
9071,333.111439
9072,333.094086
9073,333.077071
9074,333.060360
9075,333.043918
9076,333.027714
9077,333.011715
9078,332.995891
9079,332.980215
9080,332.964661
9081,332.949205
9082,332.933826
9083,332.918506
9084,332.903229
9085,332.887985
9086,332.872762
9087,332.857556
9088,333.103689
9089,333.121955
9090,333.140684
9091,333.159895
9092,333.179602
9093,333.199815
9094,333.220536
9095,333.241760
9096,333.263468
9097,333.285624
9098,333.308171
9099,333.331021
9100,333.354044
9101,333.377056
9102,333.399802
9103,333.421934
9104,333.442986
9105,333.462349
9106,333.479583
9107,333.494364
9108,333.506457
9109,333.515699
9110,333.521977
9111,333.525225
9112,333.525410
9113,333.522537
9114,333.516641
9115,333.507797
9116,333.496120
9117,333.481780
9118,333.465015
9119,333.446151
9120,333.425633
9121,333.404069
9122,333.381924
9123,333.359548
9124,333.337190
9125,333.315033
9126,333.293200
9127,333.271773
9128,333.250801
9129,333.230313
9130,333.210315
9131,333.190803
9132,333.171763
9133,333.153173
9134,333.135005
9135,333.117231
9136,333.099816
9137,333.082729
9138,333.065934
9139,333.049398
9140,333.033088
9141,333.016973
9142,333.001023
9143,332.985211
9144,332.969510
9145,332.953899
9146,332.938356
9147,332.922865
9148,332.907410
9149,332.891980
9150,332.876567
9151,332.861164
9152,333.107202
9153,333.125643
9154,333.144526
9155,333.163868
9156,333.183682
9157,333.203976
9158,333.224751
9159,333.246001
9160,333.267705
9161,333.289827
9162,333.312310
9163,333.335065
9164,333.357966
9165,333.380830
9166,333.403409
9167,333.425361
9168,333.446227
9169,333.465409
9170,333.482472
9171,333.497100
9172,333.509066
9173,333.518207
9174,333.524416
9175,333.527627
9176,333.527810
9177,333.524968
9178,333.519139
9179,333.510396
9180,333.498852
9181,333.484674
9182,333.468097
9183,333.449440
9184,333.429141
9185,333.407800
9186,333.385876
9187,333.363710
9188,333.341550
9189,333.319572
9190,333.297900
9191,333.276615
9192,333.255766
9193,333.235382
9194,333.215470
9195,333.196028
9196,333.177040
9197,333.158486
9198,333.140340
9199,333.122572
9200,333.105149
9201,333.088037
9202,333.071204
9203,333.054616
9204,333.038239
9205,333.022044
9206,333.006000
9207,332.990080
9208,332.974259
9209,332.958515
9210,332.942828
9211,332.927181
9212,332.911561
9213,332.895956
9214,332.880359
9215,332.864764
9216,333.110171
9217,333.128752
9218,333.147748
9219,333.167174
9220,333.187042
9221,333.207357
9222,333.228118
9223,333.249317
9224,333.270933
9225,333.292926
9226,333.315240
9227,333.337787
9228,333.360440
9229,333.383026
9230,333.405299
9231,333.426930
9232,333.447472
9233,333.466341
9234,333.483115
9235,333.497488
9236,333.509240
9237,333.518215
9238,333.524309
9239,333.527458
9240,333.527635
9241,333.524843
9242,333.519120
9243,333.510537
9244,333.499206
9245,333.485290
9246,333.469015
9247,333.450693
9248,333.430749
9249,333.409771
9250,333.388206
9251,333.366385
9252,333.344549
9253,333.322871
9254,333.301471
9255,333.280431
9256,333.259800
9257,333.239607
9258,333.219863
9259,333.200564
9260,333.181698
9261,333.163245
9262,333.145180
9263,333.127473
9264,333.110093
9265,333.093006
9266,333.076180
9267,333.059580
9268,333.043175
9269,333.026933
9270,333.010826
9271,332.994827
9272,332.978911
9273,332.963056
9274,332.947244
9275,332.931458
9276,332.915685
9277,332.899914
9278,332.884139
9279,332.868355
9280,333.112626
9281,333.131313
9282,333.150384
9283,333.169850
9284,333.189722
9285,333.210001
9286,333.230686
9287,333.251763
9288,333.273210
9289,333.294986
9290,333.317032
9291,333.339261
9292,333.361550
9293,333.383727
9294,333.405561
9295,333.426732
9296,333.446813
9297,333.465240
9298,333.481608
9299,333.495625
9300,333.507080
9301,333.515825
9302,333.521759
9303,333.524823
9304,333.524989
9305,333.522264
9306,333.516682
9307,333.508316
9308,333.497274
9309,333.483714
9310,333.467853
9311,333.449991
9312,333.430537
9313,333.410059
9314,333.388988
9315,333.367641
9316,333.346251
9317,333.324985
9318,333.303963
9319,333.283264
9320,333.262941
9321,333.243022
9322,333.223521
9323,333.204437
9324,333.185759
9325,333.167468
9326,333.149541
9327,333.131950
9328,333.114662
9329,333.097647
9330,333.080870
9331,333.064299
9332,333.047902
9333,333.031648
9334,333.015508
9335,332.999457
9336,332.983470
9337,332.967526
9338,332.951606
9339,332.935696
9340,332.919782
9341,332.903855
9342,332.887908
9343,332.871938
9344,333.114600
9345,333.133363
9346,333.152473
9347,333.171940
9348,333.191769
9349,333.211962
9350,333.232512
9351,333.253403
9352,333.274609
9353,333.296087
9354,333.317775
9355,333.339587
9356,333.361400
9357,333.383051
9358,333.404315
9359,333.424893
9360,333.444380
9361,333.462239
9362,333.478088
9363,333.491652
9364,333.502733
9365,333.511187
9366,333.516921
9367,333.519875
9368,333.520026
9369,333.517380
9370,333.511973
9371,333.503874
9372,333.493191
9373,333.480075
9374,333.464735
9375,333.447454
9376,333.428619
9377,333.408773
9378,333.388323
9379,333.367571
9380,333.346739
9381,333.325991
9382,333.305441
9383,333.285173
9384,333.265238
9385,333.245669
9386,333.226482
9387,333.207678
9388,333.189249
9389,333.171178
9390,333.153444
9391,333.136018
9392,333.118872
9393,333.101972
9394,333.085287
9395,333.068784
9396,333.052430
9397,333.036196
9398,333.020053
9399,333.003976
9400,332.987941
9401,332.971928
9402,332.955918
9403,332.939898
9404,332.923854
9405,332.907779
9406,332.891666
9407,332.875513
9408,333.116133
9409,333.134944
9410,333.154061
9411,333.173492
9412,333.193240
9413,333.213302
9414,333.233666
9415,333.254315
9416,333.275217
9417,333.296327
9418,333.317579
9419,333.338886
9420,333.360127
9421,333.381142
9422,333.401720
9423,333.421578
9424,333.440344
9425,333.457516
9426,333.472743
9427,333.485768
9428,333.496403
9429,333.504514
9430,333.510008
9431,333.512832
9432,333.512962
9433,333.510405
9434,333.505198
9435,333.497411
9436,333.487147
9437,333.474554
9438,333.459829
9439,333.443241
9440,333.425147
9441,333.406056
9442,333.386343
9443,333.366294
9444,333.346119
9445,333.325978
9446,333.305985
9447,333.286224
9448,333.266750
9449,333.247598
9450,333.228787
9451,333.210322
9452,333.192198
9453,333.174401
9454,333.156910
9455,333.139698
9456,333.122738
9457,333.105997
9458,333.089443
9459,333.073043
9460,333.056767
9461,333.040583
9462,333.024466
9463,333.008388
9464,332.992327
9465,332.976264
9466,332.960182
9467,332.944065
9468,332.927903
9469,332.911688
9470,332.895415
9471,332.879082
9472,333.117269
9473,333.136102
9474,333.155199
9475,333.174564
9476,333.194196
9477,333.214088
9478,333.234226
9479,333.254586
9480,333.275132
9481,333.295816
9482,333.316569
9483,333.337300
9484,333.357890
9485,333.378181
9486,333.397973
9487,333.417002
9488,333.434930
9489,333.451312
9490,333.465828
9491,333.478241
9492,333.488372
9493,333.496094
9494,333.501318
9495,333.503991
9496,333.504092
9497,333.501631
9498,333.496643
9499,333.489199
9500,333.479401
9501,333.467393
9502,333.453364
9503,333.437564
9504,333.420321
9505,333.402089
9506,333.383211
9507,333.363952
9508,333.344514
9509,333.325054
9510,333.305686
9511,333.286496
9512,333.267542
9513,333.248864
9514,333.230484
9515,333.212411
9516,333.194642
9517,333.177165
9518,333.159963
9519,333.143010
9520,333.126277
9521,333.109735
9522,333.093349
9523,333.077088
9524,333.060921
9525,333.044818
9526,333.028752
9527,333.012697
9528,332.996632
9529,332.980538
9530,332.964397
9531,332.948198
9532,332.931928
9533,332.915581
9534,332.899153
9535,332.882643
9536,333.118053
9537,333.136888
9538,333.155942
9539,333.175215
9540,333.194703
9541,333.214396
9542,333.234274
9543,333.254309
9544,333.274461
9545,333.294676
9546,333.314883
9547,333.334988
9548,333.354870
9549,333.374376
9550,333.393311
9551,333.411431
9552,333.428431
9553,333.443947
9554,333.457690
9555,333.469439
9556,333.479024
9557,333.486323
9558,333.491252
9559,333.493758
9560,333.493824
9561,333.491458
9562,333.486699
9563,333.479617
9564,333.470313
9565,333.458929
9566,333.445647
9567,333.430702
9568,333.414393
9569,333.397095
9570,333.379117
9571,333.360708
9572,333.342064
9573,333.323337
9574,333.304645
9575,333.286074
9576,333.267688
9577,333.249529
9578,333.231624
9579,333.213985
9580,333.196613
9581,333.179500
9582,333.162627
9583,333.145972
9584,333.129507
9585,333.113199
9586,333.097017
9587,333.080927
9588,333.064899
9589,333.048903
9590,333.032913
9591,333.016904
9592,333.000855
9593,332.984746
9594,332.968563
9595,332.952293
9596,332.935926
9597,332.919455
9598,332.902878
9599,332.886193
9600,333.118535
9601,333.137354
9602,333.156345
9603,333.175507
9604,333.194831
9605,333.214302
9606,333.233897
9607,333.253583
9608,333.273316
9609,333.293036
9610,333.312669
9611,333.332119
9612,333.351265
9613,333.369956
9614,333.388006
9615,333.405191
9616,333.421241
9617,333.435866
9618,333.448810
9619,333.459870
9620,333.468888
9621,333.475745
9622,333.480360
9623,333.482687
9624,333.482707
9625,333.480432
9626,333.475901
9627,333.469183
9628,333.460382
9629,333.449631
9630,333.437108
9631,333.423033
9632,333.407670
9633,333.391325
9634,333.374270
9635,333.356738
9636,333.338915
9637,333.320952
9638,333.302966
9639,333.285047
9640,333.267261
9641,333.249654
9642,333.232258
9643,333.215088
9644,333.198148
9645,333.181432
9646,333.164925
9647,333.148604
9648,333.132440
9649,333.116401
9650,333.100454
9651,333.084565
9652,333.068703
9653,333.052840
9654,333.036949
9655,333.021006
9656,333.004990
9657,332.988884
9658,332.972673
9659,332.956344
9660,332.939889
9661,332.923302
9662,332.906580
9663,332.889725
9664,333.118764
9665,333.137553
9666,333.156468
9667,333.175505
9668,333.194650
9669,333.213887
9670,333.233185
9671,333.252510
9672,333.271810
9673,333.291025
9674,333.310076
9675,333.328864
9676,333.347270
9677,333.365149
9678,333.382326
9679,333.398595
9680,333.413727
9681,333.427479
9682,333.439634
9683,333.450007
9684,333.458452
9685,333.464860
9686,333.469155
9687,333.471292
9688,333.471256
9689,333.469060
9690,333.464745
9691,333.458380
9692,333.450065
9693,333.439931
9694,333.428144
9695,333.414905
9696,333.400448
9697,333.385026
9698,333.368878
9699,333.352215
9700,333.335215
9701,333.318023
9702,333.300755
9703,333.283502
9704,333.266334
9705,333.249300
9706,333.232435
9707,333.215759
9708,333.199278
9709,333.182989
9710,333.166877
9711,333.150920
9712,333.135088
9713,333.119347
9714,333.103663
9715,333.088002
9716,333.072331
9717,333.056623
9718,333.040851
9719,333.024993
9720,333.009028
9721,332.992939
9722,332.976713
9723,332.960337
9724,332.943804
9725,332.927108
9726,332.910248
9727,332.893225
9728,333.118790
9729,333.137538
9730,333.156367
9731,333.175270
9732,333.194231
9733,333.213227
9734,333.232226
9735,333.251187
9736,333.270056
9737,333.288770
9738,333.307245
9739,333.325385
9740,333.343072
9741,333.360166
9742,333.376507
9743,333.391909
9744,333.406175
9745,333.419100
9746,333.430497
9747,333.440204
9748,333.448090
9749,333.454053
9750,333.458025
9751,333.459965
9752,333.459861
9753,333.457728
9754,333.453608
9755,333.447569
9756,333.439708
9757,333.430150
9758,333.419049
9759,333.406588
9760,333.392971
9761,333.378414
9762,333.363128
9763,333.347303
9764,333.331103
9765,333.314667
9766,333.298111
9767,333.281524
9768,333.264978
9769,333.248526
9770,333.232205
9771,333.216038
9772,333.200034
9773,333.184191
9774,333.168498
9775,333.152930
9776,333.137456
9777,333.122039
9778,333.106642
9779,333.091231
9780,333.075772
9781,333.060239
9782,333.044604
9783,333.028847
9784,333.012948
9785,332.996890
9786,332.980661
9787,332.964249
9788,332.947648
9789,332.930852
9790,332.913860
9791,332.896674
9792,333.118659
9793,333.137359
9794,333.156099
9795,333.174865
9796,333.193641
9797,333.212398
9798,333.231103
9799,333.249708
9800,333.268160
9801,333.286388
9802,333.304312
9803,333.321832
9804,333.338836
9805,333.355192
9806,333.370751
9807,333.385348
9808,333.398812
9809,333.410967
9810,333.421653
9811,333.430729
9812,333.438076
9813,333.443607
9814,333.447259
9815,333.448996
9816,333.448811
9817,333.446720
9818,333.442766
9819,333.437016
9820,333.429563
9821,333.420525
9822,333.410045
9823,333.398287
9824,333.385432
9825,333.371669
9826,333.357181
9827,333.342141
9828,333.326701
9829,333.310992
9830,333.295125
9831,333.279190
9832,333.263258
9833,333.247385
9834,333.231609
9835,333.215957
9836,333.200439
9837,333.185057
9838,333.169797
9839,333.154637
9840,333.139541
9841,333.124469
9842,333.109379
9843,333.094236
9844,333.079006
9845,333.063663
9846,333.048181
9847,333.032539
9848,333.016719
9849,333.000705
9850,332.984485
9851,332.968048
9852,332.951387
9853,332.934499
9854,332.917383
9855,332.900042
9856,333.118417
9857,333.137067
9858,333.155715
9859,333.174348
9860,333.192944
9861,333.211472
9862,333.229895
9863,333.248163
9864,333.266218
9865,333.283990
9866,333.301396
9867,333.318338
9868,333.334709
9869,333.350383
9870,333.365223
9871,333.379085
9872,333.391815
9873,333.403264
9874,333.413292
9875,333.421777
9876,333.428616
9877,333.433730
9878,333.437067
9879,333.438597
9880,333.438315
9881,333.436240
9882,333.432417
9883,333.426911
9884,333.419811
9885,333.411229
9886,333.401295
9887,333.390159
9888,333.377981
9889,333.364929
9890,333.351167
9891,333.336849
9892,333.322115
9893,333.307090
9894,333.291878
9895,333.276569
9896,333.261232
9897,333.245924
9898,333.230686
9899,333.215545
9900,333.200514
9901,333.185596
9902,333.170778
9903,333.156036
9904,333.141333
9905,333.126619
9906,333.111849
9907,333.096986
9908,333.081998
9909,333.066857
9910,333.051539
9911,333.036025
9912,333.020295
9913,333.004336
9914,332.988135
9915,332.971684
9916,332.954975
9917,332.938004
9918,332.920773
9919,332.903283
9920,333.118107
9921,333.136705
9922,333.155265
9923,333.173771
9924,333.192198
9925,333.210513
9926,333.228674
9927,333.246630
9928,333.264320
9929,333.281672
9930,333.298603
9931,333.315018
9932,333.330812
9933,333.345867
9934,333.360059
9935,333.373255
9936,333.385322
9937,333.396129
9938,333.405555
9939,333.413493
9940,333.419854
9941,333.424572
9942,333.427600
9943,333.428916
9944,333.428520
9945,333.426434
9946,333.422702
9947,333.417389
9948,333.410582
9949,333.402384
9950,333.392918
9951,333.382318
9952,333.370731
9953,333.358305
9954,333.345188
9955,333.331520
9956,333.317432
9957,333.303038
9958,333.288438
9959,333.273719
9960,333.258949
9961,333.244185
9962,333.229468
9963,333.214826
9964,333.200274
9965,333.185814
9966,333.171436
9967,333.157114
9968,333.142807
9969,333.128455
9970,333.114010
9971,333.099435
9972,333.084695
9973,333.069765
9974,333.054620
9975,333.039242
9976,333.023612
9977,333.007718
9978,332.991547
9979,332.975091
9980,332.958344
9981,332.941302
9982,332.923965
9983,332.906338
9984,333.117764
9985,333.136312
9986,333.154791
9987,333.173181
9988,333.191455
9989,333.209577
9990,333.227503
9991,333.245179
9992,333.262542
9993,333.279518
9994,333.296024
9995,333.311967
9996,333.327247
9997,333.341751
9998,333.355365
9999,333.367968
10000,333.379441
10001,333.389669
10002,333.398547
10003,333.405981
10004,333.411897
10005,333.416235
10006,333.418961
10007,333.420056
10008,333.419527
10009,333.417398
10010,333.413714
10011,333.408542
10012,333.401963
10013,333.394076
10014,333.384996
10015,333.374847
10016,333.363761
10017,333.351875
10018,333.339321
10019,333.326230
10020,333.312719
10021,333.298897
10022,333.284860
10023,333.270688
10024,333.256450
10025,333.242200
10026,333.227979
10027,333.213817
10028,333.199728
10029,333.185714
10030,333.171765
10031,333.157853
10032,333.143933
10033,333.129938
10034,333.115817
10035,333.101529
10036,333.087040
10037,333.072325
10038,333.057359
10039,333.042123
10040,333.026602
10041,333.010780
10042,332.994649
10043,332.978199
10044,332.961424
10045,332.944322
10046,332.926892
10047,332.909140
10048,333.117420
10049,333.135924
10050,333.154331
10051,333.172620
10052,333.190761
10053,333.208716
10054,333.226437
10055,333.243870
10056,333.260948
10057,333.277597
10058,333.293734
10059,333.309267
10060,333.324097
10061,333.338119
10062,333.351225
10063,333.363305
10064,333.374252
10065,333.383962
10066,333.392344
10067,333.399317
10068,333.404816
10069,333.408793
10070,333.411219
10071,333.412085
10072,333.411401
10073,333.409195
10074,333.405515
10075,333.400426
10076,333.394009
10077,333.386359
10078,333.377584
10079,333.367799
10080,333.357128
10081,333.345695
10082,333.333623
10083,333.321030
10084,333.308028
10085,333.294716
10086,333.281185
10087,333.267513
10088,333.253765
10089,333.239994
10090,333.226240
10091,333.212532
10092,333.198883
10093,333.185297
10094,333.171759
10095,333.158241
10096,333.144693
10097,333.131044
10098,333.117238
10099,333.103233
10100,333.088995
10101,333.074495
10102,333.059710
10103,333.044622
10104,333.029214
10105,333.013474
10106,332.997391
10107,332.980956
10108,332.964165
10109,332.947015
10110,332.929506
10111,332.911644
10112,333.117102
10113,333.135568
10114,333.153915
10115,333.172120
10116,333.190151
10117,333.207967
10118,333.225521
10119,333.242752
10120,333.259593
10121,333.275968
10122,333.291794
10123,333.306979
10124,333.321427
10125,333.335036
10126,333.347704
10127,333.359330
10128,333.369815
10129,333.379066
10130,333.387001
10131,333.393551
10132,333.398660
10133,333.402290
10134,333.404418
10135,333.405043
10136,333.404180
10137,333.401861
10138,333.398137
10139,333.393074
10140,333.386752
10141,333.379265
10142,333.370713
10143,333.361209
10144,333.350867
10145,333.339802
10146,333.328129
10147,333.315958
10148,333.303392
10149,333.290527
10150,333.277445
10151,333.264222
10152,333.250919
10153,333.237587
10154,333.224266
10155,333.210981
10156,333.197746
10157,333.184562
10158,333.171414
10159,333.158269
10160,333.145076
10161,333.131757
10162,333.118256
10163,333.104526
10164,333.090533
10165,333.076247
10166,333.061644
10167,333.046707
10168,333.031418
10169,333.015765
10170,332.999738
10171,332.983330
10172,332.966534
10173,332.949349
10174,332.931775
10175,332.913820
10176,333.116828
10177,333.135264
10178,333.153564
10179,333.171705
10180,333.189652
10181,333.207363
10182,333.224787
10183,333.241861
10184,333.258516
10185,333.274675
10186,333.290251
10187,333.305153
10188,333.319286
10189,333.332552
10190,333.344851
10191,333.356089
10192,333.366172
10193,333.375018
10194,333.382552
10195,333.388714
10196,333.393457
10197,333.396750
10198,333.398580
10199,333.398950
10200,333.397881
10201,333.395411
10202,333.391594
10203,333.386498
10204,333.380204
10205,333.372803
10206,333.364397
10207,333.355090
10208,333.344992
10209,333.334212
10210,333.322859
10211,333.311034
10212,333.298834
10213,333.286350
10214,333.273659
10215,333.260831
10216,333.247926
10217,333.234992
10218,333.222065
10219,333.209170
10220,333.196320
10221,333.183511
10222,333.170727
10223,333.157933
10224,333.145074
10225,333.132069
10226,333.118859
10227,333.105395
10228,333.091639
10229,333.077563
10230,333.063142
10231,333.048356
10232,333.033190
10233,333.017631
10234,333.001669
10235,332.985295
10236,332.968506
10237,332.951300
10238,332.933678
10239,332.915646
10240,333.116610
10241,333.135024
10242,333.153294
10243,333.171392
10244,333.189283
10245,333.206923
10246,333.224258
10247,333.241223
10248,333.257746
10249,333.273747
10250,333.289136
10251,333.303823
10252,333.317710
10253,333.330701
10254,333.342698
10255,333.353610
10256,333.363351
10257,333.371842
10258,333.379017
10259,333.384823
10260,333.389220
10261,333.392185
10262,333.393710
10263,333.393808
10264,333.392504
10265,333.389843
10266,333.385881
10267,333.380692
10268,333.374357
10269,333.366970
10270,333.358630
10271,333.349440
10272,333.339505
10273,333.328931
10274,333.317818
10275,333.306265
10276,333.294363
10277,333.282194
10278,333.269835
10279,333.257350
10280,333.244795
10281,333.232215
10282,333.219644
10283,333.207104
10284,333.194605
10285,333.182142
10286,333.169697
10287,333.157230
10288,333.144683
10289,333.131975
10290,333.119040
10291,333.105830
10292,333.092305
10293,333.078434
10294,333.064191
10295,333.049558
10296,333.034518
10297,333.019058
10298,333.003167
10299,332.986839
10300,332.970069
10301,332.952855
10302,332.935200
10303,332.917111
10304,333.116451
10305,333.134853
10306,333.153107
10307,333.171185
10308,333.189051
10309,333.206657
10310,333.223946
10311,333.240852
10312,333.257299
10313,333.273202
10314,333.288470
10315,333.303009
10316,333.316718
10317,333.329502
10318,333.341263
10319,333.351911
10320,333.361364
10321,333.369548
10322,333.376402
10323,333.381879
10324,333.385946
10325,333.388587
10326,333.389801
10327,333.389606
10328,333.388036
10329,333.385139
10330,333.380981
10331,333.375637
10332,333.369194
10333,333.361747
10334,333.353396
10335,333.344244
10336,333.334393
10337,333.323946
10338,333.312999
10339,333.301647
10340,333.289974
10341,333.278060
10342,333.265975
10343,333.253780
10344,333.241527
10345,333.229257
10346,333.217003
10347,333.204782
10348,333.192602
10349,333.180456
10350,333.168321
10351,333.156157
10352,333.143902
10353,333.131471
10354,333.118797
10355,333.105829
10356,333.092525
10357,333.078853
10358,333.064787
10359,333.050306
10360,333.035394
10361,333.020038
10362,333.004226
10363,332.987953
10364,332.971213
10365,332.954006
10366,332.936335
10367,332.918206
10368,333.116346
10369,333.134746
10370,333.153001
10371,333.171082
10372,333.188952
10373,333.206561
10374,333.223850
10375,333.240748
10376,333.257176
10377,333.273044
10378,333.288257
10379,333.302716
10380,333.316317
10381,333.328961
10382,333.340549
10383,333.350993
10384,333.360210
10385,333.368131
10386,333.374699
10387,333.379872
10388,333.383622
10389,333.385939
10390,333.386831
10391,333.386320
10392,333.384448
10393,333.381272
10394,333.376861
10395,333.371300
10396,333.364680
10397,333.357100
10398,333.348663
10399,333.339472
10400,333.329630
10401,333.319235
10402,333.308383
10403,333.297163
10404,333.285656
10405,333.273936
10406,333.262069
10407,333.250113
10408,333.238116
10409,333.226115
10410,333.214137
10411,333.202200
10412,333.190307
10413,333.178448
10414,333.166598
10415,333.154713
10416,333.142728
10417,333.130556
10418,333.118128
10419,333.105389
10420,333.092297
10421,333.078818
10422,333.064925
10423,333.050597
10424,333.035815
10425,333.020567
10426,333.004843
10427,332.988634
10428,332.971937
10429,332.954751
10430,332.937079
10431,332.918930
10432,333.116282
10433,333.134689
10434,333.152960
10435,333.171068
10436,333.188972
10437,333.206622
10438,333.223955
10439,333.240898
10440,333.257365
10441,333.273262
10442,333.288488
10443,333.302936
10444,333.316497
10445,333.329068
10446,333.340546
10447,333.350842
10448,333.359874
10449,333.367573
10450,333.373886
10451,333.378775
10452,333.382218
10453,333.384210
10454,333.384764
10455,333.383912
10456,333.381701
10457,333.378198
10458,333.373479
10459,333.367637
10460,333.360771
10461,333.352986
10462,333.344389
10463,333.335086
10464,333.325179
10465,333.314766
10466,333.303941
10467,333.292788
10468,333.281386
10469,333.269804
10470,333.258104
10471,333.246339
10472,333.234552
10473,333.222778
10474,333.211041
10475,333.199353
10476,333.187716
10477,333.176115
10478,333.164524
10479,333.152895
10480,333.141160
10481,333.129230
10482,333.117032
10483,333.104512
10484,333.091623
10485,333.078331
10486,333.064608
10487,333.050431
10488,333.035782
10489,333.020647
10490,333.005016
10491,332.988882
10492,332.972239
10493,332.955088
10494,332.937433
10495,332.919282
10496,333.116238
10497,333.134659
10498,333.152961
10499,333.171117
10500,333.189085
10501,333.206813
10502,333.224235
10503,333.241274
10504,333.257840
10505,333.273830
10506,333.289136
10507,333.303642
10508,333.317233
10509,333.329796
10510,333.341226
10511,333.351428
10512,333.360321
10513,333.367837
10514,333.373924
10515,333.378547
10516,333.381689
10517,333.383351
10518,333.383552
10519,333.382330
10520,333.379742
10521,333.375861
10522,333.370776
10523,333.364589
10524,333.357408
10525,333.349347
10526,333.340518
10527,333.331031
10528,333.320991
10529,333.310494
10530,333.299633
10531,333.288488
10532,333.277134
10533,333.265638
10534,333.254056
10535,333.242436
10536,333.230819
10537,333.219235
10538,333.207703
10539,333.196232
10540,333.184821
10541,333.173453
10542,333.162096
10543,333.150700
10544,333.139197
10545,333.127491
10546,333.115511
10547,333.103197
10548,333.090503
10549,333.077392
10550,333.063836
10551,333.049810
10552,333.035296
10553,333.020279
10554,333.004749
10555,332.988698
10556,332.972122
10557,332.955021
10558,332.937398
10559,332.919263
10560,333.116183
10561,333.134623
10562,333.152969
10563,333.171192
10564,333.189251
10565,333.207092
10566,333.224647
10567,333.241834
10568,333.258556
10569,333.274703
10570,333.290157
10571,333.304792
10572,333.318480
10573,333.331100
10574,333.342540
10575,333.352701
10576,333.361498
10577,333.368866
10578,333.374752
10579,333.379125
10580,333.381971
10581,333.383297
10582,333.383126
10583,333.381504
10584,333.378497
10585,333.374189
10586,333.368679
10587,333.362082
10588,333.354518
10589,333.346112
10590,333.336983
10591,333.327245
10592,333.317007
10593,333.306366
10594,333.295410
10595,333.284219
10596,333.272864
10597,333.261405
10598,333.249897
10599,333.238383
10600,333.226897
10601,333.215467
10602,333.204108
10603,333.192825
10604,333.181613
10605,333.170452
10606,333.159307
10607,333.148126
10608,333.136835
10609,333.125339
10610,333.113563
10611,333.101445
10612,333.088938
10613,333.076004
10614,333.062611
10615,333.048736
10616,333.034360
10617,333.019466
10618,333.004044
10619,332.988087
10620,332.971589
10621,332.954551
10622,332.936978
10623,332.918878
10624,333.116077
10625,333.134541
10626,333.152940
10627,333.171246
10628,333.189420
10629,333.207406
10630,333.225133
10631,333.242516
10632,333.259450
10633,333.275818
10634,333.291487
10635,333.306318
10636,333.320170
10637,333.332909
10638,333.344415
10639,333.354583
10640,333.363327
10641,333.370577
10642,333.376285
10643,333.380421
10644,333.382975
10645,333.383956
10646,333.383395
10647,333.381345
10648,333.377878
10649,333.373091
10650,333.367098
10651,333.360026
10652,333.352013
10653,333.343194
10654,333.333700
10655,333.323652
10656,333.313158
10657,333.302317
10658,333.291216
10659,333.279932
10660,333.268530
10661,333.257068
10662,333.245595
10663,333.234149
10664,333.222762
10665,333.211455
10666,333.200240
10667,333.189119
10668,333.178081
10669,333.167105
10670,333.156151
10671,333.145166
10672,333.134072
10673,333.122772
10674,333.111188
10675,333.099257
10676,333.086931
10677,333.074168
10678,333.060938
10679,333.047215
10680,333.032978
10681,333.018213
10682,333.002907
10683,332.987052
10684,332.970645
10685,332.953685
10686,332.936176
10687,332.918130
10688,333.115874
10689,333.134361
10690,333.152819
10691,333.171221
10692,333.189529
10693,333.207686
10694,333.225620
10695,333.243241
10696,333.260440
10697,333.277088
10698,333.293037
10699,333.308130
10700,333.322209
10701,333.335126
10702,333.346749
10703,333.356967
10704,333.365692
10705,333.372854
10706,333.378404
10707,333.382315
10708,333.384578
10709,333.385208
10710,333.384240
10711,333.381733
10712,333.377768
10713,333.372454
10714,333.365918
10715,333.358310
10716,333.349783
10717,333.340492
10718,333.330576
10719,333.320162
10720,333.309363
10721,333.298276
10722,333.286987
10723,333.275568
10724,333.264082
10725,333.252582
10726,333.241111
10727,333.229704
10728,333.218386
10729,333.207176
10730,333.196080
10731,333.185097
10732,333.174212
10733,333.163401
10734,333.152621
10735,333.141815
10736,333.130904
10737,333.119788
10738,333.108386
10739,333.096635
10740,333.084482
10741,333.071888
10742,333.058818
10743,333.045248
10744,333.031154
10745,333.016522
10746,333.001340
10747,332.985598
10748,332.969293
10749,332.952425
10750,332.934998
10751,332.917023
10752,333.115520
10753,333.134026
10754,333.152544
10755,333.171049
10756,333.189502
10757,333.207849
10758,333.226017
10759,333.243912
10760,333.261420
10761,333.278399
10762,333.294688
10763,333.310105
10764,333.324468
10765,333.337613
10766,333.349396
10767,333.359703
10768,333.368439
10769,333.375535
10770,333.380945
10771,333.384640
10772,333.386617
10773,333.386891
10774,333.385502
10775,333.382514
10776,333.378018
10777,333.372131
10778,333.365002
10779,333.356799
10780,333.347703
10781,333.337885
10782,333.327498
10783,333.316676
10784,333.305531
10785,333.294162
10786,333.282651
10787,333.271066
10788,333.259467
10789,333.247900
10790,333.236405
10791,333.225011
10792,333.213740
10793,333.202603
10794,333.191606
10795,333.180741
10796,333.169991
10797,333.159328
10798,333.148707
10799,333.138066
10800,333.127326
10801,333.116383
10802,333.105155
10803,333.093576
10804,333.081593
10805,333.069164
10806,333.056255
10807,333.042838
10808,333.028892
10809,333.014400
10810,332.999348
10811,332.983730
10812,332.967539
10813,332.950777
10814,332.933448
10815,332.915562
10816,333.114956
10817,333.133472
10818,333.152045
10819,333.170651
10820,333.189255
10821,333.207802
10822,333.226219
10823,333.244411
10824,333.262259
10825,333.279611
10826,333.296287
10827,333.312079
10828,333.326774
10829,333.340186
10830,333.352163
10831,333.362585
10832,333.371355
10833,333.378404
10834,333.383687
10835,333.387176
10836,333.388870
10837,333.388787
10838,333.386970
10839,333.383487
10840,333.378434
10841,333.371943
10842,333.364175
10843,333.355330
10844,333.345619
10845,333.335236
10846,333.324344
10847,333.313082
10848,333.301565
10849,333.289889
10850,333.278132
10851,333.266359
10852,333.254625
10853,333.242972
10854,333.231433
10855,333.220034
10856,333.208790
10857,333.197711
10858,333.186795
10859,333.176033
10860,333.165403
10861,333.154875
10862,333.144399
10863,333.133913
10864,333.123333
10865,333.112554
10866,333.101493
10867,333.090081
10868,333.078264
10869,333.065999
10870,333.053250
10871,333.039990
10872,333.026195
10873,333.011848
10874,332.996936
10875,332.981451
10876,332.965387
10877,332.948745
10878,332.931529
10879,332.913751
10880,333.114117
10881,333.132631
10882,333.151248
10883,333.169947
10884,333.188695
10885,333.207438
10886,333.226106
10887,333.244603
10888,333.262803
10889,333.280550
10890,333.297644
10891,333.313844
10892,333.328896
10893,333.342598
10894,333.354787
10895,333.365339
10896,333.374157
10897,333.381171
10898,333.386337
10899,333.389630
10900,333.391048
10901,333.390613
10902,333.388369
10903,333.384387
10904,333.378771
10905,333.371657
10906,333.363226
10907,333.353708
10908,333.343358
10909,333.332390
10910,333.320977
10911,333.309262
10912,333.297359
10913,333.285363
10914,333.273349
10915,333.261378
10916,333.249497
10917,333.237745
10918,333.226150
10919,333.214733
10920,333.203505
10921,333.192470
10922,333.181624
10923,333.170953
10924,333.160432
10925,333.150027
10926,333.139687
10927,333.129346
10928,333.118918
10929,333.108297
10930,333.097397
10931,333.086148
10932,333.074495
10933,333.062393
10934,333.049806
10935,333.036704
10936,333.023065
10937,333.008871
10938,332.994107
10939,332.978766
10940,332.962841
10941,332.946333
10942,332.929247
10943,332.911593
10944,333.112939
10945,333.131431
10946,333.150074
10947,333.168849
10948,333.187724
10949,333.206649
10950,333.225553
10951,333.244340
10952,333.262883
10953,333.281014
10954,333.298521
10955,333.315127
10956,333.330534
10957,333.344522
10958,333.356923
10959,333.367605
10960,333.376474
10961,333.383459
10962,333.388516
10963,333.391621
10964,333.392774
10965,333.391998
10966,333.389340
10967,333.384873
10968,333.378704
10969,333.370979
10970,333.361893
10971,333.351709
10972,333.340728
10973,333.329181
10974,333.317254
10975,333.305091
10976,333.292807
10977,333.280494
10978,333.268223
10979,333.256051
10980,333.244021
10981,333.232167
10982,333.220512
10983,333.209071
10984,333.197851
10985,333.186854
10986,333.176070
10987,333.165481
10988,333.155062
10989,333.144772
10990,333.134560
10991,333.124357
10992,333.114076
10993,333.103608
10994,333.092864
10995,333.081776
10996,333.070285
10997,333.058347
10998,333.045923
10999,333.032984
11000,333.019506
11001,333.005471
11002,332.990865
11003,332.975678
11004,332.959905
11005,332.943545
11006,332.926604
11007,332.909092
11008,333.111355
11009,333.129803
11010,333.148447
11011,333.167271
11012,333.186246
11013,333.205323
11014,333.224432
11015,333.243476
11016,333.262323
11017,333.280798
11018,333.298669
11019,333.315632
11020,333.331357
11021,333.345604
11022,333.358196
11023,333.368997
11024,333.377910
11025,333.384864
11026,333.389815
11027,333.392742
11028,333.393644
11029,333.392547
11030,333.389497
11031,333.384573
11032,333.377887
11033,333.369592
11034,333.359901
11035,333.349103
11036,333.337534
11037,333.325446
11038,333.313034
11039,333.300448
11040,333.287803
11041,333.275188
11042,333.262673
11043,333.250311
11044,333.238139
11045,333.226186
11046,333.214473
11047,333.203008
11048,333.191797
11049,333.180835
11050,333.170109
11051,333.159599
11052,333.149276
11053,333.139097
11054,333.129009
11055,333.118939
11056,333.108800
11057,333.098481
11058,333.087892
11059,333.076962
11060,333.065634
11061,333.053860
11062,333.041602
11063,333.028830
11064,333.015520
11065,333.001652
11066,332.987212
11067,332.972190
11068,332.956581
11069,332.940384
11070,332.923604
11071,332.906252
11072,333.109303
11073,333.127677
11074,333.146290
11075,333.165130
11076,333.184167
11077,333.203355
11078,333.222623
11079,333.241873
11080,333.260967
11081,333.279722
11082,333.297889
11083,333.315141
11084,333.331126
11085,333.345586
11086,333.358334
11087,333.369229
11088,333.378170
11089,333.385086
11090,333.389933
11091,333.392691
11092,333.393359
11093,333.391965
11094,333.388558
11095,333.383219
11096,333.376065
11097,333.367262
11098,333.357034
11099,333.345696
11100,333.333605
11101,333.321033
11102,333.308185
11103,333.295217
11104,333.282246
11105,333.269360
11106,333.256625
11107,333.244091
11108,333.231793
11109,333.219755
11110,333.207992
11111,333.196511
11112,333.185311
11113,333.174386
11114,333.163719
11115,333.153288
11116,333.143060
11117,333.132990
11118,333.123022
11119,333.113084
11120,333.103085
11121,333.092912
11122,333.082477
11123,333.071706
11124,333.060541
11125,333.048933
11126,333.036845
11127,333.024245
11128,333.011108
11129,332.997415
11130,332.983151
11131,332.968305
11132,332.952873
11133,332.936854
11134,332.920251
11135,332.903076
11136,333.106722
11137,333.124990
11138,333.143536
11139,333.162349
11140,333.181402
11141,333.200649
11142,333.220019
11143,333.239410
11144,333.258681
11145,333.277639
11146,333.296022
11147,333.313487
11148,333.329662
11149,333.344277
11150,333.357135
11151,333.368089
11152,333.377036
11153,333.383903
11154,333.388645
11155,333.391242
11156,333.391697
11157,333.390035
11158,333.386311
11159,333.380608
11160,333.373050
11161,333.363809
11162,333.353126
11163,333.341329
11164,333.328796
11165,333.315811
11166,333.302591
11167,333.289297
11168,333.276046
11169,333.262929
11170,333.250009
11171,333.237332
11172,333.224931
11173,333.212827
11174,333.201030
11175,333.189544
11176,333.178366
11177,333.167485
11178,333.156882
11179,333.146532
11180,333.136399
11181,333.126438
11182,333.116591
11183,333.106784
11184,333.096924
11185,333.086898
11186,333.076616
11187,333.066005
11188,333.055004
11189,333.043566
11190,333.031652
11191,333.019229
11192,333.006273
11193,332.992763
11194,332.978685
11195,332.964027
11196,332.948785
11197,332.932957
11198,332.916547
11199,332.899566
11200,333.103560
11201,333.121685
11202,333.140121
11203,333.158860
11204,333.177876
11205,333.197122
11206,333.216527
11207,333.235987
11208,333.255356
11209,333.274433
11210,333.292947
11211,333.310541
11212,333.326830
11213,333.341535
11214,333.354449
11215,333.365423
11216,333.374347
11217,333.381149
11218,333.385784
11219,333.388231
11220,333.388493
11221,333.386598
11222,333.382602
11223,333.376592
11224,333.368698
11225,333.359099
11226,333.348045
11227,333.335878
11228,333.322988
11229,333.309672
11230,333.296154
11231,333.282597
11232,333.269126
11233,333.255827
11234,333.242764
11235,333.229981
11236,333.217508
11237,333.205363
11238,333.193553
11239,333.182080
11240,333.170936
11241,333.160109
11242,333.149578
11243,333.139315
11244,333.129282
11245,333.119433
11246,333.109708
11247,333.100032
11248,333.090312
11249,333.080435
11250,333.070307
11251,333.059857
11252,333.049024
11253,333.037759
11254,333.026023
11255,333.013784
11256,333.001016
11257,332.987698
11258,332.973816
11259,332.959359
11260,332.944319
11261,332.928697
11262,332.912496
11263,332.895726
11264,333.099772
11265,333.117712
11266,333.135993
11267,333.154605
11268,333.173524
11269,333.192704
11270,333.212072
11271,333.231523
11272,333.250905
11273,333.270014
11274,333.288569
11275,333.306205
11276,333.322530
11277,333.337255
11278,333.350169
11279,333.361117
11280,333.369988
11281,333.376708
11282,333.381231
11283,333.383536
11284,333.383628
11285,333.381536
11286,333.377317
11287,333.371061
11288,333.362903
11289,333.353027
11290,333.341691
11291,333.329246
11292,333.316091
11293,333.302530
11294,333.288792
11295,333.275047
11296,333.261419
11297,333.247995
11298,333.234839
11299,333.221993
11300,333.209485
11301,333.197329
11302,333.185532
11303,333.174093
11304,333.163001
11305,333.152242
11306,333.141793
11307,333.131625
11308,333.121699
11309,333.111967
11310,333.102368
11311,333.092826
11312,333.083248
11313,333.073520
11314,333.063550
11315,333.053263
11316,333.042601
11317,333.031514
11318,333.019962
11319,333.007913
11320,332.995341
11321,332.982225
11322,332.968549
11323,332.954303
11324,332.939480
11325,332.924078
11326,332.908102
11327,332.891561
11328,333.095319
11329,333.113032
11330,333.131108
11331,333.149538
11332,333.168298
11333,333.187342
11334,333.206597
11335,333.225955
11336,333.245264
11337,333.264313
11338,333.282819
11339,333.300411
11340,333.316690
11341,333.331364
11342,333.344217
11343,333.355092
11344,333.363876
11345,333.370494
11346,333.374900
11347,333.377073
11348,333.377019
11349,333.374766
11350,333.370374
11351,333.363937
11352,333.355588
11353,333.345520
11354,333.333992
11355,333.321362
11356,333.308034
11357,333.294318
11358,333.280445
11359,333.266589
11360,333.252874
11361,333.239388
11362,333.226194
11363,333.213332
11364,333.200829
11365,333.188698
11366,333.176944
11367,333.165563
11368,333.154543
11369,333.143869
11370,333.133517
11371,333.123454
11372,333.113643
11373,333.104034
11374,333.094565
11375,333.085161
11376,333.075728
11377,333.066152
11378,333.056342
11379,333.046224
11380,333.035737
11381,333.024832
11382,333.013470
11383,333.001618
11384,332.989251
11385,332.976346
11386,332.962888
11387,332.948866
11388,332.934272
11389,332.919106
11390,332.903369
11391,332.887073
11392,333.090174
11393,333.107615
11394,333.125435
11395,333.143625
11396,333.162161
11397,333.180997
11398,333.200060
11399,333.219241
11400,333.238387
11401,333.257285
11402,333.275651
11403,333.293110
11404,333.309262
11405,333.323812
11406,333.336543
11407,333.347296
11408,333.355959
11409,333.362455
11410,333.366738
11411,333.368788
11412,333.368610
11413,333.366235
11414,333.361722
11415,333.355166
11416,333.346703
11417,333.336526
11418,333.324897
11419,333.312177
11420,333.298771
11421,333.284991
11422,333.271071
11423,333.257184
11424,333.243455
11425,333.229973
11426,333.216798
11427,333.203972
11428,333.191518
11429,333.179451
11430,333.167771
11431,333.156476
11432,333.145552
11433,333.134982
11434,333.124740
11435,333.114796
11436,333.105109
11437,333.095630
11438,333.086298
11439,333.077037
11440,333.067753
11441,333.058334
11442,333.048687
11443,333.038740
11444,333.028433
11445,333.017717
11446,333.006552
11447,332.994905
11448,332.982751
11449,332.970067
11450,332.956838
11451,332.943052
11452,332.928702
11453,332.913785
11454,332.898305
11455,332.882270
11456,333.084318
11457,333.101442
11458,333.118953
11459,333.136844
11460,333.155090
11461,333.173645
11462,333.192437
11463,333.211356
11464,333.230249
11465,333.248905
11466,333.267038
11467,333.284276
11468,333.300218
11469,333.314572
11470,333.327118
11471,333.337701
11472,333.346207
11473,333.352560
11474,333.356714
11475,333.358650
11476,333.358372
11477,333.355912
11478,333.351330
11479,333.344720
11480,333.336218
11481,333.326016
11482,333.314378
11483,333.301662
11484,333.288272
11485,333.274522
11486,333.260642
11487,333.246807
11488,333.233139
11489,333.219728
11490,333.206633
11491,333.193896
11492,333.181539
11493,333.169574
11494,333.158004
11495,333.146824
11496,333.136020
11497,333.125575
11498,333.115462
11499,333.105649
11500,333.096098
11501,333.086758
11502,333.077569
11503,333.068456
11504,333.059326
11505,333.050067
11506,333.040588
11507,333.030817
11508,333.020695
11509,333.010174
11510,332.999212
11511,332.987779
11512,332.975848
11513,332.963396
11514,332.950408
11515,332.936871
11516,332.922778
11517,332.908125
11518,332.892916
11519,332.877160
11520,333.077743
11521,333.094503
11522,333.111654
11523,333.129186
11524,333.147076
11525,333.165278
11526,333.183719
11527,333.202291
11528,333.220843
11529,333.239164
11530,333.256974
11531,333.273902
11532,333.289554
11533,333.303637
11534,333.315938
11535,333.326301
11536,333.334614
11537,333.340804
11538,333.344823
11539,333.346653
11540,333.346299
11541,333.343792
11542,333.339191
11543,333.332590
11544,333.324124
11545,333.313983
11546,333.302426
11547,333.289808
11548,333.276531
11549,333.262902
11550,333.249152
11551,333.235450
11552,333.221919
11553,333.208647
11554,333.195693
11555,333.183098
11556,333.170884
11557,333.159064
11558,333.147640
11559,333.136605
11560,333.125947
11561,333.115648
11562,333.105681
11563,333.096015
11564,333.086611
11565,333.077420
11566,333.068382
11567,333.059422
11568,333.050451
11569,333.041357
11570,333.032051
11571,333.022462
11572,333.012531
11573,333.002211
11574,332.991462
11575,332.980251
11576,332.968552
11577,332.956344
11578,332.943609
11579,332.930333
11580,332.916511
11581,332.902137
11582,332.887215
11583,332.871753
11584,333.070448
11585,333.086800
11586,333.103538
11587,333.120654
11588,333.138125
11589,333.155903
11590,333.173916
11591,333.192058
11592,333.210179
11593,333.228076
11594,333.245471
11595,333.262003
11596,333.277282
11597,333.291024
11598,333.303018
11599,333.313113
11600,333.321200
11601,333.327205
11602,333.331082
11603,333.332815
11604,333.332407
11605,333.329889
11606,333.325320
11607,333.318791
11608,333.310435
11609,333.300437
11610,333.289052
11611,333.276627
11612,333.263557
11613,333.250141
11614,333.236607
11615,333.223120
11616,333.209801
11617,333.196735
11618,333.183982
11619,333.171582
11620,333.159558
11621,333.147924
11622,333.136680
11623,333.125822
11624,333.115337
11625,333.105206
11626,333.095405
11627,333.085901
11628,333.076657
11629,333.067624
11630,333.058744
11631,333.049945
11632,333.041138
11633,333.032214
11634,333.023086
11635,333.013685
11636,333.003951
11637,332.993840
11638,332.983312
11639,332.972333
11640,332.960878
11641,332.948925
11642,332.936454
11643,332.923455
11644,332.909917
11645,332.895836
11646,332.881216
11647,332.866064
11648,333.062444
11649,333.078342
11650,333.094618
11651,333.111263
11652,333.128253
11653,333.145539
11654,333.163050
11655,333.180683
11656,333.198290
11657,333.215673
11658,333.232565
11659,333.248614
11660,333.263441
11661,333.276770
11662,333.288399
11663,333.298180
11664,333.306007
11665,333.311808
11666,333.315539
11667,333.317181
11668,333.316740
11669,333.314246
11670,333.309757
11671,333.303361
11672,333.295187
11673,333.285415
11674,333.274290
11675,333.262151
11676,333.249380
11677,333.236269
11678,333.223035
11679,333.209841
11680,333.196803
11681,333.184008
11682,333.171513
11683,333.159360
11684,333.147572
11685,333.136163
11686,333.125136
11687,333.114485
11688,333.104198
11689,333.094259
11690,333.084642
11691,333.075317
11692,333.066246
11693,333.057383
11694,333.048670
11695,333.040038
11696,333.031400
11697,333.022652
11698,333.013707
11699,333.004499
11700,332.994971
11701,332.985078
11702,332.974779
11703,332.964044
11704,332.952844
11705,332.941158
11706,332.928966
11707,332.916256
11708,332.903016
11709,332.889244
11710,332.874940
11711,332.860112
11712,333.053747
11713,333.069148
11714,333.084916
11715,333.101039
11716,333.117491
11717,333.134223
11718,333.151165
11719,333.168212
11720,333.185224
11721,333.202009
11722,333.218312
11723,333.233794
11724,333.248092
11725,333.260943
11726,333.272151
11727,333.281575
11728,333.289112
11729,333.294691
11730,333.298269
11731,333.299829
11732,333.299375
11733,333.296937
11734,333.292572
11735,333.286366
11736,333.278443
11737,333.268975
11738,333.258198
11739,333.246435
11740,333.234053
11741,333.221331
11742,333.208478
11743,333.195650
11744,333.182961
11745,333.170495
11746,333.158313
11747,333.146454
11748,333.134945
11749,333.123800
11750,333.113022
11751,333.102608
11752,333.092547
11753,333.082822
11754,333.073409
11755,333.064279
11756,333.055395
11757,333.046711
11758,333.038174
11759,333.029716
11760,333.021255
11761,333.012687
11762,333.003933
11763,332.994926
11764,332.985612
11765,332.975945
11766,332.965888
11767,332.955407
11768,332.944476
11769,332.933070
11770,332.921171
11771,332.908764
11772,332.895838
11773,332.882388
11774,332.868414
11775,332.853924
11776,333.044380
11777,333.059246
11778,333.074462
11779,333.090017
11780,333.105880
11781,333.122004
11782,333.138315
11783,333.154711
11784,333.171055
11785,333.187164
11786,333.202796
11787,333.217632
11788,333.231330
11789,333.243640
11790,333.254379
11791,333.263408
11792,333.270628
11793,333.275970
11794,333.279392
11795,333.280876
11796,333.280426
11797,333.278073
11798,333.273872
11799,333.267906
11800,333.260297
11801,333.251208
11802,333.240860
11803,333.229559
11804,333.217650
11805,333.205396
11806,333.192996
11807,333.180599
11808,333.168319
11809,333.156237
11810,333.144415
11811,333.132894
11812,333.121703
11813,333.110856
11814,333.100360
11815,333.090211
11816,333.080401
11817,333.070913
11818,333.061724
11819,333.052806
11820,333.044123
11821,333.035632
11822,333.027280
11823,333.019003
11824,333.010724
11825,333.002345
11826,332.993788
11827,332.984991
11828,332.975901
11829,332.966473
11830,332.956669
11831,332.946456
11832,332.935807
11833,332.924696
11834,332.913105
11835,332.901016
11836,332.888418
11837,332.875305
11838,332.861675
11839,332.847534
11840,333.034371
11841,333.048665
11842,333.063292
11843,333.078239
11844,333.093473
11845,333.108943
11846,333.124574
11847,333.140264
11848,333.155879
11849,333.171244
11850,333.186132
11851,333.200252
11852,333.213287
11853,333.225006
11854,333.235234
11855,333.243839
11856,333.250722
11857,333.255815
11858,333.259078
11859,333.260491
11860,333.260060
11861,333.257815
11862,333.253810
11863,333.248128
11864,333.240885
11865,333.232238
11866,333.222393
11867,333.211632
11868,333.200271
11869,333.188553
11870,333.176667
11871,333.164756
11872,333.152933
11873,333.141280
11874,333.129860
11875,333.118715
11876,333.107876
11877,333.097360
11878,333.087174
11879,333.077318
11880,333.067783
11881,333.058554
11882,333.049609
11883,333.040921
11884,333.032455
11885,333.024170
11886,333.016015
11887,333.007929
11888,332.999840
11889,332.991656
11890,332.983306
11891,332.974730
11892,332.965876
11893,332.956700
11894,332.947163
11895,332.937234
11896,332.926882
11897,332.916083
11898,332.904815
11899,332.893061
11900,332.880806
11901,332.868044
11902,332.854770
11903,332.840991
11904,333.023752
11905,333.037441
11906,333.051447
11907,333.065755
11908,333.080327
11909,333.095109
11910,333.110024
11911,333.124969
11912,333.139812
11913,333.154384
11914,333.168474
11915,333.181821
11916,333.194148
11917,333.205241
11918,333.214931
11919,333.223091
11920,333.229624
11921,333.234463
11922,333.237565
11923,333.238912
11924,333.238511
11925,333.236390
11926,333.232604
11927,333.227235
11928,333.220397
11929,333.212238
11930,333.202955
11931,333.192796
11932,333.182038
11933,333.170907
11934,333.159579
11935,333.148196
11936,333.136869
11937,333.125680
11938,333.114694
11939,333.103957
11940,333.093500
11941,333.083343
11942,333.073494
11943,333.063955
11944,333.054718
11945,333.045770
11946,333.037090
11947,333.028651
11948,333.020420
11949,333.012356
11950,333.004411
11951,332.996528
11952,332.988639
11953,332.980663
11954,332.972533
11955,332.964191
11956,332.955588
11957,332.946679
11958,332.937426
11959,332.927797
11960,332.917760
11961,332.907290
11962,332.896363
11963,332.884961
11964,332.873067
11965,332.860670
11966,332.847766
11967,332.834356
11968,333.012551
11969,333.025607
11970,333.038968
11971,333.052614
11972,333.066504
11973,333.080579
11974,333.094759
11975,333.108940
11976,333.122992
11977,333.136751
11978,333.150021
11979,333.162574
11980,333.174175
11981,333.184628
11982,333.193772
11983,333.201480
11984,333.207659
11985,333.212241
11986,333.215183
11987,333.216469
11988,333.216103
11989,333.214114
11990,333.210559
11991,333.205517
11992,333.199100
11993,333.191452
11994,333.182755
11995,333.173226
11996,333.163099
11997,333.152578
11998,333.141834
11999,333.131003
12000,333.120195
12001,333.109495
12002,333.098969
12003,333.088663
12004,333.078612
12005,333.068837
12006,333.059349
12007,333.050150
12008,333.041234
12009,333.032588
12010,333.024194
12011,333.016024
12012,333.008048
12013,333.000225
12014,332.992509
12015,332.984846
12016,332.977173
12017,332.969421
12018,332.961529
12019,332.953439
12020,332.945105
12021,332.936482
12022,332.927531
12023,332.918220
12024,332.908518
12025,332.898396
12026,332.887831
12027,332.876800
12028,332.865285
12029,332.853271
12030,332.840747
12031,332.827714
12032,333.000795
12033,333.013195
12034,333.025894
12035,333.038866
12036,333.052065
12037,333.065427
12038,333.078870
12039,333.092289
12040,333.105556
12041,333.118516
12042,333.130988
12043,333.142771
12044,333.153666
12045,333.163491
12046,333.172097
12047,333.179361
12048,333.185190
12049,333.189519
12050,333.192305
12051,333.193530
12052,333.193201
12053,333.191347
12054,333.188021
12055,333.183303
12056,333.177302
12057,333.170154
12058,333.162025
12059,333.153108
12060,333.143600
12061,333.133688
12062,333.123530
12063,333.113258
12064,333.102981
12065,333.092784
12066,333.082733
12067,333.072877
12068,333.063251
12069,333.053878
12070,333.044770
12071,333.035932
12072,333.027357
12073,333.019036
12074,333.010948
12075,333.003070
12076,332.995370
12077,332.987811
12078,332.980347
12079,332.972929
12080,332.965498
12081,332.957995
12082,332.950363
12083,332.942548
12084,332.934503
12085,332.926187
12086,332.917560
12087,332.908588
12088,332.899241
12089,332.889490
12090,332.879308
12091,332.868672
12092,332.857557
12093,332.845944
12094,332.833817
12095,332.821167
12096,332.988503
12097,333.000229
12098,333.012260
12099,333.024556
12100,333.037067
12101,333.049724
12102,333.062443
12103,333.075119
12104,333.087629
12105,333.099825
12106,333.111543
12107,333.122604
12108,333.132831
12109,333.142060
12110,333.150151
12111,333.156989
12112,333.162482
12113,333.166566
12114,333.169200
12115,333.170367
12116,333.170073
12117,333.168345
12118,333.165238
12119,333.160829
12120,333.155220
12121,333.148540
12122,333.140942
12123,333.132595
12124,333.123674
12125,333.114346
12126,333.104760
12127,333.095040
12128,333.085293
12129,333.075603
12130,333.066035
12131,333.056640
12132,333.047453
12133,333.038498
12134,333.029788
12135,333.021329
12136,333.013116
12137,333.005139
12138,332.997380
12139,332.989816
12140,332.982416
12141,332.975146
12142,332.967961
12143,332.960816
12144,332.953657
12145,332.946432
12146,332.939086
12147,332.931570
12148,332.923840
12149,332.915853
12150,332.907572
12151,332.898963
12152,332.889995
12153,332.880638
12154,332.870864
12155,332.860646
12156,332.849958
12157,332.838772
12158,332.827061
12159,332.814803
12160,332.975677
12161,332.986725
12162,332.998090
12163,333.009722
12164,333.021558
12165,333.033529
12166,333.045549
12167,333.057515
12168,333.069308
12169,333.080790
12170,333.091809
12171,333.102204
12172,333.111814
12173,333.120491
12174,333.128102
12175,333.134538
12176,333.139714
12177,333.143566
12178,333.146055
12179,333.147164
12180,333.146898
12181,333.145286
12182,333.142379
12183,333.138251
12184,333.132999
12185,333.126745
12186,333.119628
12187,333.111800
12188,333.103421
12189,333.094642
12190,333.085600
12191,333.076415
12192,333.067187
12193,333.058000
12194,333.048918
12195,333.039989
12196,333.031251
12197,333.022727
12198,333.014431
12199,333.006367
12200,332.998535
12201,332.990922
12202,332.983514
12203,332.976287
12204,332.969213
12205,332.962257
12206,332.955381
12207,332.948538
12208,332.941683
12209,332.934764
12210,332.927733
12211,332.920544
12212,332.913153
12213,332.905520
12214,332.897610
12215,332.889387
12216,332.880822
12217,332.871885
12218,332.862546
12219,332.852778
12220,332.842548
12221,332.831823
12222,332.820562
12223,332.808716
12224,332.962297
12225,332.972683
12226,332.983407
12227,332.994395
12228,333.005580
12229,333.016891
12230,333.028243
12231,333.039538
12232,333.050662
12233,333.061486
12234,333.071867
12235,333.081656
12236,333.090705
12237,333.098877
12238,333.106048
12239,333.112114
12240,333.116995
12241,333.120630
12242,333.122980
12243,333.124031
12244,333.123787
12245,333.122276
12246,333.119545
12247,333.115666
12248,333.110731
12249,333.104854
12250,333.098163
12251,333.090801
12252,333.082913
12253,333.074639
12254,333.066107
12255,333.057432
12256,333.048709
12257,333.040017
12258,333.031417
12259,333.022959
12260,333.014676
12261,333.006593
12262,332.998724
12263,332.991072
12264,332.983637
12265,332.976409
12266,332.969372
12267,332.962505
12268,332.955781
12269,332.949168
12270,332.942627
12271,332.936119
12272,332.929596
12273,332.923015
12274,332.916328
12275,332.909493
12276,332.902468
12277,332.895214
12278,332.887698
12279,332.879886
12280,332.871750
12281,332.863258
12282,332.854384
12283,332.845098
12284,332.835367
12285,332.825150
12286,332.814396
12287,332.803018
12288,332.790019
12289,332.591914
12290,332.800574
12291,332.718089
12292,332.783683
12293,332.584775
12294,332.793001
12295,332.710839
12296,332.420451
12297,332.226480
12298,332.429537
12299,332.349414
